22.744280910952355 1.826916217803955
22.744280910952355 1.924241065979004
22.744280910952355 1.8723530769348145
22.744280910952355 1.7983770370483398
22.744280910952355 1.7982299327850342
22.744280910952355 1.7953314781188965
22.744280910952355 1.947131633758545
22.744280910952355 2.0317583084106445
22.744280910952355 1.9125840663909912
22.744280910952355 1.9131965637207031
22.744280910952355 1.8338110446929932
22.744280910952355 1.74324631690979
22.744280910952355 1.7849233150482178
22.744280910952355 1.834989070892334
22.744280910952355 1.7933933734893799
22.744280910952355 1.7671644687652588
22.744280910952355 1.7805819511413574
22.744280910952355 1.7890808582305908
22.744280910952355 1.7877633571624756
22.744280910952355 1.7981457710266113
22.744280910952355 1.8059532642364502
22.744280910952355 1.7574090957641602
22.744280910952355 1.8024787902832031
22.744280910952355 1.785895824432373
22.744280910952355 1.787397861480713
22.744280910952355 1.9266095161437988
22.744280910952355 1.803419589996338
22.744280910952355 1.8162267208099365
22.744280910952355 1.880350112915039
22.744280910952355 1.74550199508667
22.744280910952355 1.7680840492248535
22.744280910952355 1.7819390296936035
22.744280910952355 1.8319807052612305
22.744280910952355 1.9128432273864746
22.744280910952355 2.0579335689544678
22.744280910952355 2.1254138946533203
22.744280910952355 1.9481115341186523
22.744280910952355 1.8010749816894531
22.744280910952355 1.7563002109527588
22.744280910952355 1.7667584419250488
22.744280910952355 1.810845136642456
22.744280910952355 1.9049477577209473
22.744280910952355 1.817943811416626
22.744280910952355 1.7995707988739014
22.744280910952355 1.79111909866333
22.744280910952355 1.9024367332458496
22.744280910952355 1.835618019104004
22.744280910952355 1.774458408355713
22.744280910952355 1.7612357139587402
22.744280910952355 1.8038742542266846
