774.6002960494509 4.865819454193115
774.6002960494509 4.702764987945557
774.6002960494509 4.823129415512085
774.6002960494509 4.848627090454102
774.6002960494509 4.863802909851074
774.6002960494509 4.800947904586792
774.6002960494509 4.93346381187439
774.6002960494509 5.0564024448394775
774.6002960494509 4.76601767539978
774.6002960494509 4.89709997177124
774.6002960494509 4.828110218048096
774.6002960494509 4.661385774612427
774.6002960494509 4.776467561721802
774.6002960494509 4.769047260284424
774.6002960494509 4.71011757850647
774.6002960494509 4.677579402923584
774.6002960494509 4.673062562942505
774.6002960494509 4.76607346534729
774.6002960494509 4.703919410705566
774.6002960494509 4.735713243484497
774.6002960494509 4.876276016235352
774.6002960494509 4.978940010070801
774.6002960494509 5.080836772918701
774.6002960494509 4.950049161911011
774.6002960494509 4.85132098197937
774.6002960494509 4.738157510757446
774.6002960494509 4.76235556602478
774.6002960494509 4.808818817138672
774.6002960494509 4.69640851020813
774.6002960494509 4.771821022033691
774.6002960494509 4.724605321884155
774.6002960494509 4.7498955726623535
774.6002960494509 4.839266061782837
774.6002960494509 4.754048109054565
774.6002960494509 4.724830627441406
774.6002960494509 4.71961784362793
774.6002960494509 4.782613039016724
774.6002960494509 4.764374017715454
774.6002960494509 4.659897327423096
774.6002960494509 4.7358715534210205
774.6002960494509 4.598660230636597
774.6002960494509 4.6707212924957275
774.6002960494509 4.683452606201172
774.6002960494509 4.699170112609863
774.6002960494509 4.767885684967041
774.6002960494509 4.760068893432617
774.6002960494509 4.786005258560181
774.6002960494509 4.777634859085083
774.6002960494509 4.738404035568237
774.6002960494509 4.677980661392212
