379.07580421134895 12.905431032180786
379.07580421134895 12.89535927772522
379.07580421134895 12.869884729385376
379.07580421134895 12.90983533859253
379.07580421134895 12.880744218826294
379.07580421134895 12.764648675918579
379.07580421134895 12.842618703842163
379.07580421134895 12.872821807861328
379.07580421134895 12.93007206916809
379.07580421134895 12.878850221633911
379.07580421134895 12.76065707206726
379.07580421134895 12.921770334243774
379.07580421134895 12.867871046066284
379.07580421134895 12.930823802947998
379.07580421134895 12.893249034881592
379.07580421134895 12.926055669784546
379.07580421134895 12.910335540771484
379.07580421134895 12.975661277770996
379.07580421134895 12.857050895690918
379.07580421134895 12.903515100479126
379.07580421134895 12.904760360717773
379.07580421134895 12.903075695037842
379.07580421134895 12.904987096786499
379.07580421134895 12.885698556900024
379.07580421134895 12.852717638015747
379.07580421134895 12.868971824645996
379.07580421134895 13.017489194869995
379.07580421134895 12.957804441452026
379.07580421134895 12.95087218284607
379.07580421134895 13.52454948425293
379.07580421134895 13.761178016662598
379.07580421134895 12.894373893737793
379.07580421134895 12.879692792892456
379.07580421134895 12.929853916168213
379.07580421134895 12.877301216125488
379.07580421134895 12.926745891571045
379.07580421134895 12.968907117843628
379.07580421134895 12.86340856552124
379.07580421134895 12.891897201538086
379.07580421134895 12.873825788497925
379.07580421134895 12.870731830596924
379.07580421134895 12.813526630401611
379.07580421134895 12.81147050857544
379.07580421134895 12.892944812774658
379.07580421134895 12.870322465896606
379.07580421134895 12.890990495681763
379.07580421134895 12.967665195465088
379.07580421134895 12.889581680297852
379.07580421134895 13.341537475585938
379.07580421134895 12.824135780334473
