801.688266410878 7.320248126983643
801.688266410878 7.454164028167725
801.688266410878 7.431501150131226
801.688266410878 7.4180006980896
801.688266410878 7.4004905223846436
801.688266410878 7.412517547607422
801.688266410878 7.390767812728882
801.688266410878 7.40783953666687
801.688266410878 7.392331123352051
801.688266410878 7.403295993804932
801.688266410878 7.441636323928833
801.688266410878 7.4779298305511475
801.688266410878 7.427531003952026
801.688266410878 7.4340667724609375
801.688266410878 7.419468641281128
801.688266410878 7.4724109172821045
801.688266410878 7.36987042427063
801.688266410878 7.44905161857605
801.688266410878 7.458567142486572
801.688266410878 7.465909719467163
801.688266410878 7.387561559677124
801.688266410878 7.4522082805633545
801.688266410878 7.4110798835754395
801.688266410878 7.496647357940674
801.688266410878 7.44167160987854
801.688266410878 7.442215442657471
801.688266410878 7.389078378677368
801.688266410878 7.424636602401733
801.688266410878 7.39838171005249
801.688266410878 7.4502832889556885
801.688266410878 7.381062030792236
801.688266410878 7.4552671909332275
801.688266410878 7.4523396492004395
801.688266410878 7.491183280944824
801.688266410878 7.366361618041992
801.688266410878 7.49060845375061
801.688266410878 7.3853983879089355
801.688266410878 7.430150270462036
801.688266410878 7.394741773605347
801.688266410878 7.492719888687134
801.688266410878 7.435126781463623
801.688266410878 7.430588483810425
801.688266410878 7.397545337677002
801.688266410878 7.436086416244507
801.688266410878 7.4050774574279785
801.688266410878 7.466281175613403
801.688266410878 7.465194940567017
801.688266410878 7.405963897705078
801.688266410878 7.314560651779175
801.688266410878 7.4057111740112305
