16.6529244280764 8.7355797290802
16.6529244280764 8.760958909988403
16.6529244280764 8.739449501037598
16.6529244280764 8.77848219871521
16.6529244280764 8.756533145904541
16.6529244280764 8.721609592437744
16.6529244280764 8.697555541992188
16.6529244280764 8.779266119003296
16.6529244280764 8.732792377471924
16.6529244280764 8.753843307495117
16.6529244280764 8.73625659942627
16.6529244280764 8.7237868309021
16.6529244280764 8.759253978729248
16.6529244280764 8.793689489364624
16.6529244280764 8.712495565414429
16.6529244280764 8.72894835472107
16.6529244280764 8.68780255317688
16.6529244280764 8.832973003387451
16.6529244280764 8.769269466400146
16.6529244280764 8.810673713684082
16.6529244280764 8.7525634765625
16.6529244280764 8.757233142852783
16.6529244280764 8.779957056045532
16.6529244280764 8.800300359725952
16.6529244280764 8.72712516784668
16.6529244280764 8.810485124588013
16.6529244280764 8.764107704162598
16.6529244280764 8.64827585220337
16.6529244280764 8.685012340545654
16.6529244280764 8.807429075241089
16.6529244280764 8.72933030128479
16.6529244280764 8.776066780090332
16.6529244280764 8.728768825531006
16.6529244280764 8.776690006256104
16.6529244280764 8.81631851196289
16.6529244280764 8.791173696517944
16.6529244280764 8.727251291275024
16.6529244280764 8.760341882705688
16.6529244280764 8.727561235427856
16.6529244280764 8.78023386001587
16.6529244280764 8.710069179534912
16.6529244280764 8.782352924346924
16.6529244280764 8.77147102355957
16.6529244280764 8.752285242080688
16.6529244280764 8.759854793548584
16.6529244280764 8.740379810333252
16.6529244280764 8.688271760940552
16.6529244280764 8.764456748962402
16.6529244280764 8.713874340057373
16.6529244280764 8.726263046264648
