341.3213634444215 27.000980615615845
341.3213634444215 27.127344369888306
341.3213634444215 27.17283797264099
341.3213634444215 27.091830015182495
341.3213634444215 26.920564651489258
341.3213634444215 26.99049139022827
341.3213634444215 27.01237392425537
341.3213634444215 26.99922823905945
341.3213634444215 27.06048035621643
341.3213634444215 27.056386470794678
341.3213634444215 27.0963454246521
341.3213634444215 27.14755368232727
341.3213634444215 27.176701307296753
341.3213634444215 27.021608591079712
341.3213634444215 27.00430941581726
341.3213634444215 27.17125391960144
341.3213634444215 27.15565323829651
341.3213634444215 27.091734409332275
341.3213634444215 27.132771730422974
341.3213634444215 27.043187379837036
341.3213634444215 27.06555938720703
341.3213634444215 26.95979928970337
341.3213634444215 27.053730964660645
341.3213634444215 27.21355652809143
341.3213634444215 27.264745473861694
341.3213634444215 26.917217254638672
341.3213634444215 26.957356929779053
341.3213634444215 27.141456127166748
341.3213634444215 27.120654106140137
341.3213634444215 27.058295249938965
341.3213634444215 26.96296787261963
341.3213634444215 27.052703142166138
341.3213634444215 27.081446170806885
341.3213634444215 27.139553785324097
341.3213634444215 27.02991032600403
341.3213634444215 27.182945013046265
341.3213634444215 27.048780918121338
341.3213634444215 27.083303689956665
341.3213634444215 27.200496196746826
341.3213634444215 27.09671640396118
341.3213634444215 27.081913232803345
341.3213634444215 26.869542121887207
341.3213634444215 26.987133502960205
341.3213634444215 26.976380109786987
341.3213634444215 27.014063358306885
341.3213634444215 27.42810559272766
341.3213634444215 27.08964204788208
341.3213634444215 27.127162218093872
341.3213634444215 27.137938499450684
341.3213634444215 26.987590074539185
