14.664518696771726 24.034979343414307
14.664518696771726 24.179536819458008
14.664518696771726 24.0545015335083
14.664518696771726 24.06077766418457
14.664518696771726 24.159607410430908
14.664518696771726 24.27731204032898
14.664518696771726 24.194523334503174
14.664518696771726 24.189273357391357
14.664518696771726 24.190037727355957
14.664518696771726 24.256675243377686
14.664518696771726 24.182758808135986
14.664518696771726 24.24519634246826
14.664518696771726 24.302632808685303
14.664518696771726 24.15501618385315
14.664518696771726 24.2809317111969
14.664518696771726 24.202664852142334
14.664518696771726 24.122164726257324
14.664518696771726 24.147494077682495
14.664518696771726 24.12597131729126
14.664518696771726 24.111485242843628
14.664518696771726 24.165771961212158
14.664518696771726 24.125383853912354
14.664518696771726 24.125765085220337
14.664518696771726 24.162768602371216
14.664518696771726 24.12162446975708
14.664518696771726 24.143816232681274
14.664518696771726 24.25043272972107
14.664518696771726 24.164456367492676
14.664518696771726 24.128982305526733
14.664518696771726 24.15860915184021
14.664518696771726 24.0926775932312
14.664518696771726 24.129148960113525
14.664518696771726 24.24270486831665
14.664518696771726 24.24403738975525
14.664518696771726 24.086263179779053
14.664518696771726 24.09362292289734
14.664518696771726 24.30016851425171
14.664518696771726 24.12151336669922
14.664518696771726 24.19299817085266
14.664518696771726 24.071510314941406
14.664518696771726 24.165104389190674
14.664518696771726 24.141082525253296
14.664518696771726 24.08518362045288
14.664518696771726 24.215365648269653
14.664518696771726 24.081244707107544
14.664518696771726 24.232985734939575
14.664518696771726 24.113919973373413
14.664518696771726 24.240869998931885
14.664518696771726 24.300016164779663
14.664518696771726 24.247329711914062
