898.0218919090634 21.503437757492065
898.0218919090634 21.452409505844116
898.0218919090634 21.367431640625
898.0218919090634 21.411499500274658
898.0218919090634 21.427161693572998
898.0218919090634 21.41046404838562
898.0218919090634 21.416000604629517
898.0218919090634 21.36888575553894
898.0218919090634 21.341879844665527
898.0218919090634 21.42886233329773
898.0218919090634 21.352656841278076
898.0218919090634 21.39466667175293
898.0218919090634 21.338513612747192
898.0218919090634 21.36804699897766
898.0218919090634 21.384860277175903
898.0218919090634 21.42953872680664
898.0218919090634 21.34828519821167
898.0218919090634 21.305662631988525
898.0218919090634 21.355478525161743
898.0218919090634 21.36672067642212
898.0218919090634 21.355626821517944
898.0218919090634 21.42098307609558
898.0218919090634 21.382344484329224
898.0218919090634 21.26596212387085
898.0218919090634 21.390318155288696
898.0218919090634 21.319361448287964
898.0218919090634 21.407485008239746
898.0218919090634 21.376455783843994
898.0218919090634 21.406991004943848
898.0218919090634 21.451671361923218
898.0218919090634 21.47399592399597
898.0218919090634 21.45136046409607
898.0218919090634 21.348114252090454
898.0218919090634 21.486772775650024
898.0218919090634 21.375455856323242
898.0218919090634 21.334256172180176
898.0218919090634 21.304080486297607
898.0218919090634 21.29402995109558
898.0218919090634 21.295893669128418
898.0218919090634 21.380532264709473
898.0218919090634 21.345697164535522
898.0218919090634 21.386342525482178
898.0218919090634 21.258318424224854
898.0218919090634 21.430150985717773
898.0218919090634 21.44168710708618
898.0218919090634 21.437673568725586
898.0218919090634 21.393609046936035
898.0218919090634 21.364047527313232
898.0218919090634 21.416289567947388
898.0218919090634 21.564810037612915
