3.990287646237268 33.000919342041016
3.990287646237268 33.08654737472534
3.990287646237268 32.921523332595825
3.990287646237268 32.96814489364624
3.990287646237268 32.9886429309845
3.990287646237268 32.939903259277344
3.990287646237268 33.11020541191101
3.990287646237268 33.0620698928833
3.990287646237268 33.09053611755371
3.990287646237268 33.001675844192505
3.990287646237268 33.09134268760681
3.990287646237268 33.05444312095642
3.990287646237268 33.016894817352295
3.990287646237268 33.05985760688782
3.990287646237268 33.09476447105408
3.990287646237268 32.99735379219055
3.990287646237268 33.06540036201477
3.990287646237268 33.162697315216064
3.990287646237268 32.95565629005432
3.990287646237268 33.08568096160889
3.990287646237268 33.103511810302734
3.990287646237268 33.12940526008606
3.990287646237268 32.882596254348755
3.990287646237268 33.070884466171265
3.990287646237268 33.03917860984802
3.990287646237268 33.01510405540466
3.990287646237268 33.17000102996826
3.990287646237268 32.976881980895996
3.990287646237268 33.14073729515076
3.990287646237268 32.92712712287903
3.990287646237268 33.07608151435852
3.990287646237268 33.00855827331543
3.990287646237268 33.0679132938385
3.990287646237268 33.01015281677246
3.990287646237268 32.98825478553772
3.990287646237268 33.017799854278564
3.990287646237268 33.098724365234375
3.990287646237268 33.09508299827576
3.990287646237268 33.08927774429321
3.990287646237268 33.03930926322937
3.990287646237268 32.97850298881531
3.990287646237268 32.98481822013855
3.990287646237268 32.969013690948486
3.990287646237268 32.91665601730347
3.990287646237268 32.987542390823364
3.990287646237268 33.065539836883545
3.990287646237268 33.19553208351135
3.990287646237268 32.88569355010986
3.990287646237268 33.04681921005249
3.990287646237268 32.99243474006653
