645.7416833938595 24.650872468948364
645.7416833938595 24.608440399169922
645.7416833938595 24.446264266967773
645.7416833938595 24.31725239753723
645.7416833938595 24.303678274154663
645.7416833938595 24.335463523864746
645.7416833938595 24.476126432418823
645.7416833938595 24.62382411956787
645.7416833938595 24.370063304901123
645.7416833938595 24.397414684295654
645.7416833938595 24.39500904083252
645.7416833938595 24.315239667892456
645.7416833938595 24.25096869468689
645.7416833938595 24.466604709625244
645.7416833938595 24.44085144996643
645.7416833938595 24.371906042099
645.7416833938595 24.503485441207886
645.7416833938595 24.444756031036377
645.7416833938595 24.43033266067505
645.7416833938595 24.54311776161194
645.7416833938595 25.028746604919434
645.7416833938595 24.601129293441772
645.7416833938595 24.546335697174072
645.7416833938595 24.705899953842163
645.7416833938595 24.629557847976685
645.7416833938595 24.40750789642334
645.7416833938595 24.478988647460938
645.7416833938595 24.46258521080017
645.7416833938595 24.348761558532715
645.7416833938595 24.39937472343445
645.7416833938595 24.413682460784912
645.7416833938595 24.490381956100464
645.7416833938595 24.428959369659424
645.7416833938595 24.43666410446167
645.7416833938595 24.380039930343628
645.7416833938595 24.524760484695435
645.7416833938595 24.44570279121399
645.7416833938595 24.36669158935547
645.7416833938595 24.28474712371826
645.7416833938595 24.340139150619507
645.7416833938595 24.491729021072388
645.7416833938595 24.476295232772827
645.7416833938595 24.38240337371826
645.7416833938595 24.554003715515137
645.7416833938595 24.441925048828125
645.7416833938595 24.48278498649597
645.7416833938595 24.395217180252075
645.7416833938595 24.412986040115356
645.7416833938595 24.300645112991333
645.7416833938595 24.380783557891846
