1365.0633039469421 44.145891189575195
1365.0633039469421 44.140188217163086
1365.0633039469421 44.25010943412781
1365.0633039469421 44.34846591949463
1365.0633039469421 44.340365171432495
1365.0633039469421 44.267802238464355
1365.0633039469421 44.339189529418945
1365.0633039469421 44.30777454376221
1365.0633039469421 44.244070053100586
1365.0633039469421 44.244587421417236
1365.0633039469421 44.24775409698486
1365.0633039469421 44.26490902900696
1365.0633039469421 44.10513997077942
1365.0633039469421 44.063862323760986
1365.0633039469421 44.20280838012695
1365.0633039469421 44.02719163894653
1365.0633039469421 44.580634117126465
1365.0633039469421 44.321134090423584
1365.0633039469421 44.05903220176697
1365.0633039469421 43.98313641548157
1365.0633039469421 44.13398241996765
1365.0633039469421 44.17467975616455
1365.0633039469421 44.136720180511475
1365.0633039469421 44.28011131286621
1365.0633039469421 44.1483633518219
1365.0633039469421 44.020695209503174
1365.0633039469421 44.10933589935303
1365.0633039469421 44.18449687957764
1365.0633039469421 44.04271912574768
1365.0633039469421 44.22773885726929
1365.0633039469421 44.207563400268555
1365.0633039469421 44.37086844444275
1365.0633039469421 44.15044116973877
1365.0633039469421 44.2019476890564
1365.0633039469421 44.13336539268494
1365.0633039469421 44.29773831367493
1365.0633039469421 44.3032500743866
1365.0633039469421 44.21841859817505
1365.0633039469421 44.18172740936279
1365.0633039469421 44.362595319747925
1365.0633039469421 45.177356481552124
1365.0633039469421 43.978455543518066
1365.0633039469421 44.206772804260254
1365.0633039469421 44.128535747528076
1365.0633039469421 44.18589234352112
1365.0633039469421 44.269206285476685
1365.0633039469421 44.302884578704834
1365.0633039469421 44.41186761856079
1365.0633039469421 44.1146183013916
1365.0633039469421 44.2208206653595
