1107.439822895725 25.623748540878296
1107.439822895725 25.734312772750854
1107.439822895725 25.573630809783936
1107.439822895725 25.707377433776855
1107.439822895725 25.72222876548767
1107.439822895725 25.751094579696655
1107.439822895725 25.72279119491577
1107.439822895725 25.658525943756104
1107.439822895725 25.553422689437866
1107.439822895725 25.600337982177734
1107.439822895725 25.67084503173828
1107.439822895725 25.700270891189575
1107.439822895725 25.65779709815979
1107.439822895725 25.738205909729004
1107.439822895725 25.728893756866455
1107.439822895725 25.662148475646973
1107.439822895725 25.70137071609497
1107.439822895725 25.691790342330933
1107.439822895725 25.787484645843506
1107.439822895725 25.69164490699768
1107.439822895725 25.693821907043457
1107.439822895725 25.77160143852234
1107.439822895725 25.680788278579712
1107.439822895725 25.702494144439697
1107.439822895725 25.76067042350769
1107.439822895725 25.794363260269165
1107.439822895725 25.793063640594482
1107.439822895725 25.614458322525024
1107.439822895725 25.728030681610107
1107.439822895725 25.577054023742676
1107.439822895725 25.717024326324463
1107.439822895725 25.679027557373047
1107.439822895725 25.636138200759888
1107.439822895725 25.64510941505432
1107.439822895725 25.694711923599243
1107.439822895725 25.624754667282104
1107.439822895725 25.740771293640137
1107.439822895725 25.639597415924072
1107.439822895725 25.717803716659546
1107.439822895725 25.71209168434143
1107.439822895725 25.750163078308105
1107.439822895725 25.721505403518677
1107.439822895725 25.657679796218872
1107.439822895725 25.77778148651123
1107.439822895725 25.749472618103027
1107.439822895725 25.61343240737915
1107.439822895725 25.706395864486694
1107.439822895725 25.6130268573761
1107.439822895725 25.694527626037598
1107.439822895725 25.64428949356079
