11.520545254305164 34.794084787368774
11.520545254305164 34.77951645851135
11.520545254305164 34.71796441078186
11.520545254305164 34.83893036842346
11.520545254305164 34.78391170501709
11.520545254305164 34.81108903884888
11.520545254305164 34.85961198806763
11.520545254305164 34.90089511871338
11.520545254305164 34.91590619087219
11.520545254305164 34.801905393600464
11.520545254305164 34.73218274116516
11.520545254305164 34.806944131851196
11.520545254305164 34.86361074447632
11.520545254305164 34.9056715965271
11.520545254305164 34.809860944747925
11.520545254305164 34.95412850379944
11.520545254305164 34.84956645965576
11.520545254305164 34.8978796005249
11.520545254305164 34.95381021499634
11.520545254305164 34.91168451309204
11.520545254305164 34.790743827819824
11.520545254305164 34.79645395278931
11.520545254305164 34.63261699676514
11.520545254305164 34.90064787864685
11.520545254305164 34.83996605873108
11.520545254305164 35.06718730926514
11.520545254305164 34.83116912841797
11.520545254305164 34.76586174964905
11.520545254305164 34.82600736618042
11.520545254305164 34.795724868774414
11.520545254305164 34.76033973693848
11.520545254305164 34.86036992073059
11.520545254305164 34.97441220283508
11.520545254305164 34.79838538169861
11.520545254305164 34.752198457717896
11.520545254305164 34.85240936279297
11.520545254305164 34.69067072868347
11.520545254305164 34.82965850830078
11.520545254305164 34.71028113365173
11.520545254305164 34.812588691711426
11.520545254305164 34.77542996406555
11.520545254305164 34.823894023895264
11.520545254305164 34.797614336013794
11.520545254305164 34.885679721832275
11.520545254305164 34.974629163742065
11.520545254305164 34.78521513938904
11.520545254305164 34.72050428390503
11.520545254305164 34.751089334487915
11.520545254305164 34.72360897064209
11.520545254305164 34.90307259559631
