1.1361822866107254 25.2369704246521
1.1361822866107254 25.163415670394897
1.1361822866107254 25.263283729553223
1.1361822866107254 25.157363891601562
1.1361822866107254 25.180525064468384
1.1361822866107254 25.111976861953735
1.1361822866107254 25.194215297698975
1.1361822866107254 25.10365867614746
1.1361822866107254 25.202762842178345
1.1361822866107254 25.236999988555908
1.1361822866107254 25.18277096748352
1.1361822866107254 25.165939569473267
1.1361822866107254 25.21811056137085
1.1361822866107254 25.249806880950928
1.1361822866107254 25.216808319091797
1.1361822866107254 25.21339726448059
1.1361822866107254 25.12866735458374
1.1361822866107254 25.175657987594604
1.1361822866107254 25.268938541412354
1.1361822866107254 25.21498394012451
1.1361822866107254 25.26877522468567
1.1361822866107254 25.297661304473877
1.1361822866107254 25.292028427124023
1.1361822866107254 25.139917612075806
1.1361822866107254 25.12219500541687
1.1361822866107254 25.189985513687134
1.1361822866107254 25.221598148345947
1.1361822866107254 25.162879467010498
1.1361822866107254 25.153389930725098
1.1361822866107254 25.17001509666443
1.1361822866107254 25.201084852218628
1.1361822866107254 25.210937976837158
1.1361822866107254 25.184043645858765
1.1361822866107254 25.235154628753662
1.1361822866107254 25.253845691680908
1.1361822866107254 25.218136310577393
1.1361822866107254 25.19180417060852
1.1361822866107254 25.131234407424927
1.1361822866107254 25.146721839904785
1.1361822866107254 24.970561265945435
1.1361822866107254 25.0962495803833
1.1361822866107254 25.21800708770752
1.1361822866107254 25.234395265579224
1.1361822866107254 25.206281900405884
1.1361822866107254 25.126756191253662
1.1361822866107254 25.19446325302124
1.1361822866107254 25.14800786972046
1.1361822866107254 25.174169301986694
1.1361822866107254 25.169012546539307
1.1361822866107254 25.19633388519287
