618.4153477474728 60.5335328578949
618.4153477474728 60.81693172454834
618.4153477474728 60.86763834953308
618.4153477474728 60.71652674674988
618.4153477474728 60.776275396347046
618.4153477474728 61.07338094711304
618.4153477474728 60.94951319694519
618.4153477474728 61.05666995048523
618.4153477474728 60.62905526161194
618.4153477474728 60.846001625061035
618.4153477474728 60.99566888809204
618.4153477474728 60.915104389190674
618.4153477474728 60.79619789123535
618.4153477474728 60.75259518623352
618.4153477474728 60.72688674926758
618.4153477474728 60.58468174934387
618.4153477474728 60.65026092529297
618.4153477474728 60.78145718574524
618.4153477474728 61.08229994773865
618.4153477474728 60.81376266479492
618.4153477474728 60.58213782310486
618.4153477474728 60.663787841796875
618.4153477474728 60.76702809333801
618.4153477474728 60.9329514503479
618.4153477474728 60.74262857437134
618.4153477474728 60.84377145767212
618.4153477474728 60.692633390426636
618.4153477474728 60.9947509765625
618.4153477474728 60.99792790412903
618.4153477474728 60.91148805618286
618.4153477474728 60.93967652320862
618.4153477474728 60.96409463882446
618.4153477474728 60.74424982070923
618.4153477474728 60.70066595077515
618.4153477474728 60.751999616622925
618.4153477474728 60.716808557510376
618.4153477474728 60.79526329040527
618.4153477474728 60.90899658203125
618.4153477474728 60.645132064819336
618.4153477474728 60.81010866165161
618.4153477474728 60.768714904785156
618.4153477474728 60.62098479270935
618.4153477474728 60.84690809249878
618.4153477474728 60.87403154373169
618.4153477474728 60.85300302505493
618.4153477474728 60.83691620826721
618.4153477474728 60.74852657318115
618.4153477474728 60.884387254714966
618.4153477474728 60.77406358718872
618.4153477474728 60.82203221321106
