18.177549462039952 55.80373764038086
18.177549462039952 56.026291847229004
18.177549462039952 56.54285788536072
18.177549462039952 55.713486671447754
18.177549462039952 55.68696618080139
18.177549462039952 55.65246391296387
18.177549462039952 55.61207580566406
18.177549462039952 55.662837743759155
18.177549462039952 55.854541301727295
18.177549462039952 55.681512117385864
18.177549462039952 55.65190672874451
18.177549462039952 55.45815849304199
18.177549462039952 55.81375694274902
18.177549462039952 55.84216260910034
18.177549462039952 55.84328269958496
18.177549462039952 55.976552963256836
18.177549462039952 55.94982838630676
18.177549462039952 55.71795868873596
18.177549462039952 55.94727420806885
18.177549462039952 55.81545686721802
18.177549462039952 55.57913541793823
18.177549462039952 55.87252759933472
18.177549462039952 55.62223029136658
18.177549462039952 55.728174924850464
18.177549462039952 55.424604415893555
18.177549462039952 55.569415807724
18.177549462039952 55.48470711708069
18.177549462039952 55.52534317970276
18.177549462039952 55.61951756477356
18.177549462039952 55.61284351348877
18.177549462039952 55.36887764930725
18.177549462039952 55.63993048667908
18.177549462039952 55.571048974990845
18.177549462039952 55.72533965110779
18.177549462039952 55.51667928695679
18.177549462039952 55.696444511413574
18.177549462039952 55.48064088821411
18.177549462039952 55.46779108047485
18.177549462039952 55.57194471359253
18.177549462039952 55.75210189819336
18.177549462039952 55.622851610183716
18.177549462039952 55.5654673576355
18.177549462039952 55.629923582077026
18.177549462039952 55.568551778793335
18.177549462039952 55.51353192329407
18.177549462039952 55.435336112976074
18.177549462039952 55.33196949958801
18.177549462039952 55.40916705131531
18.177549462039952 55.54323601722717
18.177549462039952 55.58992910385132
