12.387971650699772 2.996490955352783
12.387971650699772 7.334344148635864
12.387971650699772 12.281022071838379
12.387971650699772 7.859081268310547
12.387971650699772 2.610527276992798
12.810462320721092 3.117694854736328
12.387971650699772 7.5918121337890625
12.387971650699772 2.8806028366088867
12.387971650699772 3.7784922122955322
12.387971650699772 12.243530035018921
12.810462320721092 4.949265956878662
12.387971650699772 3.0360898971557617
12.387971650699772 5.340912103652954
12.387971650699772 11.061716079711914
12.387971650699772 7.978946685791016
12.387971650699772 7.79604434967041
12.387971650699772 7.665492296218872
12.810462320721092 11.019087076187134
12.810462320721092 3.307528257369995
12.387971650699772 12.92952275276184
12.387971650699772 5.522169828414917
12.387971650699772 3.4581377506256104
12.387971650699772 5.2831761837005615
12.387971650699772 10.047677278518677
12.387971650699772 3.365687131881714
12.387971650699772 10.130070209503174
12.387971650699772 17.699814319610596
12.387971650699772 3.182354688644409
12.387971650699772 11.86901307106018
12.387971650699772 3.2784383296966553
12.387971650699772 3.0992047786712646
12.810462320721092 2.0010123252868652
12.387971650699772 16.488728523254395
12.387971650699772 3.4904751777648926
12.387971650699772 6.070258140563965
12.387971650699772 4.262037515640259
12.387971650699772 2.482591152191162
12.387971650699772 2.8201904296875
12.387971650699772 17.66878628730774
12.387971650699772 1.9096136093139648
12.387971650699772 12.760369300842285
12.387971650699772 15.651748657226562
12.810462320721092 8.283204317092896
12.387971650699772 2.1263668537139893
12.810462320721092 12.64795732498169
12.387971650699772 11.099961042404175
12.387971650699772 3.334702968597412
12.387971650699772 16.896958827972412
12.810462320721092 2.098963499069214
12.387971650699772 12.770870208740234
