1.1142596565377663 7.81102728843689
1.130908185098129 10.887584924697876
1.130908185098129 7.847240686416626
1.1348149336943447 2.517183780670166
1.130908185098129 7.833312749862671
1.130908185098129 4.937020301818848
1.130908185098129 3.0146384239196777
1.130908185098129 8.924058198928833
1.1348149336943447 2.009523391723633
1.1348149336943447 2.1272132396698
1.130908185098129 5.549182891845703
1.130908185098129 6.357091426849365
1.130908185098129 6.912330865859985
1.130908185098129 2.6718568801879883
1.130908185098129 3.5735526084899902
1.130908185098129 12.58382511138916
1.1142596565377663 4.763397932052612
1.130908185098129 7.453424692153931
1.130908185098129 18.888625383377075
1.1348149336943447 1.8543663024902344
1.130908185098129 4.6215832233428955
1.130908185098129 16.942321300506592
1.130908185098129 2.823873996734619
1.1348149336943447 2.2988972663879395
1.130908185098129 4.262790679931641
1.1348149336943447 2.8929760456085205
1.130908185098129 6.735808372497559
1.130908185098129 6.38791561126709
1.130908185098129 10.198162317276001
1.130908185098129 9.322498798370361
1.130908185098129 2.458467483520508
1.1348149336943447 2.082263231277466
1.130908185098129 5.957794189453125
1.130908185098129 14.208752155303955
1.130908185098129 2.58213210105896
1.130908185098129 5.1556007862091064
1.130908185098129 4.8909454345703125
1.130908185098129 7.055681943893433
1.130908185098129 2.390704393386841
1.1142596565377663 17.92910861968994
1.130908185098129 5.1122565269470215
1.130908185098129 8.227203607559204
1.130908185098129 6.709226131439209
1.1348149336943447 1.8624331951141357
1.130908185098129 8.496341466903687
1.1348149336943447 3.0793814659118652
1.130908185098129 10.714415788650513
1.1348149336943447 2.030294895172119
1.130908185098129 1.8411436080932617
1.130908185098129 17.043092966079712
