11.372140455476178 2.980943202972412
11.372140455476178 1.8111073970794678
11.304305635031922 4.818367958068848
11.372140455476178 2.275477409362793
11.372140455476178 3.5930964946746826
11.372140455476178 3.0758090019226074
11.372140455476178 2.067047119140625
11.372140455476178 2.5499391555786133
11.372140455476178 2.2540969848632812
11.372140455476178 3.480433702468872
11.304305635031922 2.6074516773223877
11.372140455476178 3.6682794094085693
11.372140455476178 1.8027081489562988
11.304305635031922 18.698079586029053
11.372140455476178 2.9525809288024902
11.372140455476178 1.8215994834899902
11.275627459887186 19.86606478691101
11.372140455476178 3.026547908782959
11.372140455476178 3.278130292892456
11.372140455476178 2.9374685287475586
11.304305635031922 14.122630834579468
11.372140455476178 3.944551944732666
11.372140455476178 2.913118600845337
11.372140455476178 3.8251466751098633
11.372140455476178 1.8216211795806885
11.304305635031922 6.638171195983887
11.304305635031922 11.074227094650269
11.304305635031922 4.671689748764038
11.372140455476178 2.1222829818725586
11.304305635031922 3.0907726287841797
11.372140455476178 2.260862112045288
11.372140455476178 1.7623560428619385
11.372140455476178 3.0095932483673096
11.372140455476178 2.4997575283050537
11.372140455476178 1.8282511234283447
11.372140455476178 2.1387860774993896
11.304305635031922 6.901505708694458
11.372140455476178 2.6882455348968506
11.372140455476178 2.9142611026763916
11.372140455476178 1.787874698638916
11.372140455476178 2.61008882522583
11.372140455476178 4.588603734970093
11.372140455476178 1.7466349601745605
11.372140455476178 2.014855146408081
11.304305635031922 2.8233554363250732
11.304305635031922 15.002002477645874
11.372140455476178 3.184497117996216
11.372140455476178 5.1277430057525635
11.372140455476178 2.222785234451294
11.372140455476178 4.89828896522522
