0.8837013529883676 18.533085346221924
0.9166342179342081 18.953627586364746
0.9021118398018529 5.934503078460693
1.0233159127859075 1.0610644817352295
0.8837013529883676 27.864479303359985
0.8837013529883676 22.133642196655273
0.8837013529883676 14.057082414627075
0.9166342179342081 11.085570335388184
0.8623164969549072 8.312915802001953
0.8837013529883676 20.552890300750732
0.8623164969549072 22.551344394683838
0.8837013529883676 19.409239530563354
0.9166342179342081 4.755720615386963
0.9166342179342081 11.372323036193848
0.9166342179342081 4.895472288131714
0.9166342179342081 19.678160667419434
0.9166342179342081 21.372563123703003
0.8623164969549072 7.411480188369751
0.9166342179342081 31.957152605056763
0.9166342179342081 4.450505971908569
0.9166342179342081 18.34597635269165
0.8837013529883676 2.1702353954315186
0.9166342179342081 15.507816314697266
0.8837013529883676 13.00941801071167
0.9166342179342081 18.823547840118408
0.9166342179342081 16.398329973220825
0.9166342179342081 2.7609939575195312
0.8623164969549072 6.045230865478516
0.8837013529883676 1.3581955432891846
0.9166342179342081 1.9071638584136963
1.0233159127859075 0.9040241241455078
1.0233159127859075 6.250187635421753
0.8837013529883676 6.384883642196655
0.9166342179342081 12.918925523757935
0.8837013529883676 23.049844980239868
0.9166342179342081 1.1856656074523926
0.8837013529883676 7.183870553970337
0.9166342179342081 11.234254837036133
1.0233159127859075 1.99556303024292
0.8837013529883676 30.39129114151001
0.9166342179342081 8.52340841293335
0.8837013529883676 2.365673780441284
0.8623164969549072 24.719670057296753
0.9166342179342081 20.596445083618164
0.8623164969549072 9.02101469039917
0.9166342179342081 2.938707113265991
0.9166342179342081 21.382173776626587
0.8623164969549072 4.2831361293792725
0.8623164969549072 21.362987756729126
0.8837013529883676 29.348500967025757
