277.8781804878652 9.828072309494019
277.8781804878652 8.77558159828186
277.8781804878652 13.11074447631836
277.8781804878652 8.22356367111206
277.8781804878652 11.316816091537476
277.8781804878652 18.371511459350586
277.8781804878652 5.284427165985107
277.8781804878652 11.26828932762146
277.8781804878652 8.977691888809204
277.8781804878652 18.51391339302063
277.8781804878652 10.696106672286987
277.8781804878652 10.226050615310669
277.8781804878652 7.120257139205933
277.8781804878652 13.823489427566528
277.8781804878652 7.792246580123901
277.8781804878652 14.868295431137085
277.8781804878652 8.97382378578186
277.8781804878652 5.834683418273926
277.8781804878652 12.792950630187988
277.8781804878652 12.547869682312012
277.8781804878652 15.416232585906982
277.8781804878652 5.181735992431641
277.8781804878652 18.74333667755127
277.8781804878652 7.575367450714111
277.8781804878652 5.8561155796051025
277.8781804878652 12.405375957489014
277.8781804878652 6.211833715438843
277.8781804878652 6.505257606506348
277.8781804878652 5.152035713195801
277.8781804878652 13.596269369125366
277.8781804878652 10.239658832550049
277.8781804878652 5.1701743602752686
277.8781804878652 5.465930461883545
277.8781804878652 6.4814183712005615
277.8781804878652 5.715439558029175
277.8781804878652 6.173050165176392
277.8781804878652 8.634015560150146
277.8781804878652 5.939974546432495
277.8781804878652 6.025921106338501
277.8781804878652 8.910006046295166
277.8781804878652 8.322081327438354
277.8781804878652 6.577049732208252
277.8781804878652 18.6622576713562
277.8781804878652 12.059365272521973
277.8781804878652 6.02977442741394
277.8781804878652 12.307985782623291
277.8781804878652 8.554980039596558
277.8781804878652 8.314615726470947
277.8781804878652 12.043155193328857
277.8781804878652 13.26328182220459
