1.62686089528254 55.061697006225586
1.6367699398220832 93.91487574577332
1.9261168562194262 14.273869752883911
1.62686089528254 42.98910689353943
1.5886010288719148 40.64276957511902
2.0487858460727115 16.751594305038452
1.8664625827628507 63.929845333099365
1.8039636601333795 16.91833472251892
2.0487858460727115 44.014020681381226
1.5886010288719148 49.70280718803406
1.6367699398220832 53.77290320396423
1.3870287386533204 39.86175799369812
1.62686089528254 31.466470956802368
1.6367699398220832 40.8244354724884
1.5886010288719148 43.4118013381958
1.5271614999060326 20.209489822387695
1.5271614999060326 39.29945111274719
1.8812014431195485 26.4841148853302
2.0487858460727115 73.55062103271484
1.5886010288719148 8.11686658859253
1.5886010288719148 86.63610935211182
1.5886010288719148 92.42245101928711
1.5886010288719148 27.01273226737976
1.5886010288719148 24.19932198524475
1.5271614999060326 16.07426118850708
1.8664625827628507 63.064950942993164
1.8664625827628507 16.39352321624756
1.8664625827628507 7.02781081199646
1.6367699398220832 6.6513261795043945
1.85564017667748 35.57180118560791
2.0607863635842567 4.113895893096924
1.614757556684228 15.686750173568726
1.5886010288719148 63.95124316215515
1.535415956408346 10.401748657226562
2.0487858460727115 54.05256009101868
2.054063274108793 51.33535146713257
1.9261168562194262 8.58866000175476
2.0487858460727115 77.5556960105896
1.8664625827628507 81.78119993209839
1.6367699398220832 18.461517095565796
1.8636414131427899 11.309344291687012
1.6367699398220832 21.74273371696472
1.6873015498173336 11.496132135391235
2.0487858460727115 37.379234075546265
1.5674526176855934 45.02576208114624
1.5644742955028283 15.239457368850708
2.0487858460727115 18.3977267742157
1.6367699398220832 16.85317587852478
1.9261168562194262 59.882768869400024
1.8664625827628507 46.4860303401947
