0.8354503787027334 16.83772897720337
0.7813529885895002 5.971804141998291
0.7843138304639626 31.07968235015869
0.7843138304639626 26.990439414978027
0.7994644074795718 54.187177658081055
0.8353766857128904 33.29962730407715
0.7843138304639626 45.895224809646606
0.7994644074795718 7.551081418991089
0.7843138304639626 29.647692680358887
0.7843138304639626 32.025951623916626
0.7994644074795718 8.660445213317871
0.7843138304639626 61.436501026153564
0.8354503787027334 42.584877252578735
0.8354503787027334 38.994375467300415
0.7843138304639626 30.23112988471985
0.7994644074795718 30.844281673431396
0.8353766857128904 19.301838397979736
0.7532216816017303 43.40982532501221
0.7722622249735306 16.979372024536133
0.7813529885895002 50.17082333564758
0.7930056896858386 61.962679386138916
0.796489288439631 31.922182321548462
0.8354503787027334 7.439945220947266
0.7813529885895002 12.444782257080078
0.7930056896858386 40.463072299957275
0.7813529885895002 45.97860026359558
0.8354503787027334 29.4399995803833
0.7994644074795718 41.704192876815796
0.7813529885895002 41.00105118751526
0.7813529885895002 45.326746463775635
0.8354503787027334 11.93691897392273
0.8353766857128904 11.409568786621094
0.7843138304639626 43.23688530921936
0.8354503787027334 13.26522159576416
0.7930056896858386 56.702890157699585
0.8353766857128904 31.75057554244995
0.8094354983156477 21.73099184036255
0.7994644074795718 56.22015643119812
0.7843138304639626 60.9798583984375
0.8094354983156477 60.634920597076416
0.7843138304639626 54.3486487865448
0.8094354983156477 58.51192498207092
0.7994644074795718 59.15006899833679
0.7532216816017303 40.68434023857117
0.7994644074795718 23.38809108734131
0.7994644074795718 35.539913177490234
0.7843138304639626 42.90357184410095
0.7843138304639626 7.2629735469818115
0.7994644074795718 4.926348924636841
0.7813529885895002 62.21177625656128
