495.177678530537 44.15071225166321
510.34760901062805 14.486019134521484
509.89179152310805 21.456481218338013
510.34760901062805 15.900817394256592
510.34760901062805 9.50907015800476
510.34760901062805 16.484596014022827
510.34760901062805 14.461871147155762
509.89179152310805 21.168482065200806
510.34760901062805 10.414148330688477
509.89179152310805 23.80249309539795
510.34760901062805 13.65421748161316
510.34760901062805 18.964170694351196
510.34760901062805 11.268550395965576
509.89179152310805 10.709420919418335
509.95922300351793 10.49232816696167
510.34760901062805 18.02624487876892
510.34760901062805 9.437249422073364
510.34760901062805 16.791879415512085
510.34760901062805 17.002975940704346
509.89179152310805 30.75880527496338
510.34760901062805 15.461727619171143
509.95922300351793 16.95542621612549
510.34760901062805 22.419012784957886
510.34760901062805 12.664313554763794
510.34760901062805 13.649506330490112
510.34760901062805 14.070687532424927
509.95922300351793 39.33716082572937
510.34760901062805 9.572235345840454
510.34760901062805 13.035949945449829
510.34760901062805 15.899965286254883
509.89179152310805 16.201839447021484
510.34760901062805 9.210988521575928
510.34760901062805 9.65542197227478
510.34760901062805 26.97978448867798
509.89179152310805 12.62263560295105
510.34760901062805 11.640609502792358
510.34760901062805 9.652552127838135
509.89179152310805 36.8516948223114
510.34760901062805 12.787461280822754
510.34760901062805 10.815678358078003
509.89179152310805 37.321332931518555
510.34760901062805 21.026336669921875
510.34760901062805 18.512501001358032
495.177678530537 40.46938467025757
509.89179152310805 42.70081686973572
510.34760901062805 33.56041693687439
510.34760901062805 16.698284149169922
510.34760901062805 20.882644176483154
510.34760901062805 18.476815700531006
510.34760901062805 18.68234157562256
