17.020273275099203 38.895851135253906
16.10101906288873 21.6550612449646
15.91124460274747 62.01283621788025
16.10101906288873 61.144943714141846
17.05567108201709 16.785210609436035
18.067561208952505 31.133381366729736
17.020273275099203 37.645779609680176
17.020273275099203 19.26860475540161
16.521720076392945 30.433002710342407
16.521720076392945 64.67869019508362
17.020273275099203 42.88878679275513
16.521720076392945 65.41304183006287
17.39369530263503 43.71691274642944
16.521720076392945 32.620683431625366
16.10101906288873 65.24945211410522
18.472230048437066 23.699922800064087
16.10101906288873 40.941421031951904
16.10101906288873 35.26241326332092
17.3089818426434 55.600876808166504
16.521720076392945 33.885284185409546
17.05567108201709 69.81860423088074
16.10101906288873 41.79934334754944
16.10101906288873 73.67325901985168
16.521720076392945 68.62875962257385
17.020273275099203 35.88183832168579
16.10101906288873 35.26258158683777
15.26196009711441 38.612855434417725
16.10101906288873 38.59163951873779
16.10101906288873 36.58348727226257
16.10101906288873 18.76985001564026
17.020273275099203 52.748656034469604
17.3089818426434 70.06910681724548
16.176960539682188 69.90557837486267
15.314502670702144 37.49268460273743
16.10101906288873 62.893317222595215
16.10101906288873 55.083070039749146
15.26196009711441 41.68755602836609
16.10101906288873 27.07399606704712
16.10101906288873 25.722650051116943
15.248367375190668 42.72703170776367
16.214638043163095 28.117109537124634
17.589361253035875 41.73871183395386
15.476524836032143 49.5423800945282
17.3089818426434 66.73858499526978
16.10101906288873 23.122223138809204
16.521720076392945 51.93467855453491
16.521720076392945 43.229651927948
17.020273275099203 43.6138391494751
16.521720076392945 67.55503630638123
16.10101906288873 35.0966112613678
