11.499512632067898 43.623762369155884
8.572965091317112 87.75403046607971
8.571765849919936 52.72381830215454
8.571765849919936 53.079052686691284
11.499512632067898 31.107511281967163
9.064295636492723 84.67956972122192
8.571765849919936 48.33441781997681
8.571765849919936 97.02428579330444
8.572965091317112 71.94724583625793
8.631687898251448 40.868324518203735
8.619876326288882 85.11741852760315
8.631687898251448 56.11548590660095
8.571765849919936 72.8470869064331
9.155192244419206 45.29083514213562
8.571765849919936 36.854366064071655
8.619876326288882 65.40885066986084
8.538133607791508 48.77579474449158
8.571765849919936 22.837682723999023
8.571765849919936 62.69625186920166
9.155192244419206 50.77347373962402
11.8469968257915 8.805771112442017
8.538133607791508 53.68734622001648
8.538133607791508 54.938308238983154
8.571765849919936 27.76181650161743
9.3732067585896 37.488404512405396
8.746284013412945 49.5034716129303
8.571765849919936 26.319512367248535
9.155192244419206 36.605586528778076
9.433291556294511 90.28803014755249
8.571765849919936 53.28580117225647
8.572965091317112 73.76854634284973
8.571765849919936 40.69782328605652
9.155192244419206 69.61759757995605
9.155192244419206 63.61934232711792
8.572965091317112 44.340919733047485
9.064295636492723 28.68855857849121
8.571765849919936 28.26651668548584
8.538133607791508 52.14675521850586
8.572965091317112 71.03377723693848
9.3732067585896 35.95412850379944
9.155192244419206 72.62951517105103
9.064295636492723 88.98514914512634
8.571765849919936 76.79990196228027
11.762751230319445 60.34345865249634
8.571765849919936 37.76089596748352
9.3732067585896 73.48382091522217
9.155192244419206 66.62867665290833
9.155192244419206 55.06363296508789
11.2576819445779 58.861266136169434
8.572965091317112 89.37768769264221
