272.13906622289034 53.91970705986023
272.13906622289034 75.27099823951721
268.70686923809086 72.62451410293579
268.70686923809086 45.15473461151123
283.3503354965872 32.11254620552063
233.01535629656962 45.756669759750366
268.70686923809086 79.2757248878479
283.3503354965872 65.63734650611877
272.13402641110423 45.57681584358215
283.3503354965872 46.96907925605774
257.2757127574104 48.86315989494324
268.70686923809086 51.967777729034424
272.1387189192073 67.68446969985962
282.0703810407294 64.9207546710968
294.77538127639224 22.794573068618774
283.3503354965872 31.300180435180664
272.13906622289034 48.63070559501648
283.3503354965872 78.86117172241211
274.9864654078598 53.63695478439331
272.13402641110423 60.480289697647095
280.5411500580021 60.996585845947266
236.02853292424973 48.83536243438721
270.880066370614 48.24235415458679
264.80664800526597 60.50953674316406
268.70686923809086 30.841691970825195
272.13402641110423 72.52842044830322
280.477503586572 50.58481979370117
283.3503354965872 49.98083996772766
268.70686923809086 43.14749217033386
263.94943134160326 57.553351163864136
280.99947738214956 53.34703493118286
265.257602520006 56.11715078353882
282.22304715227193 39.88794207572937
272.1387189192073 67.0708384513855
272.13402641110423 32.08462643623352
252.95627957382385 37.80861043930054
272.13402641110423 74.69152927398682
296.08227087085754 51.46466779708862
272.13436960042577 78.66929411888123
272.1387189192073 27.45555067062378
253.4026704851038 77.36556792259216
268.91749492369456 51.26653051376343
272.1387189192073 77.41933465003967
272.13906622289034 58.48721194267273
296.8775591440489 38.83134198188782
283.3503354965872 38.3906135559082
296.08227087085754 74.72025775909424
283.3503354965872 37.28964567184448
272.13906622289034 53.317386865615845
268.70686923809086 68.65785598754883
