2.312372484363783 52.88994860649109
2.3795657485932584 85.46481680870056
2.2712190316032577 102.21741914749146
2.511839729191961 84.61812162399292
2.4387586597100572 60.880982398986816
2.65879069093342 50.01323056221008
2.3761971317739374 34.56725525856018
2.4387586597100572 49.18781542778015
2.3795657485932584 61.33253479003906
2.3795657485932584 93.94332027435303
2.65879069093342 47.073965072631836
2.65879069093342 100.21687817573547
2.615531106225852 100.72366118431091
2.511839729191961 62.86698770523071
2.414781714529567 98.89880275726318
2.4427726988425067 103.10288453102112
2.4081933162670794 50.49505090713501
2.615531106225852 71.20939874649048
2.3795657485932584 44.37619757652283
2.606454047624126 51.08561849594116
2.65879069093342 23.014905214309692
2.0481955253036395 65.88501811027527
2.4081933162670794 37.90235614776611
2.4387586597100572 42.39659786224365
2.7094469642342505 118.73093438148499
2.2712190316032577 73.94261121749878
2.3795657485932584 115.94019937515259
2.3795657485932584 93.91384792327881
2.0481955253036395 124.39776229858398
2.2359006782352453 114.79152250289917
2.414781714529567 120.13807511329651
2.2128847301759644 76.92335414886475
2.0481955253036395 38.77984619140625
2.615531106225852 119.65335035324097
2.1665599708063015 38.84532189369202
2.3795657485932584 28.28074026107788
2.9343926162477216 34.32161831855774
2.606454047624126 81.81026339530945
2.312372484363783 28.83735752105713
2.551956672376751 71.09722328186035
2.6412682828550444 103.60222697257996
2.4387586597100572 116.75680780410767
2.6086756350221427 35.6366024017334
2.2712190316032577 120.53819870948792
2.2398646017371155 114.08812212944031
2.4427726988425067 106.61910319328308
2.615531106225852 84.8119764328003
2.3795657485932584 101.52684164047241
3.2633605482667662 93.24518609046936
2.511839729191961 103.09776568412781
