1.009753868245867 102.38226509094238
0.8032234861117958 26.31009268760681
0.9715741865293277 43.12170147895813
0.9067353732433301 30.583778858184814
0.8605196966076263 41.27711772918701
0.9715741865293277 27.283907175064087
0.8595608178002799 56.71521520614624
0.9715741865293277 31.80056118965149
0.9067353732433301 84.9896514415741
1.009753868245867 127.57432651519775
0.8104779618477446 43.327261209487915
0.9440836371095728 33.757426261901855
0.9252111275707122 128.34300112724304
0.9067353732433301 156.03815627098083
1.009753868245867 125.21696853637695
0.9241245018557385 116.25480031967163
0.9440836371095728 24.52207374572754
0.9252111275707122 50.59853434562683
0.7723524022925 88.11883664131165
0.8063361140097742 149.61696076393127
0.8595608178002799 126.3445372581482
0.8477896771834019 110.43893313407898
0.8104779618477446 40.021164894104004
1.009753868245867 64.70526838302612
0.9252111275707122 83.50625109672546
0.9996489105354015 116.90477299690247
0.8477896771834019 67.29183673858643
0.9067353732433301 64.61494660377502
0.8595608178002799 77.61170530319214
1.0909455604448892 60.239267349243164
1.1787489124492843 32.158944845199585
0.9067353732433301 59.93306016921997
0.8992688122134818 41.72595238685608
0.9067353732433301 115.46715688705444
0.9241245018557385 122.98072171211243
0.9252111275707122 74.42500424385071
0.9045690385748913 48.616716146469116
0.8595608178002799 133.7899134159088
0.9440836371095728 31.612657070159912
0.9241245018557385 24.74923872947693
0.9440836371095728 64.41370224952698
0.9440836371095728 72.70354628562927
0.8150992118989027 64.8372368812561
0.9252111275707122 130.43937993049622
0.9252111275707122 32.54808688163757
1.009753868245867 65.40111422538757
1.0627401471896087 81.97420573234558
0.9440836371095728 30.22996950149536
0.7696268647886656 157.35667753219604
0.9328951627890711 49.33024334907532
