343.09319499750814 49.58769631385803
341.79348768544276 69.35976386070251
341.79348768544276 44.89853310585022
341.79348768544276 45.32958507537842
343.09319499750814 49.06629824638367
345.81347699295964 36.944950342178345
345.9026100949314 29.246488332748413
343.09319499750814 69.87236189842224
341.79348768544276 50.41686749458313
341.79348768544276 34.89144277572632
343.09319499750814 44.53432869911194
345.81347699295964 53.28730297088623
341.79348768544276 55.620112657547
345.89883376299395 29.057581663131714
341.79348768544276 27.405353546142578
401.3856794377914 31.64798378944397
413.61249570896763 62.552666425704956
341.79348768544276 73.9927408695221
341.79348768544276 57.218361377716064
345.81347699295964 65.3223466873169
341.79348768544276 40.240203619003296
341.79348768544276 74.80106806755066
345.81347699295964 49.48256278038025
401.70762402871003 65.43687653541565
341.79348768544276 57.749133586883545
345.81347699295964 47.69703388214111
406.9637632510972 63.13435482978821
345.81347699295964 66.43058156967163
343.09319499750814 62.19715237617493
406.9637632510972 54.513906955718994
343.09319499750814 42.19889521598816
348.4890934836398 43.59456419944763
341.79348768544276 55.733787298202515
341.79348768544276 27.329978227615356
345.81347699295964 33.23897433280945
413.61249570896763 50.34720301628113
308.7603066995406 71.33936810493469
345.81347699295964 58.187490940093994
343.09319499750814 68.94876170158386
341.79348768544276 28.362063884735107
341.79348768544276 24.389500379562378
343.09319499750814 25.710458755493164
343.09319499750814 75.49669885635376
401.70762402871003 61.219433307647705
345.89883376299395 60.8630428314209
343.09319499750814 41.150036573410034
341.79348768544276 47.44122791290283
343.09319499750814 51.26955771446228
345.81347699295964 68.57539558410645
341.79348768544276 70.69554829597473
