0.795793456322681 12.9900221824646
0.6908174087467908 65.86914205551147
0.5545459443890635 19.78325581550598
0.6849939525186959 103.44738483428955
0.6849939525186959 80.08496403694153
0.650505295151963 78.53128099441528
0.5651360488083986 115.1592812538147
0.6756860559663501 76.06341123580933
0.7984563598377169 11.84750485420227
0.650505295151963 84.62746047973633
0.7766550137766707 62.10657715797424
0.632245770023727 96.48099565505981
0.7253902998773925 66.79324150085449
0.7766550137766707 120.7676272392273
0.7041828345809307 65.63353610038757
0.6908174087467908 64.1897840499878
0.7766550137766707 13.574472665786743
0.6908174087467908 112.06184267997742
0.7210800168221483 79.55467796325684
0.7247630766286738 90.75054359436035
0.7753136926493783 16.23012900352478
0.7984563598377169 11.94046425819397
0.7041828345809307 119.94974851608276
0.7215195111144509 119.87668681144714
0.7766550137766707 62.26104497909546
0.710165575904005 17.008538007736206
0.7041828345809307 71.45080518722534
0.7215195111144509 67.4119086265564
0.6092231752544707 41.62981033325195
0.693278845815793 124.32789731025696
0.7766550137766707 85.37642312049866
0.7817494624959999 96.63114976882935
0.650505295151963 126.52485871315002
0.7446172554674029 36.44211196899414
0.693278845815793 124.81080460548401
0.6849939525186959 76.3932876586914
0.650505295151963 95.04551529884338
0.7766550137766707 93.6469943523407
0.650505295151963 61.094651222229004
0.7984563598377169 11.938456296920776
0.7984563598377169 11.942275047302246
0.7253902998773925 122.29092168807983
0.7107096402035484 28.342831134796143
0.650505295151963 100.41702127456665
0.7984563598377169 11.966969966888428
0.7984563598377169 13.277190446853638
0.780666608156257 93.25240135192871
0.7984563598377169 13.129612445831299
0.693278845815793 121.52926135063171
0.7068336307027122 116.26000499725342
