406.2965837776135 102.81623959541321
365.49043655098995 63.29044461250305
419.0292681785401 87.80266976356506
440.5180976246885 73.6535291671753
379.46938912540384 62.99049377441406
417.6868831657875 74.85465240478516
397.9837491646579 48.279422998428345
400.10714307793336 117.2437174320221
407.5478500172852 115.48149085044861
400.9631122805293 45.0229012966156
407.67964112106137 40.49288058280945
376.3257086904778 81.67992091178894
417.6868831657875 113.44024729728699
417.6868831657875 72.83627533912659
423.60413031743525 45.660229206085205
379.51702095374606 97.04914927482605
377.23195666534326 96.7241461277008
389.8824764145381 66.1207594871521
339.70398485755743 47.28744196891785
340.85999335028305 45.17237424850464
417.6868831657875 76.81859970092773
427.94128979665555 55.88113832473755
399.1343222518216 57.25784182548523
399.1343222518216 76.36213874816895
413.1121714077534 95.06899118423462
438.994310461497 57.874117612838745
417.6868831657875 45.23247313499451
349.7731575646436 50.188271045684814
377.23195666534326 68.42636275291443
334.5809068054309 48.39101028442383
379.46938912540384 110.93412947654724
379.51702095374606 65.98370862007141
477.69893045392126 89.83638310432434
399.1343222518216 47.83681035041809
413.1121714077534 52.529898166656494
377.23195666534326 76.21053290367126
379.46938912540384 81.55828309059143
405.4540382798004 72.1437246799469
376.3257086904778 120.70385265350342
413.0323235024873 36.90261793136597
413.0323235024873 71.54849433898926
417.6868831657875 50.33232927322388
377.23195666534326 114.85797476768494
389.8315188731142 104.78702521324158
418.4448309773122 45.78182768821716
378.4195635387197 86.79041814804077
389.8315188731142 67.36880350112915
388.6292748676212 108.28371381759644
400.0582235972466 109.20158576965332
376.557730482417 108.05479073524475
