14.85692458728556 165.89541149139404
11.466421792667475 131.93897080421448
11.466421792667475 129.1893928050995
12.18303271262127 141.54957485198975
11.466421792667475 179.30980944633484
11.196035738973595 171.18099236488342
10.9494039155878 150.19706058502197
11.466421792667475 142.1617796421051
14.856817512737672 79.1161048412323
11.655798711553073 145.79356122016907
13.560999596900556 139.37065744400024
11.466421792667475 137.10556650161743
14.84150450624713 81.14858365058899
11.466421792667475 126.25574827194214
11.466421792667475 119.22414708137512
10.598415019066312 125.2636992931366
11.466421792667475 163.15514636039734
11.22252133752979 121.17176628112793
11.466421792667475 124.49218511581421
14.01574892402099 164.9251368045807
12.482194505647522 115.46534204483032
10.9494039155878 158.67538619041443
11.159664843333312 128.8510706424713
11.22252133752979 160.58394360542297
11.466421792667475 131.63324880599976
11.22252133752979 152.2635941505432
11.637003819844644 175.93048548698425
10.9494039155878 128.0164828300476
14.85692458728556 146.78583598136902
14.496855258044645 151.86494970321655
12.79783746046587 152.5493094921112
11.938558218229785 170.30967926979065
11.22252133752979 166.39536714553833
11.196035738973595 143.5030655860901
14.01574892402099 154.45394587516785
11.466421792667475 146.19788360595703
14.488982070826632 163.2138319015503
14.997322686715831 146.9348680973053
12.77148919838836 118.17302465438843
11.466421792667475 138.2940309047699
10.5434229555359 136.30624961853027
11.466421792667475 124.89612674713135
12.482194505647522 170.398419380188
11.22252133752979 155.89599132537842
11.196035738973595 140.25660824775696
14.01574892402099 94.86112880706787
14.588428753853838 104.67406797409058
14.85692458728556 116.96702790260315
11.466421792667475 133.0023331642151
12.482194505647522 136.35250806808472
