1089.9180507651479 0.588573694229126
1089.9180507651479 0.5534136295318604
1089.9180507651479 0.49991559982299805
1089.9180507651479 0.5059905052185059
1089.9180507651479 0.5125267505645752
1089.9180507651479 0.5346579551696777
1089.9180507651479 0.5046813488006592
1089.9180507651479 0.5222556591033936
1089.9180507651479 0.513028621673584
1089.9180507651479 0.5316908359527588
1089.9180507651479 0.4965214729309082
1089.9180507651479 0.5485219955444336
1089.9180507651479 0.5191755294799805
1089.9180507651479 0.6383183002471924
1089.9180507651479 0.5499265193939209
1089.9180507651479 0.530529260635376
1089.9180507651479 0.5112590789794922
1089.9180507651479 0.5028204917907715
1089.9180507651479 0.5130691528320312
1089.9180507651479 0.5078089237213135
1089.9180507651479 0.542255163192749
1089.9180507651479 0.497387170791626
1089.9180507651479 0.5226149559020996
1089.9180507651479 0.5114448070526123
1089.9180507651479 0.5123560428619385
1089.9180507651479 0.5110723972320557
1089.9180507651479 0.5160262584686279
1089.9180507651479 0.5221028327941895
1089.9180507651479 0.5120859146118164
1089.9180507651479 0.5100710391998291
1089.9180507651479 0.5137777328491211
1089.9180507651479 0.4999849796295166
1089.9180507651479 0.5085244178771973
1089.9180507651479 0.5141739845275879
1089.9180507651479 0.5124528408050537
1089.9180507651479 0.5178749561309814
1089.9180507651479 0.5129246711730957
1089.9180507651479 0.5390579700469971
1089.9180507651479 0.5160222053527832
1089.9180507651479 0.5206477642059326
1089.9180507651479 0.5435216426849365
1089.9180507651479 0.5258340835571289
1089.9180507651479 0.5791220664978027
1089.9180507651479 0.5253589153289795
1089.9180507651479 0.5128412246704102
1089.9180507651479 0.5095760822296143
1089.9180507651479 0.5211844444274902
1089.9180507651479 0.5108413696289062
1089.9180507651479 0.5028762817382812
1089.9180507651479 0.5066678524017334
