16.500000000000217 2.2200398445129395
16.500000000000217 1.9963247776031494
16.500000000000217 1.9784173965454102
16.500000000000217 2.000396490097046
16.500000000000217 1.9460575580596924
16.500000000000217 1.8985488414764404
16.500000000000217 1.996596336364746
16.500000000000217 2.039027214050293
16.500000000000217 2.028921365737915
16.500000000000217 2.03926944732666
16.500000000000217 2.276794672012329
16.500000000000217 2.0140044689178467
16.500000000000217 1.992079734802246
16.500000000000217 1.9832582473754883
16.500000000000217 1.940675973892212
16.500000000000217 1.9744603633880615
16.500000000000217 1.9154579639434814
16.500000000000217 1.8724150657653809
16.500000000000217 1.9728069305419922
16.500000000000217 2.0343778133392334
16.500000000000217 1.9978225231170654
16.500000000000217 2.201082944869995
16.500000000000217 2.1859421730041504
16.500000000000217 2.07232928276062
16.500000000000217 1.9644036293029785
16.500000000000217 1.9927949905395508
16.500000000000217 2.0609047412872314
16.500000000000217 2.143289804458618
16.500000000000217 1.9517171382904053
16.500000000000217 2.044635772705078
16.500000000000217 1.8550083637237549
16.500000000000217 1.9693071842193604
16.500000000000217 2.2140767574310303
16.500000000000217 2.0670838356018066
16.500000000000217 1.995542287826538
16.500000000000217 1.944434642791748
16.500000000000217 2.017418384552002
16.500000000000217 1.9494636058807373
16.500000000000217 2.1741302013397217
16.500000000000217 1.9957969188690186
16.500000000000217 1.9555063247680664
16.500000000000217 1.9484622478485107
16.500000000000217 1.9760680198669434
16.500000000000217 2.048659324645996
16.500000000000217 1.9394855499267578
16.500000000000217 1.9900007247924805
16.500000000000217 1.9481215476989746
16.500000000000217 2.0151679515838623
16.500000000000217 1.8927931785583496
16.500000000000217 1.908891201019287
