15.500000000000222 1.028928279876709
15.500000000000222 0.8449709415435791
15.500000000000222 0.7859747409820557
15.500000000000222 0.9339916706085205
15.500000000000222 0.8800544738769531
15.500000000000222 0.8483269214630127
15.500000000000222 0.8467109203338623
15.500000000000222 0.8200323581695557
15.500000000000222 0.9965460300445557
15.500000000000222 0.9330315589904785
15.500000000000222 0.886002779006958
15.500000000000222 0.8199491500854492
15.500000000000222 0.9918711185455322
15.500000000000222 0.9408416748046875
15.500000000000222 0.9040360450744629
15.500000000000222 0.9491128921508789
15.500000000000222 0.8651223182678223
15.500000000000222 0.8624269962310791
15.500000000000222 0.8522100448608398
15.500000000000222 0.9453465938568115
15.500000000000222 0.9271926879882812
15.500000000000222 0.9580187797546387
15.500000000000222 0.9621446132659912
15.500000000000222 0.9048950672149658
15.500000000000222 0.9491326808929443
15.500000000000222 0.9178531169891357
15.500000000000222 0.901069164276123
15.500000000000222 0.9611914157867432
15.500000000000222 0.9259121417999268
15.500000000000222 0.9549212455749512
15.500000000000222 0.893068790435791
15.500000000000222 0.9253151416778564
15.500000000000222 0.9312026500701904
15.500000000000222 0.8484477996826172
15.500000000000222 0.9394125938415527
15.500000000000222 0.9942827224731445
15.500000000000222 0.9821641445159912
15.500000000000222 0.9617962837219238
15.500000000000222 0.9961152076721191
15.500000000000222 0.9395132064819336
15.500000000000222 0.8768930435180664
15.500000000000222 0.8753349781036377
15.500000000000222 0.9452521800994873
15.500000000000222 0.9497592449188232
15.500000000000222 0.9455657005310059
15.500000000000222 0.976020097732544
15.500000000000222 0.9164865016937256
15.500000000000222 0.9102029800415039
15.500000000000222 0.8449954986572266
15.500000000000222 0.8478105068206787
