40.50000000000018 0.9935705661773682
40.50000000000018 0.8479766845703125
40.50000000000018 0.8760173320770264
40.50000000000018 0.8048317432403564
40.50000000000018 0.7976486682891846
40.50000000000018 0.8786919116973877
40.50000000000018 0.8229916095733643
40.50000000000018 0.7921984195709229
40.50000000000018 0.8065986633300781
40.50000000000018 0.8267500400543213
40.50000000000018 0.8732004165649414
40.50000000000018 0.881108283996582
40.50000000000018 0.9329910278320312
40.50000000000018 0.8442251682281494
40.50000000000018 0.9412295818328857
40.50000000000018 0.8712692260742188
40.50000000000018 1.0054905414581299
40.50000000000018 0.9431636333465576
40.50000000000018 0.872460126876831
40.50000000000018 0.8554363250732422
40.50000000000018 0.9243793487548828
40.50000000000018 0.8803794384002686
40.50000000000018 0.9575743675231934
40.50000000000018 0.7877652645111084
40.50000000000018 0.7692744731903076
40.50000000000018 0.8837127685546875
40.50000000000018 0.8849091529846191
40.50000000000018 0.885493278503418
40.50000000000018 0.8271007537841797
40.50000000000018 0.782437801361084
40.50000000000018 0.9267945289611816
40.50000000000018 0.9051473140716553
40.50000000000018 0.9438579082489014
40.50000000000018 0.763526439666748
40.50000000000018 0.894442081451416
40.50000000000018 0.935469388961792
40.50000000000018 0.8707149028778076
40.50000000000018 0.8683755397796631
40.50000000000018 0.8226683139801025
40.50000000000018 0.9447863101959229
40.50000000000018 0.9094314575195312
40.50000000000018 0.8802628517150879
40.50000000000018 0.8659687042236328
40.50000000000018 0.9109644889831543
40.50000000000018 0.9378468990325928
40.50000000000018 0.9237239360809326
40.50000000000018 0.9332890510559082
40.50000000000018 0.9138956069946289
40.50000000000018 13.131454229354858
40.50000000000018 5.945005416870117
