80.50000000000021 0.9766907691955566
80.50000000000021 0.966421365737915
80.50000000000021 1.027902603149414
80.50000000000021 1.0132789611816406
80.50000000000021 0.9976487159729004
80.50000000000021 1.0108919143676758
80.50000000000021 1.0065186023712158
80.50000000000021 1.0476665496826172
80.50000000000021 0.9877586364746094
80.50000000000021 1.0168094635009766
80.50000000000021 1.00136137008667
80.50000000000021 0.992379903793335
80.50000000000021 1.047140121459961
80.50000000000021 1.0105609893798828
80.50000000000021 0.9557156562805176
80.50000000000021 1.0058279037475586
80.50000000000021 1.0086798667907715
80.50000000000021 0.9752936363220215
80.50000000000021 1.025958776473999
80.50000000000021 0.9735755920410156
80.50000000000021 1.0167417526245117
80.50000000000021 0.964085578918457
80.50000000000021 0.996971845626831
80.50000000000021 1.0192553997039795
80.50000000000021 0.9847772121429443
80.50000000000021 0.9509730339050293
80.50000000000021 1.0103168487548828
80.50000000000021 0.9502241611480713
80.50000000000021 1.2103161811828613
80.50000000000021 0.9981913566589355
80.50000000000021 0.9449336528778076
80.50000000000021 0.9591643810272217
80.50000000000021 0.9767193794250488
80.50000000000021 1.1203243732452393
80.50000000000021 0.9949700832366943
80.50000000000021 0.9610357284545898
80.50000000000021 0.964622974395752
80.50000000000021 0.9514522552490234
80.50000000000021 0.9643490314483643
80.50000000000021 0.9773101806640625
80.50000000000021 0.9585485458374023
80.50000000000021 0.9226408004760742
80.50000000000021 0.9513096809387207
80.50000000000021 0.9160566329956055
80.50000000000021 1.011855125427246
80.50000000000021 0.9579365253448486
80.50000000000021 0.952988862991333
80.50000000000021 0.9213821887969971
80.50000000000021 0.8568809032440186
80.50000000000021 0.8413090705871582
