40.50000000000017 2.2015879154205322
40.50000000000017 2.1826252937316895
40.50000000000017 2.3385543823242188
40.50000000000017 2.110394239425659
40.50000000000017 2.1438615322113037
40.50000000000017 2.1555824279785156
40.50000000000017 2.164620876312256
40.50000000000017 2.0983428955078125
40.50000000000017 2.096160650253296
40.50000000000017 1.9900360107421875
40.50000000000017 2.1106224060058594
40.50000000000017 2.015596628189087
40.50000000000017 2.1091699600219727
40.50000000000017 2.0530600547790527
40.50000000000017 1.9431707859039307
40.50000000000017 2.0336451530456543
40.50000000000017 2.1559994220733643
40.50000000000017 2.093721866607666
40.50000000000017 2.0574951171875
40.50000000000017 2.0495712757110596
40.50000000000017 2.148113250732422
40.50000000000017 2.098937511444092
40.50000000000017 2.1530048847198486
40.50000000000017 2.030449628829956
40.50000000000017 2.1167547702789307
40.50000000000017 2.041876792907715
40.50000000000017 1.9418563842773438
40.50000000000017 2.010172128677368
40.50000000000017 2.162794828414917
40.50000000000017 2.095770835876465
40.50000000000017 2.0595874786376953
40.50000000000017 2.1069440841674805
40.50000000000017 2.1104187965393066
40.50000000000017 2.0127806663513184
40.50000000000017 1.9660332202911377
40.50000000000017 2.037997245788574
40.50000000000017 2.074101209640503
40.50000000000017 1.9215178489685059
40.50000000000017 2.0097177028656006
40.50000000000017 2.2105016708374023
40.50000000000017 2.139514446258545
40.50000000000017 2.1087827682495117
40.50000000000017 2.1089625358581543
40.50000000000017 1.953138828277588
40.50000000000017 2.010648250579834
40.50000000000017 1.991356611251831
40.50000000000017 2.111405849456787
40.50000000000017 2.0668976306915283
40.50000000000017 2.007981061935425
40.50000000000017 1.9908854961395264
