8.999999999999897 6.226669073104858
8.999999999999897 6.374240875244141
8.999999999999897 6.294553518295288
8.999999999999897 6.17267107963562
8.999999999999897 6.39192533493042
8.999999999999897 6.274362564086914
8.999999999999897 6.353352069854736
8.999999999999897 6.286999464035034
8.999999999999897 6.341463327407837
8.999999999999897 6.261229753494263
8.999999999999897 6.413451433181763
8.999999999999897 6.340467929840088
8.999999999999897 6.361231565475464
8.999999999999897 6.376932621002197
8.999999999999897 6.273000478744507
8.999999999999897 6.233730316162109
8.999999999999897 6.298843860626221
8.999999999999897 6.247778654098511
8.999999999999897 6.232885360717773
8.999999999999897 6.347461462020874
8.999999999999897 6.282668113708496
8.999999999999897 6.3150269985198975
8.999999999999897 6.290009021759033
8.999999999999897 6.22767186164856
8.999999999999897 6.294509172439575
8.999999999999897 6.307871341705322
8.999999999999897 6.190403461456299
8.999999999999897 6.309615612030029
8.999999999999897 6.302435398101807
8.999999999999897 6.281322717666626
8.999999999999897 6.209064722061157
8.999999999999897 6.305119514465332
8.999999999999897 6.245189905166626
8.999999999999897 6.264425277709961
8.999999999999897 6.282071828842163
8.999999999999897 6.3003222942352295
8.999999999999897 6.2544965744018555
8.999999999999897 6.257751226425171
8.999999999999897 6.224769353866577
8.999999999999897 6.2330968379974365
8.999999999999897 6.287229299545288
8.999999999999897 6.178724765777588
8.999999999999897 6.2047154903411865
8.999999999999897 6.2820374965667725
8.999999999999897 6.231837272644043
8.999999999999897 6.235418081283569
8.999999999999897 6.296362400054932
8.999999999999897 6.105461359024048
8.999999999999897 6.149089097976685
8.999999999999897 6.088310241699219
