12.500000000000206 29.205683946609497
12.500000000000206 21.23136043548584
12.500000000000206 24.239742755889893
12.500000000000206 42.57999038696289
12.500000000000206 23.66501784324646
12.500000000000206 20.991810083389282
12.500000000000206 23.931066274642944
12.500000000000206 21.425785303115845
12.500000000000206 25.756387948989868
12.500000000000206 26.191339015960693
12.500000000000206 20.996801376342773
12.500000000000206 23.464038848876953
12.500000000000206 34.59481358528137
12.500000000000206 21.52150821685791
12.500000000000206 23.50323724746704
12.500000000000206 21.32650589942932
12.500000000000206 20.86944079399109
12.500000000000206 32.68438100814819
12.500000000000206 23.933863878250122
12.500000000000206 24.675230741500854
12.500000000000206 20.981893301010132
12.500000000000206 23.75328540802002
12.500000000000206 20.91605567932129
12.500000000000206 23.72281575202942
12.500000000000206 26.74600911140442
12.500000000000206 21.120105504989624
12.500000000000206 23.80747389793396
12.500000000000206 21.012268543243408
12.500000000000206 23.06051540374756
12.500000000000206 23.437993049621582
12.500000000000206 20.96156668663025
12.500000000000206 23.57591199874878
12.500000000000206 23.014467000961304
12.500000000000206 21.46938133239746
12.500000000000206 23.522168159484863
12.500000000000206 28.154382944107056
12.500000000000206 21.182153463363647
12.500000000000206 50.536255836486816
12.500000000000206 30.72465443611145
12.500000000000206 23.4978084564209
12.500000000000206 26.40067744255066
12.500000000000206 20.98505711555481
12.500000000000206 21.14324712753296
12.500000000000206 36.84123492240906
12.500000000000206 30.623971223831177
12.500000000000206 23.699079036712646
12.500000000000206 35.70856547355652
12.500000000000206 20.659597635269165
12.500000000000206 23.27840304374695
12.500000000000206 22.925456047058105
