80.50000000000023 18.126510620117188
80.50000000000023 42.759859800338745
80.50000000000023 17.72213578224182
80.50000000000023 17.722792625427246
80.50000000000023 22.727785110473633
80.50000000000023 24.334312438964844
80.50000000000023 21.482346534729004
80.50000000000023 17.58945322036743
80.50000000000023 20.861475944519043
80.50000000000023 18.507624626159668
80.50000000000023 17.349477767944336
80.50000000000023 16.91010332107544
80.50000000000023 24.567538022994995
80.50000000000023 17.069559812545776
80.50000000000023 17.764485359191895
80.50000000000023 24.185012578964233
80.50000000000023 17.34695529937744
80.50000000000023 17.4229838848114
80.50000000000023 20.671231746673584
80.50000000000023 27.327036380767822
80.50000000000023 22.32453727722168
80.50000000000023 17.50459909439087
80.50000000000023 17.286529064178467
80.50000000000023 17.655065059661865
80.50000000000023 17.198071002960205
80.50000000000023 22.6612811088562
80.50000000000023 19.86626434326172
80.50000000000023 31.102866888046265
80.50000000000023 17.420763731002808
80.50000000000023 17.292726516723633
80.50000000000023 17.05818510055542
80.50000000000023 17.41697669029236
80.50000000000023 17.086453914642334
80.50000000000023 25.72087860107422
80.50000000000023 17.39372181892395
80.50000000000023 17.850131511688232
80.50000000000023 22.378475427627563
80.50000000000023 17.914411544799805
80.50000000000023 19.355421781539917
80.50000000000023 19.974040031433105
80.50000000000023 18.058049201965332
80.50000000000023 17.584054231643677
80.50000000000023 17.986208200454712
80.50000000000023 19.671732664108276
80.50000000000023 16.93551230430603
80.50000000000023 17.127758264541626
80.50000000000023 22.865309476852417
80.50000000000023 18.85805058479309
80.50000000000023 17.824463844299316
80.50000000000023 24.385512351989746
