93.75827010845494 95.07845616340637
86.5077609802665 117.78368186950684
106.95012940095292 104.63355016708374
103.2116742345252 105.43510913848877
64.92022502949285 102.56336760520935
64.92022502949285 83.17812299728394
66.74559294724615 75.35344552993774
78.23608610480439 123.467289686203
79.75896505287245 90.91551995277405
102.87488714811623 84.02421760559082
70.48973335146724 103.95545673370361
64.92022502949285 88.5911934375763
86.12719746319775 71.66709923744202
106.95012940095292 90.60662865638733
93.75827010845494 129.12912845611572
70.48973335146724 70.22859907150269
86.12719746319775 82.2223858833313
70.48973335146724 80.88737654685974
70.48973335146724 88.299795627594
79.75896505287245 66.31603932380676
64.92022502949285 87.16683006286621
117.78205180547744 40.7462682723999
78.23608610480439 109.51183366775513
93.75827010845494 79.05127263069153
70.48973335146724 94.7458758354187
70.48973335146724 103.04385757446289
93.75827010845494 79.36965560913086
70.48973335146724 115.87705874443054
78.23608610480439 95.61696076393127
107.44438920434959 91.20000839233398
66.74559294724615 83.13393902778625
93.75827010845494 73.46279120445251
64.92022502949285 70.30780363082886
93.75827010845494 108.21547842025757
78.23608610480439 88.03726935386658
93.75827010845494 68.29122018814087
106.95012940095292 129.33966398239136
107.44438920434959 95.88138890266418
93.75827010845494 86.44692254066467
106.95012940095292 74.21844363212585
106.95012940095292 79.379221200943
117.78205180547744 115.06892013549805
70.48973335146724 125.19769072532654
117.78205180547744 100.81343936920166
86.5077609802665 70.36791729927063
70.48973335146724 117.07043075561523
70.48973335146724 109.45913648605347
64.92022502949285 129.9760720729828
92.81957786260341 113.34602999687195
86.12719746319775 119.38808131217957
