5.00000000000021 13.009439468383789
2.500000000000245 84.97672390937805
2.500000000000245 126.75153803825378
5.00000000000021 12.92659616470337
5.00000000000021 13.17781400680542
2.500000000000245 63.150309562683105
5.00000000000021 13.241560220718384
5.00000000000021 13.22600531578064
5.00000000000021 13.182262659072876
5.00000000000021 13.06324291229248
5.00000000000021 13.017022132873535
5.00000000000021 13.1819589138031
2.500000000000245 96.41845798492432
5.00000000000021 13.09354043006897
5.00000000000021 13.020903587341309
2.500000000000245 117.30754518508911
2.500000000000245 110.14479064941406
5.00000000000021 13.034357786178589
5.00000000000021 13.168479919433594
5.00000000000021 13.107284307479858
2.500000000000245 111.07229042053223
5.00000000000021 13.0106782913208
5.00000000000021 13.011806726455688
2.500000000000245 113.5476324558258
2.500000000000245 112.97510361671448
2.500000000000245 90.54811215400696
5.00000000000021 13.17584776878357
2.500000000000245 89.17083239555359
5.00000000000021 13.081212759017944
2.500000000000245 118.40275406837463
2.500000000000245 48.576390981674194
5.00000000000021 13.170234441757202
5.00000000000021 13.049319505691528
5.00000000000021 13.009649991989136
5.00000000000021 13.03101372718811
2.500000000000245 85.75255537033081
5.00000000000021 13.04834794998169
5.00000000000021 13.42785930633545
2.500000000000245 116.21335864067078
5.00000000000021 12.999054431915283
5.00000000000021 13.050852537155151
2.500000000000245 106.6684718132019
5.00000000000021 12.94586992263794
5.00000000000021 13.13520860671997
2.500000000000245 110.76602005958557
5.00000000000021 13.0341796875
2.500000000000245 119.03987503051758
5.00000000000021 13.069248914718628
2.500000000000245 40.92172336578369
5.00000000000021 12.782626390457153
