40.50000000000007 59.550410747528076
40.50000000000007 58.031556844711304
67.02885348464503 19.213004112243652
40.50000000000007 98.3003261089325
40.50000000000007 96.81283950805664
40.50000000000007 50.099170446395874
40.50000000000007 32.39490604400635
40.50000000000007 67.91348195075989
67.02885348464503 19.1975314617157
67.02885348464503 19.079208612442017
40.50000000000007 81.65171551704407
40.50000000000007 106.06617188453674
40.50000000000007 39.055421590805054
40.50000000000007 51.181891202926636
40.50000000000007 54.9643235206604
40.50000000000007 61.35182309150696
67.02885348464503 19.17269015312195
40.50000000000007 90.37509512901306
40.50000000000007 107.15928983688354
40.50000000000007 28.798388957977295
67.02885348464503 19.121238946914673
40.50000000000007 29.327826976776123
40.50000000000007 46.824044942855835
40.50000000000007 89.31227231025696
67.02885348464503 19.00253415107727
67.02885348464503 19.010692596435547
40.50000000000007 94.12066340446472
40.50000000000007 56.11843299865723
40.50000000000007 67.93529415130615
40.50000000000007 26.632165670394897
40.50000000000007 58.66910195350647
40.50000000000007 96.9320375919342
40.50000000000007 63.20154404640198
40.50000000000007 34.686925172805786
40.50000000000007 29.152852535247803
40.50000000000007 56.08404850959778
40.50000000000007 67.03417468070984
67.02885348464503 19.014541387557983
40.50000000000007 100.88891220092773
40.50000000000007 38.1249577999115
40.50000000000007 104.79090762138367
40.50000000000007 34.403984785079956
67.02885348464503 19.101296186447144
40.50000000000007 67.85848879814148
43.33726904977256 36.35018515586853
43.33726904977256 83.16296982765198
40.50000000000007 103.99926447868347
67.02885348464503 19.226089477539062
67.02885348464503 18.86358404159546
40.50000000000007 39.316190004348755
