5.0000000000002025 29.677262544631958
5.0000000000002025 29.61478543281555
5.0000000000002025 30.737799882888794
2.5000000000002953 163.7809021472931
2.5000000000002953 83.44582986831665
2.5000000000002953 87.16491961479187
5.0000000000002025 31.022021293640137
5.0000000000002025 31.52696204185486
5.0000000000002025 31.02489709854126
5.0000000000002025 30.6550350189209
5.0000000000002025 30.459360599517822
2.5000000000002953 86.5428535938263
5.0000000000002025 30.553131103515625
5.0000000000002025 30.316178798675537
2.5000000000002953 253.93452334403992
5.0000000000002025 30.77787208557129
5.0000000000002025 29.727336168289185
2.5000000000002953 88.80293440818787
5.0000000000002025 30.952542304992676
5.0000000000002025 31.819220781326294
2.5000000000002953 241.60694241523743
5.0000000000002025 29.501702070236206
5.0000000000002025 30.242826223373413
5.0000000000002025 29.253260374069214
5.0000000000002025 29.5678391456604
5.0000000000002025 30.761849641799927
5.0000000000002025 31.065651416778564
5.0000000000002025 30.5379421710968
2.5000000000002953 80.9604799747467
5.0000000000002025 30.12865924835205
5.0000000000002025 30.35409951210022
2.5000000000002953 109.99504971504211
5.0000000000002025 30.00837802886963
5.0000000000002025 28.925804376602173
5.0000000000002025 28.972784280776978
5.0000000000002025 30.428306579589844
5.0000000000002025 29.10450553894043
5.0000000000002025 29.16895318031311
5.0000000000002025 31.825727462768555
5.0000000000002025 31.020557165145874
5.0000000000002025 30.46170711517334
5.0000000000002025 30.001991510391235
2.5000000000002953 115.45780277252197
2.5000000000002953 137.89575505256653
5.0000000000002025 30.203962087631226
5.0000000000002025 30.342483282089233
2.5000000000002953 201.08197712898254
5.0000000000002025 30.414050817489624
2.5000000000002953 83.03851366043091
2.5000000000002953 148.80686378479004
