32.79878417146342 59.03715753555298
7.5000000000002 136.27234745025635
7.5000000000002 150.9250385761261
32.79878417146342 59.12569260597229
32.79878417146342 58.67667102813721
32.79878417146342 58.74490809440613
32.79878417146342 58.76236057281494
32.79878417146342 58.806676626205444
7.5000000000002 119.39505052566528
32.79878417146342 58.83383083343506
32.79878417146342 58.79998803138733
7.5000000000002 139.53483724594116
32.79878417146342 58.74080777168274
7.5000000000002 127.60752177238464
32.79878417146342 58.83317732810974
32.79878417146342 59.038522481918335
32.79878417146342 59.121254444122314
32.79878417146342 58.59458661079407
32.79878417146342 58.17970633506775
32.79878417146342 58.19547438621521
32.79878417146342 58.28819036483765
32.79878417146342 58.56976628303528
7.5000000000002 136.66067123413086
32.79878417146342 58.80241775512695
32.79878417146342 58.95471119880676
32.79878417146342 58.33858895301819
32.79878417146342 58.646979570388794
32.79878417146342 58.312941789627075
32.79878417146342 58.67182803153992
32.79878417146342 58.656298875808716
32.79878417146342 58.56583023071289
7.5000000000002 118.72642350196838
32.79878417146342 57.9908709526062
32.79878417146342 58.155091524124146
32.79878417146342 58.44420409202576
32.79878417146342 58.322535276412964
32.79878417146342 58.0925669670105
32.79878417146342 58.176024198532104
32.79878417146342 57.958359479904175
32.79878417146342 58.07132625579834
32.79878417146342 58.08166003227234
32.79878417146342 57.73880672454834
32.79878417146342 58.332499504089355
32.79878417146342 57.770646810531616
7.5000000000002 137.84585976600647
32.79878417146342 58.01581025123596
32.79878417146342 57.92611503601074
32.79878417146342 55.733898878097534
32.79878417146342 60.425485134124756
32.79878417146342 61.15895938873291
