40.50000000000011 4.001357078552246
40.50000000000011 4.0096940994262695
40.50000000000011 3.9629828929901123
40.50000000000011 3.9355344772338867
40.50000000000011 3.950798988342285
40.50000000000011 3.772587776184082
40.50000000000011 3.874694585800171
40.50000000000011 3.9102559089660645
40.50000000000011 3.9437196254730225
40.50000000000011 3.966491937637329
40.50000000000011 3.8526015281677246
40.50000000000011 3.950608015060425
40.50000000000011 3.9522905349731445
40.50000000000011 3.7957491874694824
40.50000000000011 3.8169326782226562
40.50000000000011 3.818995237350464
40.50000000000011 3.9787681102752686
40.50000000000011 4.007066488265991
40.50000000000011 3.9948668479919434
40.50000000000011 3.894066333770752
40.50000000000011 3.959149122238159
40.50000000000011 3.842271089553833
40.50000000000011 3.8323118686676025
40.50000000000011 3.9475467205047607
40.50000000000011 4.00573992729187
40.50000000000011 3.998806953430176
40.50000000000011 3.970587730407715
40.50000000000011 3.975306272506714
40.50000000000011 3.983405590057373
40.50000000000011 3.866422653198242
40.50000000000011 3.9891140460968018
40.50000000000011 3.9683210849761963
40.50000000000011 3.6705455780029297
40.50000000000011 3.7993624210357666
40.50000000000011 3.7437214851379395
40.50000000000011 3.8458313941955566
40.50000000000011 3.8291609287261963
40.50000000000011 3.6915414333343506
40.50000000000011 3.8159217834472656
40.50000000000011 3.8148248195648193
40.50000000000011 3.6469759941101074
40.50000000000011 3.8360440731048584
40.50000000000011 3.6545491218566895
40.50000000000011 3.878732681274414
40.50000000000011 3.7503132820129395
40.50000000000011 3.878765106201172
40.50000000000011 3.7669966220855713
40.50000000000011 3.819801092147827
40.50000000000011 3.901502847671509
40.50000000000011 4.1226489543914795
