13.500000000000218 29.74451494216919
13.500000000000218 29.742205142974854
13.500000000000218 29.941936016082764
13.500000000000218 30.019750833511353
13.500000000000218 29.704705715179443
13.500000000000218 29.9150333404541
13.500000000000218 29.629929780960083
13.500000000000218 29.858599185943604
13.500000000000218 29.745990991592407
13.500000000000218 30.010318756103516
13.500000000000218 29.570489645004272
13.500000000000218 29.707139015197754
13.500000000000218 29.773732900619507
13.500000000000218 29.708423614501953
13.500000000000218 29.77874231338501
13.500000000000218 29.671415090560913
13.500000000000218 31.199026584625244
13.500000000000218 31.160860538482666
13.500000000000218 31.17221760749817
13.500000000000218 31.018776893615723
13.500000000000218 31.128066539764404
13.500000000000218 31.192241430282593
13.500000000000218 31.17306900024414
13.500000000000218 30.96828532218933
13.500000000000218 30.985344409942627
13.500000000000218 31.21736216545105
13.500000000000218 31.2484393119812
13.500000000000218 31.15194869041443
13.500000000000218 31.193681478500366
13.500000000000218 31.34653902053833
13.500000000000218 31.638689041137695
13.500000000000218 31.213514804840088
13.500000000000218 29.187835931777954
13.500000000000218 29.304965496063232
13.500000000000218 29.380821228027344
13.500000000000218 29.238091945648193
13.500000000000218 29.278675317764282
13.500000000000218 29.451097011566162
13.500000000000218 29.353790521621704
13.500000000000218 29.342833042144775
13.500000000000218 28.983460903167725
13.500000000000218 28.395700931549072
13.500000000000218 29.400935888290405
13.500000000000218 29.229740858078003
13.500000000000218 29.129772186279297
13.500000000000218 28.687071561813354
13.500000000000218 28.392090797424316
13.500000000000218 28.33396291732788
13.500000000000218 30.904701471328735
13.500000000000218 31.875283002853394
