80.50000000000004 40.97636580467224
80.50000000000004 29.088335752487183
80.50000000000004 28.477832794189453
80.50000000000004 28.45014762878418
80.50000000000004 29.057654857635498
80.50000000000004 28.58435297012329
80.50000000000004 37.69508957862854
80.50000000000004 28.547595024108887
80.50000000000004 28.900834560394287
80.50000000000004 28.928680419921875
80.50000000000004 28.293724536895752
80.50000000000004 30.331557512283325
80.50000000000004 29.237882614135742
80.50000000000004 29.28495454788208
80.50000000000004 30.3510582447052
80.50000000000004 29.36925220489502
80.50000000000004 29.26521873474121
80.50000000000004 29.606274604797363
80.50000000000004 30.090275764465332
80.50000000000004 28.076467990875244
80.50000000000004 28.607656955718994
80.50000000000004 28.046244382858276
80.50000000000004 35.200467586517334
80.50000000000004 31.96991729736328
80.50000000000004 29.44897174835205
80.50000000000004 28.98962140083313
80.50000000000004 28.164273500442505
80.50000000000004 34.12596869468689
80.50000000000004 28.912254095077515
80.50000000000004 29.62938117980957
80.50000000000004 28.231464624404907
80.50000000000004 28.01704740524292
80.50000000000004 28.755132913589478
80.50000000000004 28.773686408996582
80.50000000000004 34.49743890762329
80.50000000000004 28.100802421569824
80.50000000000004 29.79391860961914
80.50000000000004 28.813620805740356
80.50000000000004 29.135995864868164
80.50000000000004 28.57063627243042
80.50000000000004 29.361157178878784
80.50000000000004 28.03068780899048
80.50000000000004 28.196105241775513
80.50000000000004 29.931528091430664
80.50000000000004 27.66589093208313
80.50000000000004 29.87439799308777
80.50000000000004 31.201502799987793
80.50000000000004 28.973784923553467
80.50000000000004 36.647730350494385
80.50000000000004 30.103681087493896
