5.500000000000275 4.00868034362793
5.500000000000275 3.9300830364227295
5.500000000000275 3.912827253341675
5.500000000000275 4.0519938468933105
5.500000000000275 3.939465045928955
5.500000000000275 3.9932444095611572
5.500000000000275 4.043754816055298
5.500000000000275 3.9779717922210693
5.500000000000275 4.020040273666382
5.500000000000275 4.02267861366272
5.500000000000275 3.8074193000793457
5.500000000000275 3.9802021980285645
5.500000000000275 3.9371862411499023
5.500000000000275 3.8864846229553223
5.500000000000275 3.9032468795776367
5.500000000000275 3.898747205734253
5.500000000000275 4.0945329666137695
5.500000000000275 4.024172067642212
5.500000000000275 3.9021291732788086
5.500000000000275 4.073567152023315
5.500000000000275 4.011062383651733
5.500000000000275 3.9260520935058594
5.500000000000275 3.8547794818878174
5.500000000000275 4.066350936889648
5.500000000000275 4.11763072013855
5.500000000000275 4.067080736160278
5.500000000000275 4.0829644203186035
5.500000000000275 4.024991035461426
5.500000000000275 4.006072521209717
5.500000000000275 4.009978294372559
5.500000000000275 4.00375771522522
5.500000000000275 4.018098831176758
5.500000000000275 4.102788925170898
5.500000000000275 3.9063451290130615
5.500000000000275 3.8795061111450195
5.500000000000275 3.8956995010375977
5.500000000000275 4.06554388999939
5.500000000000275 4.431071519851685
5.500000000000275 3.92104434967041
5.500000000000275 3.8710949420928955
5.500000000000275 4.0140297412872314
5.500000000000275 3.9894819259643555
5.500000000000275 4.046286106109619
5.500000000000275 3.9754743576049805
5.500000000000275 3.937343120574951
5.500000000000275 3.8852407932281494
5.500000000000275 4.085716009140015
5.500000000000275 4.020282506942749
5.500000000000275 3.9523985385894775
5.500000000000275 3.9616940021514893
