239.83404205712844 51.730554819107056
41.75250892038581 109.76851558685303
41.75250892038581 68.69491982460022
40.50000000000013 92.5685224533081
239.83404205712844 51.8083598613739
41.75250892038581 96.36101770401001
40.50000000000013 118.42308950424194
40.50000000000013 94.18824577331543
41.75250892038581 68.55017852783203
41.75250892038581 73.22558450698853
239.83404205712844 52.06388068199158
40.50000000000013 96.80152678489685
40.50000000000013 80.99048137664795
40.50000000000013 66.83733606338501
40.50000000000013 66.72626662254333
239.83404205712844 51.8793842792511
41.75250892038581 70.82580590248108
41.75250892038581 65.02490544319153
239.83404205712844 51.58234977722168
239.83404205712844 51.88165545463562
239.83404205712844 51.5490083694458
239.83404205712844 51.58948850631714
239.83404205712844 51.225111961364746
217.30681426488255 81.79669523239136
239.83404205712844 51.52341437339783
40.50000000000013 110.63460850715637
41.75250892038581 97.37125182151794
40.50000000000013 66.51677513122559
40.50000000000013 66.80183672904968
40.50000000000013 66.05682444572449
41.75250892038581 97.7631607055664
40.50000000000013 63.50815153121948
239.83404205712844 50.99687576293945
239.83404205712844 51.451693058013916
40.50000000000013 70.08264136314392
40.50000000000013 63.76504373550415
41.75250892038581 122.84285545349121
41.75250892038581 72.58355712890625
40.50000000000013 81.60627293586731
41.75250892038581 65.35023927688599
239.83404205712844 51.22900676727295
40.50000000000013 65.46761417388916
40.50000000000013 71.27193999290466
239.83404205712844 51.63087058067322
40.50000000000013 96.38745021820068
41.75250892038581 66.48613095283508
41.75250892038581 93.01044034957886
41.75250892038581 67.19314622879028
41.75250892038581 94.10853433609009
40.50000000000013 62.326817989349365
