12.5000000000002 3.768038511276245
12.5000000000002 3.860736131668091
12.5000000000002 3.8568007946014404
12.5000000000002 3.8848700523376465
12.5000000000002 3.7866761684417725
12.5000000000002 3.7641549110412598
12.5000000000002 3.8418993949890137
12.5000000000002 3.655164957046509
12.5000000000002 3.69203782081604
12.5000000000002 3.766883611679077
12.5000000000002 3.7683136463165283
12.5000000000002 3.8191254138946533
12.5000000000002 3.788341522216797
12.5000000000002 3.8526551723480225
12.5000000000002 3.8708860874176025
12.5000000000002 3.7126448154449463
12.5000000000002 3.7974915504455566
12.5000000000002 3.830928325653076
12.5000000000002 3.800586700439453
12.5000000000002 3.783714532852173
12.5000000000002 3.6248955726623535
12.5000000000002 3.7971558570861816
12.5000000000002 3.8148462772369385
12.5000000000002 3.7355666160583496
12.5000000000002 3.8462750911712646
12.5000000000002 3.897897958755493
12.5000000000002 3.7531516551971436
12.5000000000002 3.6708552837371826
12.5000000000002 3.774881601333618
12.5000000000002 3.724595308303833
12.5000000000002 3.7712600231170654
12.5000000000002 3.789703845977783
12.5000000000002 3.7647273540496826
12.5000000000002 3.8180508613586426
12.5000000000002 3.811300039291382
12.5000000000002 3.6301236152648926
12.5000000000002 3.787418842315674
12.5000000000002 3.840416193008423
12.5000000000002 3.754291296005249
12.5000000000002 3.767322301864624
12.5000000000002 3.872711658477783
12.5000000000002 3.8689701557159424
12.5000000000002 3.71429443359375
12.5000000000002 3.8199143409729004
12.5000000000002 3.7391197681427
12.5000000000002 3.706763744354248
12.5000000000002 3.7621407508850098
12.5000000000002 3.6639976501464844
12.5000000000002 3.618358850479126
12.5000000000002 3.7540829181671143
