61.06303815028702 47.4863805770874
48.50082931060311 129.82281470298767
61.06303815028702 47.39793348312378
61.06303815028702 47.81020712852478
61.06303815028702 47.55095815658569
48.50082931060311 90.53516983985901
61.06303815028702 48.08900475502014
61.06303815028702 47.67417240142822
61.06303815028702 47.425379037857056
61.06303815028702 48.94753861427307
61.06303815028702 48.50886130332947
61.06303815028702 48.68333196640015
61.06303815028702 50.51872634887695
61.06303815028702 47.15793991088867
61.06303815028702 47.63999319076538
48.50082931060311 74.97092652320862
48.50082931060311 140.84619998931885
61.06303815028702 46.60501551628113
48.50082931060311 96.39425539970398
48.50082931060311 138.35616445541382
48.50082931060311 106.90872836112976
60.28135247137847 122.12107872962952
48.50082931060311 104.5152337551117
48.50082931060311 121.73247981071472
61.06303815028702 50.84804677963257
48.50082931060311 102.06131649017334
54.934844980454365 47.77139234542847
61.06303815028702 47.86303448677063
48.50082931060311 91.63030409812927
54.934844980454365 47.14317059516907
61.06303815028702 49.414727210998535
48.50082931060311 97.81495523452759
61.06303815028702 46.98236632347107
54.934844980454365 46.69294095039368
61.06303815028702 46.95546507835388
48.50082931060311 95.62890934944153
48.50082931060311 97.77715396881104
61.06303815028702 46.773162841796875
61.06303815028702 47.656150341033936
61.06303815028702 47.301626682281494
61.06303815028702 46.701961040496826
48.50082931060311 87.1638925075531
61.06303815028702 48.42300581932068
61.06303815028702 49.19951558113098
61.06303815028702 48.105955362319946
61.06303815028702 49.651299715042114
61.06303815028702 46.72139883041382
61.06303815028702 46.414368867874146
61.06303815028702 48.89551401138306
48.50082931060311 105.73585891723633
