133.50000000000014 0.9690146446228027
133.50000000000014 0.9234786033630371
133.50000000000014 0.9857587814331055
133.50000000000014 0.9291906356811523
133.50000000000014 0.9220983982086182
133.50000000000014 0.934838056564331
133.50000000000014 0.84954833984375
133.50000000000014 0.953547477722168
133.50000000000014 1.02597975730896
133.50000000000014 0.9613327980041504
133.50000000000014 0.9270966053009033
133.50000000000014 0.9143431186676025
133.50000000000014 0.9203031063079834
133.50000000000014 0.9576330184936523
133.50000000000014 0.939089298248291
133.50000000000014 0.9514133930206299
133.50000000000014 0.9069781303405762
133.50000000000014 0.9347066879272461
133.50000000000014 0.9744789600372314
133.50000000000014 0.9652066230773926
133.50000000000014 0.9519484043121338
133.50000000000014 0.9582488536834717
133.50000000000014 0.9047574996948242
133.50000000000014 0.9346847534179688
133.50000000000014 0.973665714263916
133.50000000000014 0.9048037528991699
133.50000000000014 0.9184656143188477
133.50000000000014 0.9316380023956299
133.50000000000014 0.9376058578491211
133.50000000000014 0.977466344833374
133.50000000000014 0.9188566207885742
133.50000000000014 0.9314327239990234
133.50000000000014 0.9250431060791016
133.50000000000014 0.9220976829528809
133.50000000000014 0.977494478225708
133.50000000000014 0.9427595138549805
133.50000000000014 0.9398751258850098
133.50000000000014 0.947425127029419
133.50000000000014 0.9246068000793457
133.50000000000014 0.9271271228790283
133.50000000000014 0.9579565525054932
133.50000000000014 0.9791092872619629
133.50000000000014 0.9343702793121338
133.50000000000014 0.9188766479492188
133.50000000000014 0.8959379196166992
133.50000000000014 0.9396953582763672
133.50000000000014 0.8961255550384521
133.50000000000014 0.9091024398803711
133.50000000000014 0.8599629402160645
133.50000000000014 0.8711576461791992
