9.500000000000227 13.171489715576172
9.500000000000227 13.128870487213135
9.500000000000227 13.070551872253418
9.500000000000227 12.991519927978516
9.500000000000227 13.070635318756104
9.500000000000227 13.261571645736694
9.500000000000227 13.143361330032349
9.500000000000227 13.151839971542358
9.500000000000227 13.233383655548096
9.500000000000227 13.139044761657715
9.500000000000227 13.171268463134766
9.500000000000227 13.250108480453491
9.500000000000227 13.05555772781372
9.500000000000227 13.121981143951416
9.500000000000227 13.332180261611938
9.500000000000227 13.211921453475952
9.500000000000227 13.077826738357544
9.500000000000227 13.252198219299316
9.500000000000227 13.198645830154419
9.500000000000227 13.155121088027954
9.500000000000227 13.11672568321228
9.500000000000227 13.041617631912231
9.500000000000227 13.180378913879395
9.500000000000227 13.094229936599731
9.500000000000227 13.295579195022583
9.500000000000227 13.114636898040771
9.500000000000227 13.28236699104309
9.500000000000227 13.156482696533203
9.500000000000227 13.180059909820557
9.500000000000227 13.189149618148804
9.500000000000227 13.056363105773926
9.500000000000227 13.124058485031128
9.500000000000227 13.00551176071167
9.500000000000227 13.079474925994873
9.500000000000227 13.068269729614258
9.500000000000227 12.958143472671509
9.500000000000227 12.844640254974365
9.500000000000227 12.931235074996948
9.500000000000227 13.051655292510986
9.500000000000227 12.86374282836914
9.500000000000227 13.193260431289673
9.500000000000227 12.860940217971802
9.500000000000227 12.946727514266968
9.500000000000227 12.967025518417358
9.500000000000227 12.899229288101196
9.500000000000227 13.166820764541626
9.500000000000227 13.060572862625122
9.500000000000227 13.154013872146606
9.500000000000227 13.055556058883667
9.500000000000227 12.731456279754639
