27.500000000000124 102.84002828598022
27.500000000000124 75.62653017044067
27.500000000000124 75.13284301757812
27.500000000000124 75.0964195728302
27.500000000000124 132.67064881324768
27.500000000000124 77.98898530006409
27.500000000000124 82.70650219917297
27.500000000000124 79.169105052948
27.500000000000124 82.39729642868042
27.500000000000124 91.75309538841248
27.500000000000124 79.61771726608276
27.500000000000124 80.61657547950745
27.500000000000124 115.75342583656311
27.500000000000124 74.01743745803833
27.500000000000124 75.47092342376709
27.500000000000124 74.33279371261597
27.500000000000124 76.03380560874939
27.500000000000124 78.45177602767944
27.500000000000124 84.11152195930481
27.500000000000124 80.84970378875732
27.500000000000124 91.25019431114197
27.500000000000124 75.06447505950928
27.500000000000124 74.47989201545715
27.500000000000124 75.90367031097412
27.500000000000124 80.579416513443
27.500000000000124 75.71790170669556
27.500000000000124 76.20689535140991
27.500000000000124 88.51679158210754
27.500000000000124 89.79808521270752
27.500000000000124 74.29715609550476
27.500000000000124 76.50918412208557
27.500000000000124 86.85656833648682
27.500000000000124 80.33649849891663
27.500000000000124 89.22323656082153
27.500000000000124 78.06595468521118
27.500000000000124 75.17445516586304
27.500000000000124 75.77942514419556
27.500000000000124 96.43574976921082
27.500000000000124 74.7873284816742
27.500000000000124 88.5422420501709
27.500000000000124 74.89132595062256
27.500000000000124 82.19534802436829
27.500000000000124 95.59708786010742
27.500000000000124 107.69397139549255
27.500000000000124 79.53580045700073
27.500000000000124 82.14661169052124
27.500000000000124 79.86092615127563
27.500000000000124 78.5916268825531
27.500000000000124 78.12165880203247
27.500000000000124 78.62678980827332
