34.0 0.07699966430664062
34.0 0.07454538345336914
34.0 0.0871119499206543
34.0 0.0879974365234375
34.0 0.06924915313720703
34.0 0.06821584701538086
34.0 0.07215356826782227
34.0 0.06949472427368164
34.0 0.07430720329284668
34.0 0.0811300277709961
34.0 0.15785837173461914
34.0 0.08053231239318848
34.0 0.10369324684143066
34.0 0.08504676818847656
34.0 0.07413101196289062
34.0 0.07700109481811523
34.0 0.08099818229675293
34.0 0.09400177001953125
34.0 0.08199357986450195
34.0 0.07300448417663574
34.0 0.07886767387390137
34.0 0.0795297622680664
34.0 0.07749652862548828
34.0 0.08015942573547363
34.0 0.07400298118591309
34.0 0.07399606704711914
34.0 0.07551860809326172
34.0 0.06863880157470703
34.0 0.06712484359741211
34.0 0.07255268096923828
34.0 0.06519508361816406
34.0 0.06407380104064941
34.0 0.0650033950805664
34.0 0.0660247802734375
34.0 0.08271360397338867
34.0 0.08259725570678711
34.0 0.08559322357177734
34.0 0.07014703750610352
34.0 0.08599257469177246
34.0 0.0760030746459961
34.0 0.07953715324401855
34.0 0.07042336463928223
34.0 0.06540608406066895
34.0 0.06351327896118164
34.0 0.0665736198425293
34.0 0.06263589859008789
34.0 0.06338763236999512
34.0 0.05920672416687012
34.0 0.06253504753112793
34.0 0.06314873695373535
