44.0 0.047852277755737305
44.0 0.0458827018737793
44.0 0.0449986457824707
44.0 0.04394340515136719
44.0 0.04656696319580078
44.0 0.04518532752990723
44.0 0.04629683494567871
44.0 0.04808402061462402
44.0 0.04394888877868652
44.0 0.04768490791320801
44.0 0.04469418525695801
44.0 0.04796242713928223
44.0 0.0474696159362793
44.0 0.045465707778930664
44.0 0.04511666297912598
44.0 0.04614901542663574
44.0 0.04469609260559082
44.0 0.04736971855163574
44.0 0.045293331146240234
44.0 0.049443721771240234
44.0 0.04899334907531738
44.0 0.05054211616516113
44.0 0.04925274848937988
44.0 0.0458369255065918
44.0 0.04698061943054199
44.0 0.040921688079833984
44.0 0.04397940635681152
44.0 0.0392765998840332
44.0 0.03900933265686035
44.0 0.03915262222290039
44.0 0.041665077209472656
44.0 0.03830313682556152
44.0 0.03881072998046875
44.0 0.04014158248901367
44.0 0.04097318649291992
44.0 0.03938651084899902
44.0 0.039102792739868164
44.0 0.038956642150878906
44.0 0.039019107818603516
44.0 0.044239044189453125
44.0 0.04320979118347168
44.0 0.04038047790527344
44.0 0.03919053077697754
44.0 0.03920912742614746
44.0 0.0389256477355957
44.0 0.05695176124572754
44.0 0.04002261161804199
44.0 0.03903317451477051
44.0 0.0409855842590332
44.0 0.041127920150756836
