41.0 0.02001190185546875
41.0 0.02095317840576172
41.0 0.020467519760131836
41.0 0.019789695739746094
41.0 0.02088785171508789
41.0 0.023003339767456055
41.0 0.020940542221069336
41.0 0.020996809005737305
41.0 0.020082712173461914
41.0 0.02010822296142578
41.0 0.020878314971923828
41.0 0.021033287048339844
41.0 0.02082037925720215
41.0 0.02001190185546875
41.0 0.018939733505249023
41.0 0.018999338150024414
41.0 0.020490646362304688
41.0 0.021403074264526367
41.0 0.020255565643310547
41.0 0.021837234497070312
41.0 0.021616220474243164
41.0 0.01990365982055664
41.0 0.020047664642333984
41.0 0.021641016006469727
41.0 0.019945621490478516
41.0 0.026788949966430664
41.0 0.023070096969604492
41.0 0.022975444793701172
41.0 0.022574186325073242
41.0 0.02152228355407715
41.0 0.021021127700805664
41.0 0.021876096725463867
41.0 0.022003173828125
41.0 0.02206563949584961
41.0 0.021005630493164062
41.0 0.022015810012817383
41.0 0.021744728088378906
41.0 0.023473739624023438
41.0 0.022615909576416016
41.0 0.026031017303466797
41.0 0.027171850204467773
41.0 0.02703571319580078
41.0 0.02492213249206543
41.0 0.026868820190429688
41.0 0.026004552841186523
41.0 0.024136066436767578
41.0 0.02244400978088379
41.0 0.022487878799438477
41.0 0.02194952964782715
41.0 0.02196669578552246
