18.0 0.1327512264251709
18.0 0.12800097465515137
18.0 0.1213829517364502
18.0 0.12726640701293945
18.0 0.12111949920654297
18.0 0.1229853630065918
18.0 0.1258220672607422
18.0 0.12461352348327637
18.0 0.12255072593688965
18.0 0.12442708015441895
18.0 0.12929606437683105
18.0 0.12630796432495117
18.0 0.12200784683227539
18.0 0.12272262573242188
18.0 0.12211918830871582
18.0 0.1389756202697754
18.0 0.11940503120422363
18.0 0.12344908714294434
18.0 0.12699437141418457
18.0 0.14012646675109863
18.0 0.13692998886108398
18.0 0.14493131637573242
18.0 0.14800024032592773
18.0 0.1583266258239746
18.0 0.14926886558532715
18.0 0.12403011322021484
18.0 0.1265242099761963
18.0 0.14815974235534668
18.0 0.16178250312805176
18.0 0.14847111701965332
18.0 0.14508819580078125
18.0 0.13341426849365234
18.0 0.15766239166259766
18.0 0.14986634254455566
18.0 0.14699196815490723
18.0 0.13804411888122559
18.0 0.13850879669189453
18.0 0.1436460018157959
18.0 0.13486266136169434
18.0 0.13195514678955078
18.0 0.13022804260253906
18.0 0.1306614875793457
18.0 0.12503337860107422
18.0 0.13005304336547852
18.0 0.13216590881347656
18.0 0.1260676383972168
18.0 0.1338651180267334
18.0 0.13225150108337402
18.0 0.1333014965057373
18.0 0.12362837791442871
