56.0 0.017665386199951172
56.0 0.013000726699829102
56.0 0.012967109680175781
56.0 0.013696432113647461
56.0 0.013169527053833008
56.0 0.012392759323120117
56.0 0.014445781707763672
56.0 0.01186060905456543
56.0 0.011903047561645508
56.0 0.013699054718017578
56.0 0.013501882553100586
56.0 0.0120849609375
56.0 0.013229846954345703
56.0 0.012996673583984375
56.0 0.011818647384643555
56.0 0.013568878173828125
56.0 0.01376032829284668
56.0 0.013243436813354492
56.0 0.012239694595336914
56.0 0.012828826904296875
56.0 0.01181340217590332
56.0 0.014995098114013672
56.0 0.012969017028808594
56.0 0.012999534606933594
56.0 0.012912511825561523
56.0 0.014821052551269531
56.0 0.015998363494873047
56.0 0.013708114624023438
56.0 0.013582944869995117
56.0 0.014616727828979492
56.0 0.016884803771972656
56.0 0.014043331146240234
56.0 0.012576103210449219
56.0 0.01607060432434082
56.0 0.01999664306640625
56.0 0.013007640838623047
56.0 0.012008905410766602
56.0 0.01400446891784668
56.0 0.012017488479614258
56.0 0.011976957321166992
56.0 0.01303553581237793
56.0 0.01302194595336914
56.0 0.013888120651245117
56.0 0.018717050552368164
56.0 0.013902902603149414
56.0 0.01291513442993164
56.0 0.01387476921081543
56.0 0.013000965118408203
56.0 0.012967109680175781
56.0 0.013030529022216797
