84.0 0.005000114440917969
84.0 0.005036115646362305
84.0 0.004971981048583984
84.0 0.004010438919067383
84.0 0.004787921905517578
84.0 0.005993366241455078
84.0 0.004992008209228516
84.0 0.004012584686279297
84.0 0.005800008773803711
84.0 0.004002809524536133
84.0 0.004962444305419922
84.0 0.004986286163330078
84.0 0.004454374313354492
84.0 0.0040094852447509766
84.0 0.004988431930541992
84.0 0.005006313323974609
84.0 0.00397491455078125
84.0 0.004995584487915039
84.0 0.005536079406738281
84.0 0.0050051212310791016
84.0 0.005015373229980469
84.0 0.005553245544433594
84.0 0.003951072692871094
84.0 0.004001140594482422
84.0 0.005013942718505859
84.0 0.005021810531616211
84.0 0.005014657974243164
84.0 0.00398707389831543
84.0 0.005000114440917969
84.0 0.004944324493408203
84.0 0.003987789154052734
84.0 0.004866361618041992
84.0 0.003998756408691406
84.0 0.005002021789550781
84.0 0.005005359649658203
84.0 0.004856586456298828
84.0 0.0039975643157958984
84.0 0.006034374237060547
84.0 0.004998683929443359
84.0 0.004994869232177734
84.0 0.0049953460693359375
84.0 0.004630565643310547
84.0 0.003983974456787109
84.0 0.0050220489501953125
84.0 0.0039348602294921875
84.0 0.004996776580810547
84.0 0.0040454864501953125
84.0 0.004006147384643555
84.0 0.00494384765625
84.0 0.003993034362792969
