21.0 0.27811503410339355
21.0 0.27076172828674316
21.0 0.2612278461456299
21.0 0.2808511257171631
21.0 0.29723429679870605
21.0 0.2763073444366455
21.0 0.2664313316345215
21.0 0.2749664783477783
21.0 0.26749110221862793
21.0 0.2846958637237549
21.0 0.2810933589935303
21.0 0.2910943031311035
21.0 0.26603150367736816
21.0 0.28553152084350586
21.0 0.28389716148376465
21.0 0.28430724143981934
21.0 0.27599263191223145
21.0 0.2837371826171875
21.0 0.2690730094909668
21.0 0.2861959934234619
21.0 0.2803173065185547
21.0 0.28439927101135254
21.0 0.28423213958740234
21.0 0.2810182571411133
21.0 0.27577924728393555
21.0 0.2818138599395752
21.0 0.26567554473876953
21.0 0.27638983726501465
21.0 0.2698557376861572
21.0 0.27231693267822266
21.0 0.2644169330596924
21.0 0.25733375549316406
21.0 0.2642385959625244
21.0 0.27723240852355957
21.0 0.2669212818145752
21.0 0.2808849811553955
21.0 0.27933716773986816
21.0 0.2733888626098633
21.0 0.27007293701171875
21.0 0.2685086727142334
21.0 0.2705719470977783
21.0 0.27386903762817383
21.0 0.2808382511138916
21.0 0.2678821086883545
21.0 0.26286983489990234
21.0 0.2546107769012451
21.0 0.25909852981567383
21.0 0.27162957191467285
21.0 0.2661256790161133
21.0 0.2550089359283447
