71.0 0.006004810333251953
71.0 0.006545305252075195
71.0 0.005997896194458008
71.0 0.0070018768310546875
71.0 0.005516767501831055
71.0 0.006998777389526367
71.0 0.00599980354309082
71.0 0.005999326705932617
71.0 0.006001949310302734
71.0 0.005994558334350586
71.0 0.007023811340332031
71.0 0.006009578704833984
71.0 0.005997419357299805
71.0 0.006003141403198242
71.0 0.005997896194458008
71.0 0.007061004638671875
71.0 0.008022069931030273
71.0 0.006008148193359375
71.0 0.0069391727447509766
71.0 0.006094694137573242
71.0 0.005998849868774414
71.0 0.005927562713623047
71.0 0.006714820861816406
71.0 0.006021738052368164
71.0 0.005980730056762695
71.0 0.005995273590087891
71.0 0.007108926773071289
71.0 0.005999088287353516
71.0 0.005999565124511719
71.0 0.007016181945800781
71.0 0.006016254425048828
71.0 0.006002902984619141
71.0 0.0059816837310791016
71.0 0.0060024261474609375
71.0 0.0059893131256103516
71.0 0.009122371673583984
71.0 0.0070002079010009766
71.0 0.0069959163665771484
71.0 0.0070149898529052734
71.0 0.006193876266479492
71.0 0.0069980621337890625
71.0 0.006020545959472656
71.0 0.006019115447998047
71.0 0.005997180938720703
71.0 0.0070645809173583984
71.0 0.006016254425048828
71.0 0.006995201110839844
71.0 0.005696296691894531
71.0 0.00700068473815918
71.0 0.006000041961669922
