59.0 0.024034500122070312
59.0 0.020933866500854492
59.0 0.023719310760498047
59.0 0.02216815948486328
59.0 0.02476024627685547
59.0 0.021679162979125977
59.0 0.021457910537719727
59.0 0.022057294845581055
59.0 0.020781755447387695
59.0 0.022968292236328125
59.0 0.021012306213378906
59.0 0.02201700210571289
59.0 0.02295207977294922
59.0 0.02100062370300293
59.0 0.025337696075439453
59.0 0.023847341537475586
59.0 0.02109527587890625
59.0 0.021910905838012695
59.0 0.021107196807861328
59.0 0.020695209503173828
59.0 0.022068500518798828
59.0 0.022302627563476562
59.0 0.02187061309814453
59.0 0.021736621856689453
59.0 0.02094268798828125
59.0 0.02210402488708496
59.0 0.021822690963745117
59.0 0.021984577178955078
59.0 0.021978139877319336
59.0 0.02123236656188965
59.0 0.02183675765991211
59.0 0.02099895477294922
59.0 0.020943641662597656
59.0 0.021550655364990234
59.0 0.02160191535949707
59.0 0.0212099552154541
59.0 0.021906375885009766
59.0 0.021062374114990234
59.0 0.0215604305267334
59.0 0.02210855484008789
59.0 0.021963834762573242
59.0 0.020971298217773438
59.0 0.021857738494873047
59.0 0.021010875701904297
59.0 0.021024703979492188
59.0 0.023034334182739258
59.0 0.021996498107910156
59.0 0.023253679275512695
59.0 0.023001909255981445
59.0 0.022858142852783203
