56.0 0.009992361068725586
56.0 0.009993553161621094
56.0 0.010004281997680664
56.0 0.008927345275878906
56.0 0.010001182556152344
56.0 0.01099538803100586
56.0 0.01000666618347168
56.0 0.01001596450805664
56.0 0.008995294570922852
56.0 0.010642766952514648
56.0 0.009381771087646484
56.0 0.009005069732666016
56.0 0.008996725082397461
56.0 0.009998321533203125
56.0 0.008006572723388672
56.0 0.009994029998779297
56.0 0.009007692337036133
56.0 0.010999441146850586
56.0 0.011529684066772461
56.0 0.010004997253417969
56.0 0.008997201919555664
56.0 0.009993791580200195
56.0 0.008999347686767578
56.0 0.009996175765991211
56.0 0.011107444763183594
56.0 0.008645057678222656
56.0 0.008088111877441406
56.0 0.009154558181762695
56.0 0.008020401000976562
56.0 0.009024858474731445
56.0 0.009090900421142578
56.0 0.00804758071899414
56.0 0.009039163589477539
56.0 0.00813436508178711
56.0 0.00899195671081543
56.0 0.009981632232666016
56.0 0.008983373641967773
56.0 0.008011341094970703
56.0 0.007998466491699219
56.0 0.009996652603149414
56.0 0.008656978607177734
56.0 0.008697032928466797
56.0 0.010017871856689453
56.0 0.007932901382446289
56.0 0.00887608528137207
56.0 0.00796198844909668
56.0 0.008002042770385742
56.0 0.009009599685668945
56.0 0.009231805801391602
56.0 0.00901651382446289
