29.0 0.09299635887145996
29.0 0.09439516067504883
29.0 0.10198092460632324
29.0 0.08599996566772461
29.0 0.09879684448242188
29.0 0.09799981117248535
29.0 0.08899569511413574
29.0 0.09068536758422852
29.0 0.08800029754638672
29.0 0.09850215911865234
29.0 0.10421323776245117
29.0 0.0991206169128418
29.0 0.10956740379333496
29.0 0.08908677101135254
29.0 0.09208512306213379
29.0 0.08088803291320801
29.0 0.07974505424499512
29.0 0.09614706039428711
29.0 0.08563947677612305
29.0 0.0869448184967041
29.0 0.09940767288208008
29.0 0.08807635307312012
29.0 0.09346747398376465
29.0 0.08916664123535156
29.0 0.1054081916809082
29.0 0.0810854434967041
29.0 0.08098864555358887
29.0 0.07750129699707031
29.0 0.07600069046020508
29.0 0.0792074203491211
29.0 0.07780838012695312
29.0 0.07396578788757324
29.0 0.0799112319946289
29.0 0.07622861862182617
29.0 0.07680368423461914
29.0 0.0730738639831543
29.0 0.07198214530944824
29.0 0.07677054405212402
29.0 0.07204866409301758
29.0 0.07126879692077637
29.0 0.0702822208404541
29.0 0.07833600044250488
29.0 0.07528018951416016
29.0 0.07051706314086914
29.0 0.07697081565856934
29.0 0.07086682319641113
29.0 0.0733485221862793
29.0 0.0757138729095459
29.0 0.07499861717224121
29.0 0.08037638664245605
