35.0 0.026999473571777344
35.0 0.02799844741821289
35.0 0.025402307510375977
35.0 0.025867462158203125
35.0 0.029998779296875
35.0 0.02671217918395996
35.0 0.030848026275634766
35.0 0.027001142501831055
35.0 0.028009891510009766
35.0 0.029989004135131836
35.0 0.02700328826904297
35.0 0.02699899673461914
35.0 0.026006698608398438
35.0 0.028534412384033203
35.0 0.02793741226196289
35.0 0.024890422821044922
35.0 0.02500295639038086
35.0 0.02394247055053711
35.0 0.02594137191772461
35.0 0.026222705841064453
35.0 0.037474632263183594
35.0 0.03176069259643555
35.0 0.058011770248413086
35.0 0.058995723724365234
35.0 0.030997276306152344
35.0 0.03237271308898926
35.0 0.03144383430480957
35.0 0.0303037166595459
35.0 0.031740427017211914
35.0 0.031034469604492188
35.0 0.03298807144165039
35.0 0.031101703643798828
35.0 0.033318519592285156
35.0 0.03363299369812012
35.0 0.030120849609375
35.0 0.028794527053833008
35.0 0.02700018882751465
35.0 0.02631831169128418
35.0 0.027393102645874023
35.0 0.027832984924316406
35.0 0.028409481048583984
35.0 0.030106544494628906
35.0 0.03015303611755371
35.0 0.027576208114624023
35.0 0.02356243133544922
35.0 0.027302265167236328
35.0 0.02788400650024414
35.0 0.02562570571899414
35.0 0.024918556213378906
35.0 0.026890277862548828
