154.0 0.0030057430267333984
154.0 0.00203704833984375
154.0 0.00196075439453125
154.0 0.002002716064453125
154.0 0.0029993057250976562
154.0 0.001995563507080078
154.0 0.002001523971557617
154.0 0.0019998550415039062
154.0 0.001997232437133789
154.0 0.0020012855529785156
154.0 0.002008199691772461
154.0 0.0019927024841308594
154.0 0.0019991397857666016
154.0 0.002998828887939453
154.0 0.002521991729736328
154.0 0.0019979476928710938
154.0 0.0020084381103515625
154.0 0.001995563507080078
154.0 0.0019998550415039062
154.0 0.002001523971557617
154.0 0.0029959678649902344
154.0 0.0020012855529785156
154.0 0.002009153366088867
154.0 0.0029921531677246094
154.0 0.0019998550415039062
154.0 0.0018897056579589844
154.0 0.0020036697387695312
154.0 0.0019979476928710938
154.0 0.002002239227294922
154.0 0.0020301342010498047
154.0 0.0019936561584472656
154.0 0.002992391586303711
154.0 0.0009949207305908203
154.0 0.0030074119567871094
154.0 0.002229452133178711
154.0 0.001994609832763672
154.0 0.0020055770874023438
154.0 0.002001047134399414
154.0 0.001994609832763672
154.0 0.0019636154174804688
154.0 0.002001047134399414
154.0 0.0029935836791992188
154.0 0.0009999275207519531
154.0 0.003029346466064453
154.0 0.0019936561584472656
154.0 0.0020008087158203125
154.0 0.002001523971557617
154.0 0.0019969940185546875
154.0 0.0020308494567871094
154.0 0.001993417739868164
