41.0 0.042324066162109375
41.0 0.04434990882873535
41.0 0.041796207427978516
41.0 0.04213452339172363
41.0 0.04341244697570801
41.0 0.045706987380981445
41.0 0.04343700408935547
41.0 0.04369664192199707
41.0 0.05586981773376465
41.0 0.05101203918457031
41.0 0.042667388916015625
41.0 0.043085575103759766
41.0 0.04219818115234375
41.0 0.04286003112792969
41.0 0.04408454895019531
41.0 0.04371809959411621
41.0 0.04369091987609863
41.0 0.04236340522766113
41.0 0.04290413856506348
41.0 0.04223179817199707
41.0 0.042998313903808594
41.0 0.0430150032043457
41.0 0.04565858840942383
41.0 0.04773283004760742
41.0 0.04757380485534668
41.0 0.03974413871765137
41.0 0.038908958435058594
41.0 0.04301762580871582
41.0 0.038735389709472656
41.0 0.040524959564208984
41.0 0.03990054130554199
41.0 0.03985452651977539
41.0 0.03996109962463379
41.0 0.04013824462890625
41.0 0.039208173751831055
41.0 0.042671918869018555
41.0 0.039118289947509766
41.0 0.04095745086669922
41.0 0.04297232627868652
41.0 0.04021930694580078
41.0 0.04322028160095215
41.0 0.04058718681335449
41.0 0.04011273384094238
41.0 0.042542457580566406
41.0 0.041295766830444336
41.0 0.043129920959472656
41.0 0.04195141792297363
41.0 0.03985595703125
41.0 0.041132450103759766
41.0 0.040338754653930664
