53.0 0.005995035171508789
53.0 0.007002592086791992
53.0 0.005001544952392578
53.0 0.005906105041503906
53.0 0.005661725997924805
53.0 0.005991697311401367
53.0 0.005011558532714844
53.0 0.006003856658935547
53.0 0.006011009216308594
53.0 0.0060002803802490234
53.0 0.005566596984863281
53.0 0.005293130874633789
53.0 0.0059967041015625
53.0 0.005692958831787109
53.0 0.00600123405456543
53.0 0.005884647369384766
53.0 0.0069789886474609375
53.0 0.005994558334350586
53.0 0.005995750427246094
53.0 0.0050008296966552734
53.0 0.0056610107421875
53.0 0.006001710891723633
53.0 0.005959749221801758
53.0 0.005587339401245117
53.0 0.006006002426147461
53.0 0.0070037841796875
53.0 0.006986379623413086
53.0 0.005017518997192383
53.0 0.0049800872802734375
53.0 0.0060083866119384766
53.0 0.004987955093383789
53.0 0.007021188735961914
53.0 0.00603795051574707
53.0 0.005986690521240234
53.0 0.005004405975341797
53.0 0.006002902984619141
53.0 0.0060596466064453125
53.0 0.0058135986328125
53.0 0.006005048751831055
53.0 0.0059316158294677734
53.0 0.004997968673706055
53.0 0.006999015808105469
53.0 0.005979299545288086
53.0 0.006990671157836914
53.0 0.008022308349609375
53.0 0.006995439529418945
53.0 0.00500178337097168
53.0 0.0059964656829833984
53.0 0.006009101867675781
53.0 0.00616145133972168
