14.0 0.31059956550598145
14.0 0.32608771324157715
14.0 0.3342094421386719
14.0 0.3086516857147217
14.0 0.3162243366241455
14.0 0.33081984519958496
14.0 0.3210010528564453
14.0 0.3097360134124756
14.0 0.3304464817047119
14.0 0.37624287605285645
14.0 0.33264899253845215
14.0 0.32185912132263184
14.0 0.31814122200012207
14.0 0.3180816173553467
14.0 0.33015871047973633
14.0 0.31395936012268066
14.0 0.32460808753967285
14.0 0.308063268661499
14.0 0.3111145496368408
14.0 0.30426549911499023
14.0 0.354219913482666
14.0 0.313997745513916
14.0 0.3364098072052002
14.0 0.35542845726013184
14.0 0.32566356658935547
14.0 0.4320487976074219
14.0 0.3841252326965332
14.0 0.34648871421813965
14.0 0.3474884033203125
14.0 0.3743886947631836
14.0 0.3993418216705322
14.0 0.3816194534301758
14.0 0.4258852005004883
14.0 0.41132688522338867
14.0 0.3657388687133789
14.0 0.4146602153778076
14.0 0.44402480125427246
14.0 0.41766357421875
14.0 0.4440174102783203
14.0 0.35318684577941895
14.0 0.36068010330200195
14.0 0.47185230255126953
14.0 0.41986584663391113
14.0 0.3713951110839844
14.0 0.4129948616027832
14.0 0.37606358528137207
14.0 0.40281033515930176
14.0 0.42765116691589355
14.0 0.4058680534362793
14.0 0.37532591819763184
