25.0 0.19444894790649414
25.0 0.20502281188964844
25.0 0.21091604232788086
25.0 0.19466233253479004
25.0 0.20499277114868164
25.0 0.19650864601135254
25.0 0.19256949424743652
25.0 0.21982049942016602
25.0 0.19647908210754395
25.0 0.2572462558746338
25.0 0.1980443000793457
25.0 0.19064712524414062
25.0 0.19962263107299805
25.0 0.24289679527282715
25.0 0.24862194061279297
25.0 0.23099374771118164
25.0 0.22475624084472656
25.0 0.32409071922302246
25.0 0.24854421615600586
25.0 0.2258298397064209
25.0 0.21887826919555664
25.0 0.22839808464050293
25.0 0.2890951633453369
25.0 0.2388288974761963
25.0 0.23699045181274414
25.0 0.18822216987609863
25.0 0.19002985954284668
25.0 0.19297480583190918
25.0 0.21100711822509766
25.0 0.20096659660339355
25.0 0.2082967758178711
25.0 0.19973540306091309
25.0 0.20512151718139648
25.0 0.19579744338989258
25.0 0.1941361427307129
25.0 0.19242286682128906
25.0 0.18763160705566406
25.0 0.17981243133544922
25.0 0.1852717399597168
25.0 0.1938762664794922
25.0 0.18317532539367676
25.0 0.18573927879333496
25.0 0.18697237968444824
25.0 0.1788933277130127
25.0 0.17635178565979004
25.0 0.19408893585205078
25.0 0.18178534507751465
25.0 0.18699216842651367
25.0 0.18977046012878418
25.0 0.18500685691833496
