161.00000000000043 0.9561481475830078
161.00000000000043 1.0131618976593018
161.00000000000043 1.0615224838256836
161.00000000000043 0.995276927947998
161.00000000000043 0.9232509136199951
161.00000000000043 1.14786696434021
161.00000000000043 1.0383801460266113
161.00000000000043 1.2582476139068604
161.00000000000043 1.07834792137146
161.00000000000043 1.002854585647583
161.00000000000043 0.9847943782806396
161.00000000000043 0.9714570045471191
161.00000000000043 0.9389913082122803
161.00000000000043 0.9348616600036621
161.00000000000043 0.9189670085906982
161.00000000000043 0.91306471824646
161.00000000000043 1.0560550689697266
161.00000000000043 0.9879636764526367
161.00000000000043 1.0029675960540771
161.00000000000043 1.0184624195098877
161.00000000000043 0.966447114944458
161.00000000000043 0.9505610466003418
161.00000000000043 1.0326223373413086
161.00000000000043 1.0109212398529053
161.00000000000043 0.9953951835632324
161.00000000000043 0.9822757244110107
161.00000000000043 1.1752257347106934
161.00000000000043 1.2141413688659668
161.00000000000043 1.0860817432403564
161.00000000000043 0.9770572185516357
161.00000000000043 0.9968032836914062
161.00000000000043 0.9837555885314941
161.00000000000043 0.976172924041748
161.00000000000043 0.9943938255310059
161.00000000000043 0.9735934734344482
161.00000000000043 1.0410337448120117
161.00000000000043 1.0510787963867188
161.00000000000043 0.9944663047790527
161.00000000000043 0.9380841255187988
161.00000000000043 1.1805610656738281
161.00000000000043 1.137157678604126
161.00000000000043 1.2474191188812256
161.00000000000043 0.9955325126647949
161.00000000000043 0.999920129776001
161.00000000000043 0.9825592041015625
161.00000000000043 0.9651060104370117
161.00000000000043 0.9596493244171143
161.00000000000043 0.9533343315124512
161.00000000000043 0.8681561946868896
161.00000000000043 0.879828929901123
