81.00000000000036 1.2337276935577393
81.00000000000036 1.0811138153076172
81.00000000000036 0.9657161235809326
81.00000000000036 0.9511864185333252
81.00000000000036 0.9766082763671875
81.00000000000036 0.9775984287261963
81.00000000000036 0.9947030544281006
81.00000000000036 0.9501216411590576
81.00000000000036 0.9956328868865967
81.00000000000036 0.9876160621643066
81.00000000000036 0.9636120796203613
81.00000000000036 1.0497782230377197
81.00000000000036 0.9559643268585205
81.00000000000036 0.9750020503997803
81.00000000000036 0.9589970111846924
81.00000000000036 0.9329884052276611
81.00000000000036 1.0197710990905762
81.00000000000036 0.8637082576751709
81.00000000000036 0.9663922786712646
81.00000000000036 0.916527271270752
81.00000000000036 0.9777941703796387
81.00000000000036 1.0805649757385254
81.00000000000036 1.0188899040222168
81.00000000000036 0.9577469825744629
81.00000000000036 0.9558560848236084
81.00000000000036 1.0067923069000244
81.00000000000036 0.9998831748962402
81.00000000000036 1.011026382446289
81.00000000000036 0.9869303703308105
81.00000000000036 0.9508235454559326
81.00000000000036 0.9384710788726807
81.00000000000036 1.0026605129241943
81.00000000000036 1.1351675987243652
81.00000000000036 0.9411787986755371
81.00000000000036 1.0721256732940674
81.00000000000036 1.0619213581085205
81.00000000000036 1.0020132064819336
81.00000000000036 0.9366397857666016
81.00000000000036 1.064274787902832
81.00000000000036 0.9459023475646973
81.00000000000036 0.9583356380462646
81.00000000000036 0.9503121376037598
81.00000000000036 0.9599277973175049
81.00000000000036 0.9946105480194092
81.00000000000036 0.993664026260376
81.00000000000036 0.9826719760894775
81.00000000000036 0.9652011394500732
81.00000000000036 0.9871938228607178
81.00000000000036 1.0109858512878418
81.00000000000036 1.065955638885498
