17.000000000000394 2.2782340049743652
17.000000000000394 2.258587598800659
17.000000000000394 2.2492516040802
17.000000000000394 2.1607933044433594
17.000000000000394 2.207075357437134
17.000000000000394 2.285447597503662
17.000000000000394 2.2568860054016113
17.000000000000394 2.2270820140838623
17.000000000000394 2.2197883129119873
17.000000000000394 2.2522027492523193
17.000000000000394 2.288022756576538
17.000000000000394 2.1739866733551025
17.000000000000394 2.2150471210479736
17.000000000000394 2.294504404067993
17.000000000000394 2.2467968463897705
17.000000000000394 2.2101027965545654
17.000000000000394 2.302009344100952
17.000000000000394 2.338376522064209
17.000000000000394 2.2782766819000244
17.000000000000394 2.225679874420166
17.000000000000394 2.185375452041626
17.000000000000394 2.1209158897399902
17.000000000000394 2.209808111190796
17.000000000000394 2.332009792327881
17.000000000000394 2.34541392326355
17.000000000000394 2.26488995552063
17.000000000000394 2.22526478767395
17.000000000000394 2.1939918994903564
17.000000000000394 2.2750909328460693
17.000000000000394 2.2659525871276855
17.000000000000394 2.1495134830474854
17.000000000000394 2.359591484069824
17.000000000000394 2.285491943359375
17.000000000000394 2.2956087589263916
17.000000000000394 2.270031452178955
17.000000000000394 2.130122184753418
17.000000000000394 2.3205513954162598
17.000000000000394 2.1920714378356934
17.000000000000394 2.3306870460510254
17.000000000000394 2.283115863800049
17.000000000000394 2.213552951812744
17.000000000000394 2.219341993331909
17.000000000000394 2.316129446029663
17.000000000000394 2.153799057006836
17.000000000000394 2.225170135498047
17.000000000000394 2.319993257522583
17.000000000000394 2.210786819458008
17.000000000000394 2.317279100418091
17.000000000000394 2.29211163520813
17.000000000000394 2.372798442840576
