31.000000000000444 0.9791250228881836
31.000000000000444 0.9988985061645508
31.000000000000444 0.9611160755157471
31.000000000000444 0.9420108795166016
31.000000000000444 0.8761818408966064
31.000000000000444 0.8718242645263672
31.000000000000444 0.8893375396728516
31.000000000000444 1.0567729473114014
31.000000000000444 0.959885835647583
31.000000000000444 1.0429534912109375
31.000000000000444 0.9359142780303955
31.000000000000444 1.1611738204956055
31.000000000000444 1.1082162857055664
31.000000000000444 1.1096699237823486
31.000000000000444 1.0911967754364014
31.000000000000444 1.0490975379943848
31.000000000000444 0.9889230728149414
31.000000000000444 1.0306124687194824
31.000000000000444 0.9712276458740234
31.000000000000444 0.9072816371917725
31.000000000000444 0.960900068283081
31.000000000000444 0.9472661018371582
31.000000000000444 0.9490280151367188
31.000000000000444 1.0170414447784424
31.000000000000444 0.8867459297180176
31.000000000000444 0.8773984909057617
31.000000000000444 0.8614962100982666
31.000000000000444 0.9424088001251221
31.000000000000444 0.9756033420562744
31.000000000000444 1.0068070888519287
31.000000000000444 0.9619424343109131
31.000000000000444 1.1397931575775146
31.000000000000444 0.9497201442718506
31.000000000000444 1.0037567615509033
31.000000000000444 0.958167552947998
31.000000000000444 0.9679830074310303
31.000000000000444 0.9666810035705566
31.000000000000444 0.960529088973999
31.000000000000444 0.8645007610321045
31.000000000000444 0.9065871238708496
31.000000000000444 0.9072206020355225
31.000000000000444 1.001922369003296
31.000000000000444 0.9704668521881104
31.000000000000444 1.0262668132781982
31.000000000000444 0.9657471179962158
31.000000000000444 1.11692476272583
31.000000000000444 1.0014564990997314
31.000000000000444 1.2357110977172852
31.000000000000444 0.8722255229949951
31.000000000000444 0.8925831317901611
