81.00000000000034 2.215574026107788
81.00000000000034 2.1992688179016113
81.00000000000034 2.0368220806121826
81.00000000000034 2.0964481830596924
81.00000000000034 2.1371572017669678
81.00000000000034 2.1415486335754395
81.00000000000034 2.1594252586364746
81.00000000000034 2.1259658336639404
81.00000000000034 2.2447316646575928
81.00000000000034 2.1732635498046875
81.00000000000034 2.2078471183776855
81.00000000000034 2.1699466705322266
81.00000000000034 2.205794334411621
81.00000000000034 2.091909170150757
81.00000000000034 2.1404378414154053
81.00000000000034 2.133669376373291
81.00000000000034 2.251467227935791
81.00000000000034 2.2663707733154297
81.00000000000034 2.200627326965332
81.00000000000034 2.135294198989868
81.00000000000034 2.071667432785034
81.00000000000034 2.0880088806152344
81.00000000000034 2.1388072967529297
81.00000000000034 2.1357924938201904
81.00000000000034 2.189009428024292
81.00000000000034 2.113452672958374
81.00000000000034 2.1656885147094727
81.00000000000034 2.1189796924591064
81.00000000000034 2.1451640129089355
81.00000000000034 2.1030805110931396
81.00000000000034 2.1879794597625732
81.00000000000034 2.080508232116699
81.00000000000034 2.2134828567504883
81.00000000000034 2.2078301906585693
81.00000000000034 2.130053997039795
81.00000000000034 2.05544376373291
81.00000000000034 2.143632411956787
81.00000000000034 2.12898588180542
81.00000000000034 2.154183864593506
81.00000000000034 2.1122593879699707
81.00000000000034 2.1677334308624268
81.00000000000034 2.1751866340637207
81.00000000000034 2.2657432556152344
81.00000000000034 2.1459691524505615
81.00000000000034 2.2121994495391846
81.00000000000034 2.1238856315612793
81.00000000000034 2.1301991939544678
81.00000000000034 2.1886868476867676
81.00000000000034 2.245900869369507
81.00000000000034 2.222479820251465
