1235.7246632813776 4.9621262550354
1235.7246632813776 4.933223247528076
1235.7246632813776 4.835173606872559
1235.7246632813776 4.915157318115234
1235.7246632813776 4.978981256484985
1235.7246632813776 5.0894858837127686
1235.7246632813776 4.848389625549316
1235.7246632813776 4.887655735015869
1235.7246632813776 4.851137638092041
1235.7246632813776 4.605978012084961
1235.7246632813776 4.825804948806763
1235.7246632813776 4.761575698852539
1235.7246632813776 4.717078685760498
1235.7246632813776 4.788545370101929
1235.7246632813776 4.893425703048706
1235.7246632813776 4.942606687545776
1235.7246632813776 4.73262882232666
1235.7246632813776 4.929463863372803
1235.7246632813776 4.9260053634643555
1235.7246632813776 4.720252990722656
1235.7246632813776 4.849736213684082
1235.7246632813776 4.914421796798706
1235.7246632813776 5.016655445098877
1235.7246632813776 4.830959320068359
1235.7246632813776 4.920307874679565
1235.7246632813776 4.84905219078064
1235.7246632813776 4.673020124435425
1235.7246632813776 4.727366209030151
1235.7246632813776 4.819565773010254
1235.7246632813776 4.738585948944092
1235.7246632813776 4.790367364883423
1235.7246632813776 4.7190446853637695
1235.7246632813776 5.001163482666016
1235.7246632813776 4.9930853843688965
1235.7246632813776 4.776095151901245
1235.7246632813776 4.763947010040283
1235.7246632813776 5.067615270614624
1235.7246632813776 5.17577600479126
1235.7246632813776 4.816773414611816
1235.7246632813776 4.884047269821167
1235.7246632813776 4.822516441345215
1235.7246632813776 4.592212200164795
1235.7246632813776 4.8326029777526855
1235.7246632813776 4.885310888290405
1235.7246632813776 4.866107702255249
1235.7246632813776 4.842926979064941
1235.7246632813776 4.872083902359009
1235.7246632813776 4.981171131134033
1235.7246632813776 4.792485952377319
1235.7246632813776 4.707474946975708
