11.00000000000055 4.633123397827148
11.00000000000055 4.7224578857421875
11.00000000000055 4.3392698764801025
11.00000000000055 4.264636278152466
11.00000000000055 4.451704263687134
11.00000000000055 4.273345470428467
11.00000000000055 5.008812665939331
11.00000000000055 4.4304163455963135
11.00000000000055 4.306344509124756
11.00000000000055 5.40755295753479
11.00000000000055 4.74367094039917
11.00000000000055 4.050973176956177
11.00000000000055 4.050813913345337
11.00000000000055 3.9220237731933594
11.00000000000055 4.185031414031982
11.00000000000055 3.9284627437591553
11.00000000000055 4.2397308349609375
11.00000000000055 4.551051139831543
11.00000000000055 4.713806390762329
11.00000000000055 4.387148380279541
11.00000000000055 4.377852439880371
11.00000000000055 4.492344617843628
11.00000000000055 4.198232412338257
11.00000000000055 5.086918592453003
11.00000000000055 4.337528944015503
11.00000000000055 4.312346935272217
11.00000000000055 4.9410240650177
11.00000000000055 5.028306484222412
11.00000000000055 4.366661071777344
11.00000000000055 3.9732866287231445
11.00000000000055 3.939044237136841
11.00000000000055 4.138520002365112
11.00000000000055 4.59402060508728
11.00000000000055 4.68164324760437
11.00000000000055 4.32171893119812
11.00000000000055 4.276454448699951
11.00000000000055 4.3419389724731445
11.00000000000055 4.445903062820435
11.00000000000055 4.824514150619507
11.00000000000055 4.417851686477661
11.00000000000055 4.3378167152404785
11.00000000000055 5.383770227432251
11.00000000000055 4.656626462936401
11.00000000000055 4.009013891220093
11.00000000000055 4.114993095397949
11.00000000000055 3.976454734802246
11.00000000000055 4.100993633270264
11.00000000000055 3.9121384620666504
11.00000000000055 3.9332289695739746
11.00000000000055 3.8910722732543945
