873.7661317306083 14.634748697280884
873.7661317306083 15.325090646743774
873.7661317306083 16.24694061279297
873.7661317306083 15.572016954421997
873.7661317306083 15.339237689971924
873.7661317306083 15.699024200439453
873.7661317306083 15.431519985198975
873.7661317306083 15.595659017562866
873.7661317306083 15.318321228027344
873.7661317306083 15.671708345413208
873.7661317306083 15.36048412322998
873.7661317306083 15.33623456954956
873.7661317306083 15.370641469955444
873.7661317306083 15.379334926605225
873.7661317306083 16.644599676132202
873.7661317306083 15.601940155029297
873.7661317306083 14.472928047180176
873.7661317306083 15.172703266143799
873.7661317306083 15.574156761169434
873.7661317306083 16.307629346847534
873.7661317306083 15.289719343185425
873.7661317306083 15.404889106750488
873.7661317306083 15.380223989486694
873.7661317306083 15.515314102172852
873.7661317306083 15.501250743865967
873.7661317306083 15.20734691619873
873.7661317306083 15.732633352279663
873.7661317306083 15.406707286834717
873.7661317306083 15.385728597640991
873.7661317306083 15.430285453796387
873.7661317306083 16.562628269195557
873.7661317306083 15.487892150878906
873.7661317306083 14.581039667129517
873.7661317306083 15.402246475219727
873.7661317306083 16.298056840896606
873.7661317306083 15.536943435668945
873.7661317306083 15.377749681472778
873.7661317306083 15.797447681427002
873.7661317306083 15.445488929748535
873.7661317306083 15.548860549926758
873.7661317306083 15.483707904815674
873.7661317306083 15.714998006820679
873.7661317306083 15.534199476242065
873.7661317306083 15.501327276229858
873.7661317306083 15.329292297363281
873.7661317306083 15.489418745040894
873.7661317306083 16.632365226745605
873.7661317306083 15.541844129562378
873.7661317306083 14.827953338623047
873.7661317306083 14.902541160583496
