25.0000000000004 4.058027982711792
25.0000000000004 4.094007253646851
25.0000000000004 3.9210703372955322
25.0000000000004 3.9299325942993164
25.0000000000004 3.781978130340576
25.0000000000004 3.719144821166992
25.0000000000004 3.7187392711639404
25.0000000000004 3.6682708263397217
25.0000000000004 3.665729522705078
25.0000000000004 3.728058338165283
25.0000000000004 3.6987977027893066
25.0000000000004 3.691443681716919
25.0000000000004 3.6595330238342285
25.0000000000004 3.764812707901001
25.0000000000004 4.056822299957275
25.0000000000004 4.023453235626221
25.0000000000004 4.121231555938721
25.0000000000004 3.9997549057006836
25.0000000000004 4.184081315994263
25.0000000000004 3.9275424480438232
25.0000000000004 3.9297521114349365
25.0000000000004 3.7893993854522705
25.0000000000004 3.6607561111450195
25.0000000000004 3.631626844406128
25.0000000000004 3.6756210327148438
25.0000000000004 3.6299455165863037
25.0000000000004 3.7013421058654785
25.0000000000004 3.710223913192749
25.0000000000004 3.7001376152038574
25.0000000000004 3.7244749069213867
25.0000000000004 3.7147223949432373
25.0000000000004 4.0534586906433105
25.0000000000004 4.072027921676636
25.0000000000004 4.130937337875366
25.0000000000004 4.010108470916748
25.0000000000004 3.935239553451538
25.0000000000004 3.7937798500061035
25.0000000000004 3.770807981491089
25.0000000000004 3.7026255130767822
25.0000000000004 3.6766228675842285
25.0000000000004 3.717130661010742
25.0000000000004 3.7051985263824463
25.0000000000004 3.7065391540527344
25.0000000000004 3.716660737991333
25.0000000000004 3.6982741355895996
25.0000000000004 3.878528118133545
25.0000000000004 4.057077169418335
25.0000000000004 4.074540615081787
25.0000000000004 3.9900028705596924
25.0000000000004 3.901857376098633
