25.00000000000038 6.545805215835571
25.00000000000038 6.640907287597656
25.00000000000038 6.544847249984741
25.00000000000038 7.184772491455078
25.00000000000038 7.027632713317871
25.00000000000038 6.66833758354187
25.00000000000038 6.344527959823608
25.00000000000038 6.093698978424072
25.00000000000038 6.273423194885254
25.00000000000038 6.212928533554077
25.00000000000038 6.392385959625244
25.00000000000038 6.158018589019775
25.00000000000038 6.28166389465332
25.00000000000038 6.319130182266235
25.00000000000038 6.186905860900879
25.00000000000038 6.122116565704346
25.00000000000038 6.741821765899658
25.00000000000038 6.540036678314209
25.00000000000038 6.511047840118408
25.00000000000038 6.630147218704224
25.00000000000038 7.19760274887085
25.00000000000038 6.989829778671265
25.00000000000038 6.705774545669556
25.00000000000038 6.37789249420166
25.00000000000038 6.243390321731567
25.00000000000038 6.293065309524536
25.00000000000038 6.347301483154297
25.00000000000038 6.346314430236816
25.00000000000038 6.254318952560425
25.00000000000038 6.2204365730285645
25.00000000000038 6.183096647262573
25.00000000000038 6.26494836807251
25.00000000000038 6.519923448562622
25.00000000000038 6.646000385284424
25.00000000000038 6.543900489807129
25.00000000000038 7.187912940979004
25.00000000000038 6.938352346420288
25.00000000000038 6.695482492446899
25.00000000000038 6.392015695571899
25.00000000000038 6.108342885971069
25.00000000000038 6.3234663009643555
25.00000000000038 6.272100448608398
25.00000000000038 6.3990373611450195
25.00000000000038 6.240268707275391
25.00000000000038 6.29960036277771
25.00000000000038 6.19586968421936
25.00000000000038 6.174286842346191
25.00000000000038 6.155082702636719
25.00000000000038 6.314276218414307
25.00000000000038 6.441159009933472
