19.000000000000455 13.951382398605347
19.000000000000455 14.013966798782349
19.000000000000455 14.046569585800171
19.000000000000455 15.177869319915771
19.000000000000455 15.08914303779602
19.000000000000455 14.598096132278442
19.000000000000455 14.239799976348877
19.000000000000455 14.340293407440186
19.000000000000455 14.554514169692993
19.000000000000455 15.605142831802368
19.000000000000455 14.457240104675293
19.000000000000455 14.694457530975342
19.000000000000455 14.643854141235352
19.000000000000455 14.24132251739502
19.000000000000455 14.3462073802948
19.000000000000455 14.26085615158081
19.000000000000455 14.213508129119873
19.000000000000455 14.04494047164917
19.000000000000455 13.847561597824097
19.000000000000455 14.318808317184448
19.000000000000455 15.017336130142212
19.000000000000455 14.957975625991821
19.000000000000455 14.634729146957397
19.000000000000455 14.226722002029419
19.000000000000455 14.55839991569519
19.000000000000455 14.679290533065796
19.000000000000455 15.2929208278656
19.000000000000455 14.171854734420776
19.000000000000455 14.589306354522705
19.000000000000455 14.650532722473145
19.000000000000455 14.194220781326294
19.000000000000455 14.224412679672241
19.000000000000455 13.88866400718689
19.000000000000455 13.997685670852661
19.000000000000455 14.594331979751587
19.000000000000455 15.42998194694519
19.000000000000455 14.783249855041504
19.000000000000455 14.45306134223938
19.000000000000455 14.367027282714844
19.000000000000455 14.58870792388916
19.000000000000455 15.380789756774902
19.000000000000455 14.781835317611694
19.000000000000455 14.575887441635132
19.000000000000455 15.025358200073242
19.000000000000455 14.251662492752075
19.000000000000455 14.420932531356812
19.000000000000455 14.039803504943848
19.000000000000455 14.783271551132202
19.000000000000455 13.905006647109985
19.000000000000455 14.470759391784668
