5.000000000000591 33.675132513046265
5.000000000000591 33.99271559715271
5.000000000000591 33.96031355857849
5.000000000000591 35.13703417778015
5.000000000000591 34.953866720199585
5.000000000000591 35.23492693901062
5.000000000000591 33.625675439834595
5.000000000000591 34.05802845954895
5.000000000000591 35.526230335235596
5.000000000000591 35.81573677062988
5.000000000000591 34.31406378746033
5.000000000000591 34.823771953582764
5.000000000000591 34.42958879470825
5.000000000000591 33.86886763572693
5.000000000000591 34.61876153945923
5.000000000000591 34.02523231506348
5.000000000000591 34.01076817512512
5.000000000000591 33.894753217697144
5.000000000000591 33.90902066230774
5.000000000000591 33.89807748794556
5.000000000000591 35.095815896987915
5.000000000000591 35.3676815032959
5.000000000000591 35.26093077659607
5.000000000000591 33.824362993240356
5.000000000000591 34.01873254776001
5.000000000000591 35.48021197319031
5.000000000000591 36.120840549468994
5.000000000000591 34.189359188079834
5.000000000000591 34.815699100494385
5.000000000000591 34.562246322631836
5.000000000000591 33.68985605239868
5.000000000000591 34.73874521255493
5.000000000000591 33.9515860080719
5.000000000000591 33.890148401260376
5.000000000000591 35.40565752983093
5.000000000000591 35.47313213348389
5.000000000000591 35.571911573410034
5.000000000000591 33.92827224731445
5.000000000000591 34.50281500816345
5.000000000000591 35.894259214401245
5.000000000000591 35.875208616256714
5.000000000000591 34.351765394210815
5.000000000000591 35.261722803115845
5.000000000000591 34.74786043167114
5.000000000000591 34.15035104751587
5.000000000000591 34.90919327735901
5.000000000000591 34.1834933757782
5.000000000000591 34.230512380599976
5.000000000000591 31.974485397338867
5.000000000000591 32.31784272193909
