93.76056830093523 51.87068176269531
93.76056830093523 50.5653121471405
93.76056830093523 49.413230419158936
93.76056830093523 48.64329957962036
93.76056830093523 48.33400893211365
93.76056830093523 48.763267278671265
93.76056830093523 48.56066870689392
93.76056830093523 49.60481286048889
93.76056830093523 49.70299410820007
93.76056830093523 49.72393441200256
93.76056830093523 49.304157733917236
93.76056830093523 49.62951111793518
93.76056830093523 49.49526858329773
93.76056830093523 49.65509271621704
93.76056830093523 49.45150327682495
93.76056830093523 49.53599762916565
93.76056830093523 52.19436573982239
93.76056830093523 51.68407893180847
93.76056830093523 49.57913637161255
93.76056830093523 48.38417315483093
93.76056830093523 48.355804681777954
93.76056830093523 48.13533973693848
93.76056830093523 48.206199645996094
93.76056830093523 48.88793134689331
93.76056830093523 49.60236740112305
93.76056830093523 49.59727120399475
93.76056830093523 49.47463369369507
93.76056830093523 49.49449062347412
93.76056830093523 49.44151544570923
93.76056830093523 49.74471831321716
93.76056830093523 49.79046940803528
93.76056830093523 49.42225360870361
93.76056830093523 52.3115611076355
93.76056830093523 49.84160828590393
93.76056830093523 48.69727897644043
93.76056830093523 48.67761826515198
93.76056830093523 48.58799338340759
93.76056830093523 48.563183307647705
93.76056830093523 49.316795110702515
93.76056830093523 50.08903098106384
93.76056830093523 49.83529591560364
93.76056830093523 49.70038676261902
93.76056830093523 50.04548406600952
93.76056830093523 49.89781427383423
93.76056830093523 49.76346826553345
93.76056830093523 49.64013910293579
93.76056830093523 49.80564308166504
93.76056830093523 49.73874568939209
93.76056830093523 50.33211302757263
93.76056830093523 50.516215324401855
