27.000000000000437 36.25218105316162
27.000000000000437 37.812169551849365
27.000000000000437 36.4958119392395
27.000000000000437 35.58948230743408
27.000000000000437 37.64946413040161
27.000000000000437 37.011574506759644
27.000000000000437 34.27792048454285
27.000000000000437 34.289419651031494
27.000000000000437 34.87190270423889
27.000000000000437 35.42751932144165
27.000000000000437 34.84458518028259
27.000000000000437 36.29348611831665
27.000000000000437 36.145124673843384
27.000000000000437 35.26642465591431
27.000000000000437 34.01101469993591
27.000000000000437 33.61256265640259
27.000000000000437 35.420690298080444
27.000000000000437 36.45211625099182
27.000000000000437 37.764487981796265
27.000000000000437 36.78231692314148
27.000000000000437 35.3311071395874
27.000000000000437 37.577232360839844
27.000000000000437 37.06904053688049
27.000000000000437 34.291205644607544
27.000000000000437 34.109692335128784
27.000000000000437 34.97754168510437
27.000000000000437 35.59736204147339
27.000000000000437 34.73039102554321
27.000000000000437 36.2745680809021
27.000000000000437 36.161903381347656
27.000000000000437 35.28300595283508
27.000000000000437 33.5583930015564
27.000000000000437 37.745962619781494
27.000000000000437 35.02630281448364
27.000000000000437 36.96909713745117
27.000000000000437 37.782119274139404
27.000000000000437 35.68326234817505
27.000000000000437 34.24651503562927
27.000000000000437 35.113929748535156
27.000000000000437 35.597421407699585
27.000000000000437 34.87191939353943
27.000000000000437 35.89492583274841
27.000000000000437 35.94315552711487
27.000000000000437 36.951956033706665
27.000000000000437 32.871336460113525
27.000000000000437 35.13001227378845
27.000000000000437 32.507500648498535
27.000000000000437 31.771586418151855
27.000000000000437 33.01771116256714
27.000000000000437 32.56396222114563
