80.59012720216933 50.188409090042114
80.59012720216933 50.22362017631531
80.59012720216933 50.30011487007141
80.59012720216933 50.491867780685425
80.59012720216933 50.37088370323181
80.59012720216933 50.45879817008972
80.59012720216933 50.49958300590515
80.59012720216933 50.5136935710907
80.59012720216933 50.2875771522522
80.59012720216933 50.60489010810852
80.59012720216933 50.24693703651428
80.59012720216933 50.59412384033203
80.59012720216933 50.559560775756836
80.59012720216933 50.27744436264038
80.59012720216933 50.53081297874451
80.59012720216933 50.266926765441895
80.59012720216933 49.89980983734131
80.59012720216933 50.04098320007324
80.59012720216933 50.31589365005493
80.59012720216933 50.31262707710266
80.59012720216933 50.34744310379028
80.59012720216933 50.32714009284973
80.59012720216933 50.31650447845459
80.59012720216933 50.584102153778076
80.59012720216933 50.125572204589844
80.59012720216933 50.23086380958557
80.59012720216933 50.249093770980835
80.59012720216933 50.251232624053955
80.59012720216933 50.31065130233765
80.59012720216933 50.32054615020752
80.59012720216933 50.324143171310425
80.59012720216933 50.31126809120178
80.59012720216933 50.45116424560547
80.59012720216933 50.49254298210144
80.59012720216933 50.54010629653931
80.59012720216933 50.68683052062988
80.59012720216933 50.889408111572266
80.59012720216933 50.67559313774109
80.59012720216933 50.8365957736969
80.59012720216933 50.49655318260193
80.59012720216933 50.988832235336304
80.59012720216933 50.69203162193298
80.59012720216933 50.79332733154297
80.59012720216933 50.64873647689819
80.59012720216933 50.58947563171387
80.59012720216933 50.52915000915527
80.59012720216933 50.47434639930725
80.59012720216933 50.65594696998596
80.59012720216933 51.34619474411011
80.59012720216933 51.20908331871033
