223.42488560931477 20.630486726760864
223.42488560931477 20.608185291290283
223.42488560931477 20.55470085144043
223.42488560931477 20.70933485031128
223.42488560931477 20.704405784606934
223.42488560931477 20.595300912857056
223.42488560931477 20.45361304283142
223.42488560931477 20.981762647628784
223.42488560931477 22.260017156600952
223.42488560931477 20.982841968536377
223.42488560931477 20.770046710968018
223.42488560931477 21.074018716812134
223.42488560931477 22.297778606414795
223.42488560931477 20.63555121421814
223.42488560931477 20.552369594573975
223.42488560931477 20.428821325302124
223.42488560931477 20.549139499664307
223.42488560931477 20.407872200012207
223.42488560931477 20.77035427093506
223.42488560931477 20.562812566757202
223.42488560931477 20.573917865753174
223.42488560931477 20.495431423187256
223.42488560931477 20.317309617996216
223.42488560931477 20.78694438934326
223.42488560931477 22.071719884872437
223.42488560931477 21.25469470024109
223.42488560931477 20.684260606765747
223.42488560931477 20.791558742523193
223.42488560931477 22.193044424057007
223.42488560931477 21.158755779266357
223.42488560931477 20.627004623413086
223.42488560931477 20.39927840232849
223.42488560931477 20.666632175445557
223.42488560931477 20.734665393829346
223.42488560931477 20.74806523323059
223.42488560931477 20.627580642700195
223.42488560931477 20.51794958114624
223.42488560931477 20.74512481689453
223.42488560931477 20.503930807113647
223.42488560931477 21.148404836654663
223.42488560931477 22.342193603515625
223.42488560931477 21.205113172531128
223.42488560931477 21.011350393295288
223.42488560931477 21.713652849197388
223.42488560931477 21.97981023788452
223.42488560931477 20.75282120704651
223.42488560931477 20.579967737197876
223.42488560931477 20.563621044158936
223.42488560931477 20.335785388946533
223.42488560931477 21.11063265800476
