9.000000000000558 6.809140682220459
9.000000000000558 6.412934303283691
9.000000000000558 6.2353596687316895
9.000000000000558 6.464503288269043
9.000000000000558 6.305121660232544
9.000000000000558 6.610241413116455
9.000000000000558 6.628683090209961
9.000000000000558 6.3582634925842285
9.000000000000558 6.488896131515503
9.000000000000558 6.6258111000061035
9.000000000000558 6.545199871063232
9.000000000000558 6.33756685256958
9.000000000000558 6.376619577407837
9.000000000000558 6.4116480350494385
9.000000000000558 6.335678815841675
9.000000000000558 6.338279962539673
9.000000000000558 6.68499755859375
9.000000000000558 6.806865692138672
9.000000000000558 6.291886568069458
9.000000000000558 6.396142244338989
9.000000000000558 6.282145023345947
9.000000000000558 6.410581111907959
9.000000000000558 6.549046039581299
9.000000000000558 6.515527009963989
9.000000000000558 6.346742391586304
9.000000000000558 6.428905248641968
9.000000000000558 6.534529447555542
9.000000000000558 6.42992901802063
9.000000000000558 6.344749450683594
9.000000000000558 6.470957517623901
9.000000000000558 6.295290470123291
9.000000000000558 6.338380575180054
9.000000000000558 6.783132314682007
9.000000000000558 6.436936616897583
9.000000000000558 6.3432605266571045
9.000000000000558 6.461202144622803
9.000000000000558 6.35784387588501
9.000000000000558 6.67152214050293
9.000000000000558 6.622833490371704
9.000000000000558 6.45598578453064
9.000000000000558 6.500041484832764
9.000000000000558 6.698345422744751
9.000000000000558 6.580678462982178
9.000000000000558 6.37406325340271
9.000000000000558 6.431774139404297
9.000000000000558 6.447479248046875
9.000000000000558 6.330283880233765
9.000000000000558 6.4148290157318115
9.000000000000558 6.321504831314087
9.000000000000558 6.3567054271698
