169.21665092461137 12.789379596710205
169.21665092461137 12.687470436096191
169.21665092461137 12.826818227767944
169.21665092461137 12.640285968780518
169.21665092461137 12.529709100723267
169.21665092461137 12.801569938659668
169.21665092461137 12.65504264831543
169.21665092461137 12.67504334449768
169.21665092461137 12.705945491790771
169.21665092461137 12.731196403503418
169.21665092461137 13.14601445198059
169.21665092461137 13.576338768005371
169.21665092461137 13.957838535308838
169.21665092461137 13.628872632980347
169.21665092461137 13.320229768753052
169.21665092461137 13.569833040237427
169.21665092461137 12.75243330001831
169.21665092461137 12.589028358459473
169.21665092461137 12.667975902557373
169.21665092461137 12.643011331558228
169.21665092461137 12.500940799713135
169.21665092461137 12.699606895446777
169.21665092461137 12.622236967086792
169.21665092461137 12.602208852767944
169.21665092461137 12.492811918258667
169.21665092461137 12.74652099609375
169.21665092461137 12.807588815689087
169.21665092461137 13.388735055923462
169.21665092461137 14.058185577392578
169.21665092461137 13.566061973571777
169.21665092461137 13.137983798980713
169.21665092461137 13.432483911514282
169.21665092461137 12.637683391571045
169.21665092461137 12.649104356765747
169.21665092461137 12.947526216506958
169.21665092461137 12.715747117996216
169.21665092461137 12.639254331588745
169.21665092461137 12.726728439331055
169.21665092461137 12.582144260406494
169.21665092461137 12.659130334854126
169.21665092461137 12.727010011672974
169.21665092461137 12.752274751663208
169.21665092461137 13.06781792640686
169.21665092461137 13.485179901123047
169.21665092461137 13.985576868057251
169.21665092461137 13.628495693206787
169.21665092461137 13.486553192138672
169.21665092461137 13.619027853012085
169.21665092461137 12.765082597732544
169.21665092461137 12.95684027671814
