127.50175220244763 38.607096672058105
127.50175220244763 38.9217689037323
127.50175220244763 40.66214108467102
127.50175220244763 40.613377809524536
127.50175220244763 39.99472975730896
127.50175220244763 39.95350766181946
127.50175220244763 40.23832702636719
127.50175220244763 39.81058955192566
127.50175220244763 38.616084575653076
127.50175220244763 39.827629804611206
127.50175220244763 39.067317724227905
127.50175220244763 40.085137605667114
127.50175220244763 39.238778829574585
127.50175220244763 39.88211965560913
127.50175220244763 40.25464916229248
127.50175220244763 40.20856499671936
127.50175220244763 38.50962591171265
127.50175220244763 38.460782289505005
127.50175220244763 40.00282573699951
127.50175220244763 41.02307200431824
127.50175220244763 40.97281885147095
127.50175220244763 39.503504276275635
127.50175220244763 40.02105116844177
127.50175220244763 40.934980154037476
127.50175220244763 38.538902282714844
127.50175220244763 39.51975607872009
127.50175220244763 39.04107189178467
127.50175220244763 39.677199602127075
127.50175220244763 39.31460356712341
127.50175220244763 39.82436203956604
127.50175220244763 39.16843247413635
127.50175220244763 40.94176435470581
127.50175220244763 38.64516353607178
127.50175220244763 40.158666372299194
127.50175220244763 40.91528582572937
127.50175220244763 41.16065979003906
127.50175220244763 39.71127772331238
127.50175220244763 40.063870429992676
127.50175220244763 40.75130534172058
127.50175220244763 39.07648801803589
127.50175220244763 39.083842039108276
127.50175220244763 39.44892358779907
127.50175220244763 39.65277981758118
127.50175220244763 39.908063650131226
127.50175220244763 39.69991755485535
127.50175220244763 39.60674691200256
127.50175220244763 41.13871455192566
127.50175220244763 40.74864196777344
127.50175220244763 38.002832651138306
127.50175220244763 38.188878774642944
