61.64411389942773 68.1038568019867
61.64411389942773 69.7990288734436
61.64411389942773 70.98833775520325
61.64411389942773 69.52403044700623
61.64411389942773 68.32088947296143
61.64411389942773 66.76299548149109
61.64411389942773 66.54882526397705
61.64411389942773 70.83086776733398
61.64411389942773 70.4468412399292
61.64411389942773 67.66824555397034
61.64411389942773 69.68956136703491
61.64411389942773 67.46501731872559
61.64411389942773 70.25439238548279
61.64411389942773 69.64266061782837
61.64411389942773 69.8246808052063
61.64411389942773 71.21606183052063
61.64411389942773 68.90426874160767
61.64411389942773 67.49613738059998
61.64411389942773 70.86282300949097
61.64411389942773 71.67604327201843
61.64411389942773 68.33244609832764
61.64411389942773 66.99029517173767
61.64411389942773 66.14272451400757
61.64411389942773 69.46420502662659
61.64411389942773 69.45923852920532
61.64411389942773 69.74556231498718
61.64411389942773 67.57903552055359
61.64411389942773 68.52500605583191
61.64411389942773 68.88191843032837
61.64411389942773 69.72234034538269
61.64411389942773 70.44555425643921
61.64411389942773 70.03887414932251
61.64411389942773 68.45140337944031
61.64411389942773 71.15412425994873
61.64411389942773 71.52466320991516
61.64411389942773 68.41424870491028
61.64411389942773 67.23518013954163
61.64411389942773 66.5809874534607
61.64411389942773 70.70616626739502
61.64411389942773 69.65071511268616
61.64411389942773 69.77475833892822
61.64411389942773 69.25189089775085
61.64411389942773 68.11462545394897
61.64411389942773 70.29007458686829
61.64411389942773 70.14727020263672
61.64411389942773 70.59823703765869
61.64411389942773 71.53696346282959
61.64411389942773 71.51098251342773
61.64411389942773 63.93942737579346
61.64411389942773 63.99066162109375
