32.0 19.45588254928589
32.0 34.715099573135376
31.0 25.46467113494873
31.0 49.55583429336548
33.0 27.380032777786255
32.0 45.430014848709106
31.0 56.387192487716675
30.0 23.090643644332886
32.0 16.25177264213562
31.0 8.192471265792847
33.0 10.541856288909912
33.0 57.47528600692749
31.0 29.120378732681274
31.0 11.70790147781372
32.0 40.54184627532959
30.0 17.007435083389282
31.0 19.538820266723633
32.0 16.293445348739624
31.0 61.4532675743103
31.0 68.32404017448425
31.0 26.02706241607666
30.0 74.78783559799194
30.0 54.37408137321472
32.0 9.811542510986328
31.0 24.71313786506653
31.0 14.62187385559082
32.0 18.265937089920044
31.0 33.599353075027466
32.0 45.06767654418945
31.0 51.96206068992615
31.0 19.883020877838135
32.0 42.23557090759277
32.0 9.298362493515015
31.0 73.2427339553833
31.0 25.44964909553528
30.0 72.20294547080994
34.0 6.583414793014526
32.0 7.033928871154785
32.0 33.43660640716553
32.0 45.750389099121094
30.0 62.783935546875
31.0 71.12689995765686
32.0 4.411209583282471
31.0 4.44031286239624
31.0 11.72108507156372
31.0 55.40874695777893
31.0 34.0760178565979
32.0 12.514558553695679
33.0 5.119286775588989
31.0 34.57030153274536
