26.0 41.97647142410278
29.0 123.22377634048462
24.0 46.760241746902466
24.0 29.105836153030396
28.0 119.75208330154419
23.0 83.72788500785828
29.0 93.51294469833374
26.0 57.574803829193115
26.0 79.3223180770874
28.0 43.2595694065094
26.0 76.45129919052124
26.0 116.54431939125061
27.0 96.92835688591003
27.0 88.00589752197266
26.0 40.81240892410278
26.0 35.30659294128418
27.0 94.1576738357544
24.0 99.5230164527893
23.0 49.25499105453491
26.0 123.58178925514221
26.0 46.9034960269928
25.0 28.75651454925537
27.0 46.82795310020447
26.0 35.78493905067444
26.0 95.64691829681396
27.0 35.91992139816284
26.0 48.99743866920471
24.0 37.018174171447754
27.0 97.5654022693634
24.0 119.74475264549255
29.0 89.37776708602905
26.0 48.763365507125854
24.0 139.00283288955688
29.0 55.175259828567505
24.0 86.59081864356995
31.0 58.26785969734192
29.0 43.69269824028015
28.0 102.92560601234436
26.0 58.0132155418396
26.0 135.188973903656
27.0 114.86621904373169
26.0 93.43304491043091
28.0 40.85128092765808
26.0 134.57623767852783
30.0 53.54347777366638
26.0 74.28263545036316
26.0 91.18756079673767
27.0 106.54186224937439
26.0 30.922410488128662
26.0 111.61035537719727
