62.0 5.253220319747925
61.0 7.669776439666748
61.0 13.325873851776123
60.0 17.283148050308228
60.0 10.33512830734253
64.0 5.760998487472534
63.0 20.726776123046875
59.0 19.866873741149902
61.0 17.55987524986267
60.0 13.276806831359863
60.0 27.265867471694946
61.0 0.9560763835906982
62.0 3.8393518924713135
61.0 7.034735679626465
62.0 9.613949060440063
61.0 2.377894639968872
60.0 21.414090156555176
61.0 10.652862548828125
62.0 20.643083095550537
61.0 28.416466236114502
63.0 7.008752822875977
64.0 9.190810680389404
62.0 30.94536542892456
60.0 25.028783082962036
60.0 26.026607990264893
60.0 20.549059629440308
61.0 3.013610601425171
61.0 30.1541645526886
61.0 3.36194109916687
62.0 13.65472960472107
61.0 25.08794593811035
60.0 31.018511533737183
62.0 11.246124505996704
61.0 1.6107513904571533
60.0 4.12481951713562
62.0 5.268719911575317
61.0 8.326966285705566
61.0 2.238935947418213
63.0 4.346246242523193
60.0 22.743028163909912
60.0 10.885509967803955
61.0 31.922589540481567
63.0 28.818917989730835
62.0 25.064130783081055
60.0 22.142470359802246
61.0 8.343817234039307
62.0 8.264342308044434
61.0 17.875657558441162
61.0 8.337840795516968
60.0 25.794110536575317
