87.0 2.198789596557617
87.0 17.326997756958008
85.0 13.315379619598389
91.0 12.702513933181763
91.0 2.528900623321533
85.0 12.857666015625
90.0 8.300557613372803
87.0 16.60496711730957
91.0 3.202268123626709
85.0 6.685655355453491
85.0 17.16852855682373
86.0 13.51509428024292
85.0 4.952924013137817
92.0 5.037994146347046
85.0 15.166694641113281
86.0 12.830958127975464
85.0 1.1900968551635742
86.0 12.48140573501587
87.0 0.5831842422485352
84.0 13.82052993774414
85.0 3.195681095123291
91.0 19.104429721832275
88.0 18.816526412963867
89.0 5.656619548797607
91.0 4.124994993209839
91.0 16.298807382583618
85.0 6.784871578216553
85.0 15.370058536529541
86.0 5.599476099014282
87.0 5.015574216842651
87.0 6.0655837059021
84.0 14.726125955581665
91.0 2.1289610862731934
87.0 7.942742824554443
84.0 9.018152713775635
84.0 16.485410928726196
91.0 2.871570348739624
92.0 0.9539268016815186
89.0 0.33864808082580566
86.0 7.014841556549072
85.0 5.208806037902832
85.0 17.430458545684814
86.0 18.962000370025635
86.0 14.05813980102539
91.0 3.315901279449463
86.0 2.9741761684417725
86.0 13.32792615890503
86.0 16.684516429901123
84.0 4.181876182556152
87.0 6.103928804397583
