108.0 2.860764503479004
108.0 9.84887409210205
108.0 5.010460376739502
108.0 0.44023585319519043
106.0 3.1450912952423096
103.0 4.811952829360962
102.0 10.740352869033813
105.0 13.934005498886108
105.0 7.321540832519531
104.0 9.789945840835571
108.0 7.375125885009766
107.0 1.5902700424194336
107.0 14.386842250823975
108.0 5.542328357696533
108.0 1.4937431812286377
105.0 1.3461754322052002
108.0 13.547850847244263
109.0 0.5528955459594727
105.0 9.1972177028656
105.0 9.210647344589233
105.0 6.9300549030303955
108.0 2.504965305328369
105.0 13.777496576309204
108.0 12.453847646713257
108.0 11.421758651733398
108.0 4.937231540679932
104.0 4.101091623306274
104.0 12.079650402069092
104.0 7.885357141494751
108.0 6.425282716751099
108.0 2.234753370285034
108.0 11.861923694610596
104.0 5.451412916183472
108.0 1.2044804096221924
108.0 6.164174556732178
105.0 6.44890022277832
109.0 4.060510873794556
107.0 2.5701615810394287
102.0 5.420067071914673
106.0 9.402656555175781
108.0 11.930511951446533
105.0 9.247815132141113
108.0 2.0520598888397217
104.0 5.689450979232788
108.0 1.6333990097045898
108.0 7.905401706695557
105.0 11.690201044082642
102.0 2.68792462348938
108.0 0.9066066741943359
109.0 7.193537712097168
