59.0 10.56636357307434
60.0 33.583961725234985
58.0 11.953834772109985
59.0 29.298906326293945
59.0 32.541455030441284
57.0 12.605584859848022
58.0 7.62483286857605
60.0 15.233841896057129
62.0 0.770939826965332
60.0 29.80007791519165
59.0 26.023598194122314
55.0 1.2545883655548096
61.0 32.76750612258911
59.0 25.0650053024292
62.0 21.736830234527588
60.0 5.886016607284546
62.0 7.068712949752808
61.0 5.218914031982422
60.0 3.0744469165802
61.0 3.6448283195495605
60.0 15.551733255386353
59.0 14.87691044807434
60.0 7.202898740768433
60.0 31.570095777511597
60.0 21.89949083328247
58.0 29.614295482635498
60.0 2.20111083984375
59.0 30.698306798934937
60.0 7.774677038192749
60.0 3.0718796253204346
58.0 11.863644123077393
62.0 17.05994987487793
59.0 19.722018003463745
60.0 9.315778732299805
60.0 3.458038806915283
60.0 0.7650365829467773
60.0 8.114360332489014
60.0 1.5354037284851074
61.0 9.875368595123291
60.0 4.9717090129852295
62.0 7.865519046783447
62.0 2.3067610263824463
62.0 12.502170085906982
60.0 13.761930227279663
61.0 31.375985383987427
60.0 26.579260110855103
60.0 14.493987321853638
60.0 2.047231674194336
60.0 9.150693655014038
60.0 16.985577821731567
