127.0 2.4175870418548584
127.0 4.543496370315552
127.0 1.538358449935913
127.0 0.31130123138427734
127.0 0.8293607234954834
128.0 9.620460987091064
127.0 3.2498691082000732
127.0 3.990320920944214
127.0 1.4904565811157227
128.0 8.29774260520935
127.0 4.813520431518555
127.0 1.2641773223876953
127.0 3.6813809871673584
127.0 8.175057888031006
128.0 6.943384647369385
128.0 3.4752144813537598
127.0 0.5808041095733643
127.0 2.319558620452881
127.0 0.7415800094604492
129.0 3.379321336746216
127.0 2.0521352291107178
127.0 10.890572547912598
128.0 0.9545671939849854
128.0 0.6215848922729492
127.0 6.868622064590454
127.0 0.07320284843444824
127.0 8.632846593856812
127.0 1.9196321964263916
127.0 4.251497507095337
127.0 8.190257787704468
128.0 9.463404178619385
127.0 9.239532470703125
130.0 1.1917614936828613
128.0 5.509977340698242
127.0 8.371999979019165
127.0 0.4393017292022705
129.0 3.7404375076293945
127.0 4.9824230670928955
127.0 7.375792980194092
127.0 12.198815107345581
127.0 10.909196138381958
127.0 2.0225882530212402
129.0 7.09102725982666
127.0 6.538921594619751
127.0 4.057406425476074
127.0 0.5959208011627197
127.0 5.7924885749816895
127.0 4.624807357788086
127.0 5.087103605270386
127.0 10.386202096939087
