30.0 20.539616107940674
29.0 95.66583156585693
29.0 35.0582013130188
28.0 79.25213241577148
30.0 83.92464995384216
28.0 88.01685047149658
27.0 97.77965927124023
27.0 72.66268992424011
29.0 57.676732540130615
31.0 14.683839559555054
28.0 17.36479663848877
29.0 34.196311950683594
28.0 11.819346189498901
28.0 11.515535354614258
29.0 25.893243074417114
28.0 57.30689573287964
29.0 53.39155292510986
28.0 70.89431142807007
28.0 22.723737239837646
27.0 21.96385359764099
26.0 96.10343384742737
29.0 35.56144118309021
28.0 85.35883831977844
28.0 8.041547775268555
27.0 89.27628254890442
27.0 98.8648796081543
28.0 11.118544816970825
28.0 14.264410018920898
28.0 24.196083545684814
30.0 78.92103123664856
28.0 27.374104499816895
28.0 25.090181350708008
30.0 59.324018239974976
28.0 12.316041946411133
27.0 83.68109083175659
28.0 97.18950629234314
28.0 12.235411643981934
28.0 68.63965129852295
29.0 78.18243885040283
28.0 63.694634437561035
28.0 32.88339185714722
28.0 30.812915563583374
28.0 18.15014910697937
26.0 62.71531963348389
30.0 46.992016553878784
30.0 22.206169843673706
29.0 26.94399642944336
30.0 22.8152334690094
29.0 43.35316801071167
28.0 31.575184106826782
