20 5 0 20 0 20 5 0
18824.9742871859 14151.185555343858 red
9092.982136776514 18576.416125070988 red
14735.884962338565 11664.393712289422 red
13944.638178686395 8734.736849672536 red
12577.095491240807 6457.758899772326 red
13943.364251229712 8729.901861685466 red
18828.262328982313 14147.4187554892 red
12572.406033728721 6459.493543321397 red
14733.077909143234 11660.256025452723 red
9095.112512227039 18571.89268606512 red
13945.629529418813 8734.448041336625 red
12577.693562458084 6456.16741497874 red
14736.26281295499 11664.822840374045 red
13943.771002705585 8735.560055545195 red
13943.780263575 8735.400913229212 red
13944.780355969771 8735.32855178777 red
18827.104279336287 14150.878035192436 red
13943.077893422365 8733.851426759375 red
18825.742129683986 14152.715582946057 red
12576.179462343802 6456.0873400666305 red