26.0 38.822221994400024
27.0 1.04311203956604
27.0 0.8445515632629395
27.0 1.086097240447998
27.0 2.7646584510803223
27.0 5.5785956382751465
26.0 44.05010271072388
27.0 1.3834936618804932
27.0 1.425997018814087
27.0 4.156820774078369
27.0 1.9817276000976562
26.0 61.67412972450256
27.0 2.1410269737243652
27.0 0.4314897060394287
27.0 0.7327637672424316
27.0 1.3793163299560547
27.0 3.470391035079956
27.0 4.262829065322876
27.0 1.886075735092163
27.0 1.9841337203979492
27.0 3.7367804050445557
27.0 3.467799425125122
26.0 59.75914478302002
27.0 0.9546506404876709
27.0 0.7293548583984375
27.0 3.7969555854797363
27.0 6.422956228256226
27.0 0.33464550971984863
27.0 4.653632879257202
27.0 1.011162519454956
27.0 0.6564018726348877
27.0 0.3537750244140625
27.0 2.1353676319122314
27.0 1.8218951225280762
27.0 0.21702241897583008
27.0 1.2405991554260254
27.0 1.2557361125946045
27.0 3.325279474258423
27.0 0.6321437358856201
27.0 5.754943370819092
27.0 2.303895950317383
27.0 0.4349527359008789
27.0 5.058102607727051
27.0 4.292884588241577
27.0 1.6702055931091309
27.0 2.669314384460449
27.0 3.2262749671936035
27.0 1.8174092769622803
27.0 1.056501865386963
27.0 3.054810047149658
