52.0 22.397610664367676
54.0 0.23511219024658203
53.0 2.1150050163269043
50.0 21.83065390586853
52.0 12.666890859603882
52.0 14.409299373626709
53.0 12.260534286499023
50.0 18.174601554870605
52.0 14.501755952835083
52.0 11.253034830093384
52.0 8.585718870162964
53.0 7.189403772354126
52.0 18.994359970092773
52.0 16.51547932624817
50.0 25.30336904525757
54.0 2.3526105880737305
50.0 15.635852098464966
53.0 8.04015827178955
52.0 25.534319639205933
52.0 18.005298376083374
53.0 5.947472095489502
53.0 12.463391780853271
52.0 2.9900014400482178
52.0 11.943790674209595
52.0 4.156771421432495
52.0 3.217536211013794
52.0 19.015457153320312
52.0 10.967586517333984
53.0 16.73106050491333
53.0 0.7543601989746094
52.0 2.876248598098755
52.0 3.307664394378662
52.0 12.902992010116577
53.0 24.658501386642456
52.0 24.574625730514526
53.0 18.734988689422607
52.0 2.918536424636841
53.0 10.169437646865845
52.0 2.08681583404541
52.0 4.09202766418457
53.0 3.613271474838257
52.0 6.358001947402954
50.0 24.506999254226685
53.0 10.923279047012329
52.0 12.598429203033447
53.0 20.04810404777527
52.0 0.8232364654541016
53.0 4.497578144073486
52.0 18.29027557373047
52.0 1.966968297958374
