38.0 0.2137300968170166
38.0 0.7349555492401123
38.0 7.423053026199341
38.0 4.3124098777771
38.0 1.6275229454040527
38.0 1.906592845916748
38.0 0.9639451503753662
38.0 4.770035982131958
38.0 0.928999662399292
38.0 1.23569917678833
38.0 0.19640660285949707
38.0 1.9442248344421387
38.0 0.737302303314209
38.0 1.4090476036071777
38.0 1.482452392578125
38.0 0.09103965759277344
38.0 1.2729170322418213
38.0 1.0537807941436768
38.0 0.31800365447998047
38.0 2.976813554763794
38.0 0.9369509220123291
38.0 2.58902645111084
38.0 0.3358581066131592
38.0 2.1622660160064697
38.0 4.884998798370361
38.0 0.0959630012512207
38.0 2.2200376987457275
38.0 1.7954740524291992
38.0 2.595937728881836
38.0 2.0442426204681396
38.0 3.796456813812256
38.0 2.274479627609253
38.0 2.674048662185669
38.0 1.0079667568206787
38.0 2.1976213455200195
38.0 1.2737009525299072
38.0 4.699078321456909
38.0 0.27184224128723145
38.0 0.6280548572540283
38.0 3.937065601348877
38.0 0.23061251640319824
38.0 3.5820395946502686
38.0 0.3785736560821533
38.0 5.865609884262085
38.0 8.683751583099365
38.0 1.5443229675292969
38.0 0.24898862838745117
38.0 2.1912996768951416
38.0 3.2483770847320557
38.0 3.0209643840789795
