74.0 1.8918571472167969
74.0 1.1508245468139648
74.0 1.358536958694458
74.0 1.7940068244934082
74.0 0.7120230197906494
74.0 1.413743019104004
74.0 0.5199742317199707
74.0 1.2871527671813965
74.0 0.8673639297485352
74.0 0.7158949375152588
74.0 1.6896312236785889
74.0 1.3781788349151611
74.0 0.7913374900817871
74.0 1.1669800281524658
74.0 4.207211971282959
74.0 1.0494117736816406
74.0 0.9532866477966309
74.0 0.9926896095275879
74.0 1.0570440292358398
74.0 1.9564383029937744
74.0 1.0666093826293945
74.0 2.5296108722686768
74.0 0.8926150798797607
74.0 2.519012928009033
74.0 3.2294976711273193
74.0 1.360469102859497
74.0 1.3352389335632324
74.0 2.060152530670166
74.0 0.6972899436950684
74.0 0.8973836898803711
74.0 2.346525192260742
74.0 3.6063921451568604
74.0 2.1792562007904053
74.0 1.5661029815673828
74.0 0.9095354080200195
74.0 1.304025411605835
74.0 1.1226806640625
74.0 1.8495855331420898
74.0 1.7591464519500732
74.0 0.4967343807220459
74.0 5.580846548080444
74.0 0.9380128383636475
74.0 1.0000278949737549
74.0 2.115899085998535
74.0 2.4260056018829346
74.0 0.7667236328125
74.0 1.5218133926391602
74.0 1.1982066631317139
74.0 2.6303133964538574
74.0 1.325042724609375
