94.0 4.953843116760254
94.0 0.7080104351043701
94.0 0.20232415199279785
94.0 0.3289947509765625
94.0 0.9846251010894775
94.0 0.7818624973297119
94.0 0.05666708946228027
94.0 0.41329121589660645
94.0 0.2565770149230957
94.0 0.540454626083374
94.0 0.7240176200866699
94.0 0.20224857330322266
94.0 0.6623752117156982
94.0 1.1303346157073975
94.0 0.07103109359741211
94.0 0.48438024520874023
94.0 1.3149402141571045
94.0 0.7838833332061768
94.0 1.840090274810791
94.0 0.35474348068237305
94.0 2.117316484451294
94.0 0.32674074172973633
94.0 2.4985435009002686
94.0 0.18702292442321777
94.0 0.3576810359954834
94.0 0.27605366706848145
94.0 0.9448530673980713
94.0 0.2834491729736328
94.0 0.05926179885864258
94.0 2.9014642238616943
94.0 1.0817780494689941
94.0 0.7523190975189209
94.0 0.06733298301696777
94.0 0.20533013343811035
94.0 1.3273239135742188
94.0 0.2814826965332031
94.0 0.18137764930725098
94.0 0.15684270858764648
94.0 1.2808101177215576
94.0 1.8484487533569336
94.0 0.22412729263305664
94.0 0.29974913597106934
94.0 4.034276723861694
94.0 1.5186023712158203
94.0 0.47190332412719727
94.0 0.06243538856506348
94.0 0.1399235725402832
94.0 0.2498030662536621
94.0 0.4210188388824463
94.0 1.8643462657928467
