21.0 1.463254451751709
21.0 2.030956745147705
21.0 7.047398090362549
19.0 84.84963417053223
21.0 2.1295876502990723
21.0 9.394038438796997
21.0 0.679847002029419
21.0 2.468970775604248
21.0 0.8283388614654541
21.0 0.5937559604644775
19.0 75.40658140182495
21.0 2.9120633602142334
21.0 2.6274492740631104
21.0 0.6698815822601318
21.0 3.8029098510742188
21.0 1.6479294300079346
21.0 4.044884920120239
21.0 2.446376323699951
21.0 0.29917263984680176
21.0 0.5032942295074463
21.0 1.8469679355621338
21.0 1.4832916259765625
21.0 2.4099979400634766
21.0 2.5283148288726807
21.0 0.29813575744628906
21.0 1.7496862411499023
21.0 5.729685306549072
21.0 1.1188325881958008
21.0 2.3304519653320312
21.0 0.595679521560669
21.0 2.0639700889587402
21.0 2.374955177307129
21.0 1.9478507041931152
21.0 0.5790054798126221
21.0 2.124253034591675
21.0 2.2898991107940674
21.0 0.9750189781188965
21.0 1.0179901123046875
21.0 1.3217072486877441
21.0 3.106982707977295
21.0 3.7278151512145996
21.0 5.28484845161438
21.0 1.4448912143707275
21.0 5.105263948440552
21.0 1.108769178390503
21.0 3.280442476272583
21.0 5.452772617340088
21.0 1.8856844902038574
21.0 0.7096986770629883
19.0 51.65725636482239
