40.0 2.1908044815063477
40.0 2.6489617824554443
40.0 17.989655256271362
40.0 0.6123051643371582
40.0 2.534130573272705
40.0 1.598761796951294
40.0 1.7969152927398682
40.0 0.5934104919433594
40.0 2.669660806655884
40.0 0.8620898723602295
40.0 1.4536833763122559
40.0 8.516313076019287
40.0 1.4545180797576904
40.0 1.3688182830810547
40.0 2.2884976863861084
40.0 1.3080711364746094
40.0 2.0056064128875732
40.0 1.0466325283050537
40.0 1.0555684566497803
40.0 9.127994060516357
40.0 4.492182731628418
40.0 1.7396459579467773
40.0 1.1338880062103271
40.0 1.9139297008514404
40.0 1.6918835639953613
40.0 2.0648181438446045
40.0 4.52494740486145
40.0 2.0004758834838867
40.0 2.5401270389556885
40.0 0.9463696479797363
40.0 0.6471660137176514
40.0 1.6003494262695312
40.0 2.4801368713378906
40.0 10.6192307472229
40.0 1.4453890323638916
40.0 0.9256000518798828
40.0 2.957286834716797
40.0 1.4214541912078857
40.0 1.9024529457092285
40.0 1.3934433460235596
40.0 7.956254005432129
40.0 0.9624161720275879
40.0 1.6475563049316406
40.0 1.1496567726135254
40.0 0.9291462898254395
40.0 1.206111192703247
40.0 2.5359981060028076
40.0 12.23857831954956
40.0 10.92707633972168
40.0 1.168886423110962
