26.0 1.7831223011016846
26.0 0.5168237686157227
26.0 0.4848060607910156
26.0 1.5316927433013916
26.0 0.2175607681274414
26.0 0.37401700019836426
26.0 1.1004483699798584
26.0 0.6185674667358398
26.0 0.8659460544586182
26.0 0.6155164241790771
26.0 2.3833279609680176
26.0 0.8162226676940918
26.0 0.9717237949371338
26.0 0.25786590576171875
26.0 1.1526193618774414
26.0 1.8216257095336914
26.0 1.420137643814087
26.0 0.2561025619506836
26.0 1.140028715133667
26.0 2.685462713241577
26.0 0.37053346633911133
26.0 0.4876236915588379
26.0 0.27675342559814453
26.0 2.6249868869781494
26.0 0.21785569190979004
26.0 1.1614100933074951
26.0 0.578406810760498
26.0 0.18410420417785645
26.0 0.5161969661712646
26.0 0.8963620662689209
26.0 0.8360538482666016
26.0 0.21176791191101074
26.0 0.4039647579193115
26.0 0.6552085876464844
26.0 0.26276350021362305
26.0 1.101719617843628
26.0 0.9308154582977295
26.0 0.5140478610992432
26.0 0.5161430835723877
26.0 0.945814847946167
26.0 2.7833404541015625
26.0 3.019381523132324
26.0 2.0504722595214844
26.0 0.24951791763305664
26.0 1.0281946659088135
26.0 0.7557549476623535
26.0 0.9776580333709717
26.0 0.6719188690185547
26.0 4.329223871231079
26.0 3.0339150428771973
