16.0 10.765695571899414
16.0 19.53373146057129
15.0 47.73958611488342
15.0 25.60274600982666
15.0 30.156852960586548
15.0 17.309049606323242
15.0 21.19474983215332
15.0 110.8853018283844
16.0 15.761084079742432
15.0 24.724610805511475
16.0 3.3961806297302246
16.0 2.5411813259124756
16.0 46.658267974853516
16.0 4.035323858261108
15.0 120.0171263217926
15.0 34.441853523254395
15.0 52.68641448020935
15.0 43.650572299957275
15.0 2.3258280754089355
15.0 19.570505380630493
15.0 70.7970700263977
16.0 7.369212865829468
15.0 114.39209127426147
16.0 8.312194585800171
15.0 117.87894916534424
15.0 28.04568123817444
16.0 24.527491569519043
16.0 12.739495992660522
15.0 58.039740800857544
15.0 82.9554054737091
15.0 23.331250190734863
16.0 11.428981065750122
15.0 42.44816565513611
16.0 33.12539482116699
16.0 7.1537768840789795
15.0 22.45467972755432
15.0 72.35714411735535
16.0 7.55241847038269
15.0 69.08320999145508
15.0 0.938551664352417
15.0 51.90075182914734
15.0 17.010910749435425
15.0 68.57858157157898
15.0 67.2702841758728
15.0 106.29455995559692
15.0 36.180885791778564
15.0 44.755316734313965
16.0 1.4139866828918457
15.0 96.95288348197937
15.0 42.28341317176819
