58.0 8.204893350601196
58.0 6.611351013183594
58.0 0.8442974090576172
58.0 0.4719111919403076
58.0 4.49384617805481
58.0 12.474673748016357
58.0 0.21066975593566895
58.0 2.0366342067718506
58.0 7.036058664321899
58.0 9.307168960571289
58.0 4.607769250869751
58.0 0.6697690486907959
58.0 3.130882501602173
58.0 10.916836500167847
58.0 3.8535070419311523
58.0 0.17339801788330078
58.0 3.1538033485412598
58.0 1.1682872772216797
58.0 6.409498453140259
58.0 4.473283529281616
58.0 6.88777232170105
58.0 6.6553871631622314
58.0 4.394657135009766
58.0 0.07700467109680176
58.0 3.858009099960327
58.0 1.3233544826507568
58.0 9.770878076553345
58.0 0.6826679706573486
58.0 2.7451107501983643
58.0 2.0930652618408203
58.0 9.244343519210815
58.0 6.639758110046387
58.0 3.6543092727661133
58.0 1.2202825546264648
58.0 1.2917189598083496
58.0 5.550769567489624
58.0 7.3025195598602295
58.0 0.4485795497894287
58.0 9.855992794036865
58.0 7.050909519195557
58.0 7.910592317581177
58.0 2.636679172515869
58.0 4.181087493896484
58.0 2.7104334831237793
58.0 1.2186145782470703
58.0 0.5139105319976807
58.0 0.270066499710083
58.0 0.7339885234832764
58.0 1.1661159992218018
58.0 3.5445504188537598
