26.0 21.30176043510437
25.0 2.7757608890533447
26.0 29.043134212493896
25.0 33.12442994117737
25.0 33.78977370262146
26.0 31.759999752044678
26.0 44.33906579017639
25.0 22.868522882461548
26.0 9.161478042602539
26.0 4.739194869995117
26.0 10.824268817901611
26.0 44.3322012424469
26.0 10.46696400642395
25.0 5.434383153915405
26.0 12.547655820846558
25.0 23.044774532318115
28.0 0.6039028167724609
25.0 28.312944889068604
26.0 4.124867916107178
28.0 16.95071315765381
26.0 0.17436838150024414
25.0 6.223042249679565
25.0 34.25709652900696
28.0 6.445064067840576
25.0 43.67358422279358
25.0 33.581982374191284
25.0 40.83137321472168
25.0 9.925841331481934
25.0 38.57791304588318
25.0 29.12201476097107
25.0 3.420686960220337
26.0 43.04041647911072
26.0 20.1081964969635
26.0 37.966383934020996
28.0 3.3398077487945557
26.0 38.77394223213196
26.0 16.536903619766235
26.0 5.216785192489624
28.0 0.7623798847198486
27.0 28.884848833084106
26.0 35.38800406455994
26.0 45.98804545402527
26.0 5.531700849533081
26.0 3.863245725631714
25.0 14.660650730133057
26.0 18.58877205848694
25.0 14.230525493621826
26.0 3.0939533710479736
25.0 39.50559592247009
25.0 11.529083013534546
