56.0 0.08199810981750488
56.0 0.9226951599121094
56.0 0.03100895881652832
56.0 0.12698674201965332
56.0 0.03600001335144043
56.0 0.17688703536987305
56.0 0.5567605495452881
56.0 0.19599652290344238
56.0 0.1400003433227539
56.0 0.1552138328552246
56.0 0.05101132392883301
56.0 0.667090654373169
56.0 0.0999908447265625
56.0 0.14972496032714844
56.0 0.06499886512756348
56.0 0.39554882049560547
56.0 0.0540006160736084
56.0 0.4342203140258789
56.0 0.07500195503234863
56.0 0.2479102611541748
56.0 0.12099885940551758
56.0 0.34884071350097656
56.0 0.28565096855163574
56.0 0.7620699405670166
56.0 0.7615954875946045
56.0 0.12500333786010742
56.0 0.15799784660339355
56.0 0.24452590942382812
56.0 0.1827700138092041
56.0 0.07020759582519531
56.0 0.8089714050292969
56.0 0.03700089454650879
56.0 0.29406309127807617
56.0 0.21200084686279297
56.0 0.032411813735961914
56.0 0.12800979614257812
56.0 0.028000593185424805
56.0 0.09900045394897461
56.0 0.43897318840026855
56.0 0.8541486263275146
56.0 0.12753081321716309
56.0 0.3112969398498535
56.0 0.06699991226196289
56.0 0.35933756828308105
56.0 0.09100222587585449
56.0 0.26954221725463867
56.0 0.2515411376953125
56.0 0.12748217582702637
56.0 0.4310905933380127
56.0 0.14327764511108398
