79.0 1.9857971668243408
79.0 6.735451936721802
79.0 1.5657587051391602
79.0 2.8428685665130615
79.0 4.677812337875366
79.0 0.9559221267700195
79.0 3.447962522506714
79.0 2.050252914428711
79.0 1.4291133880615234
79.0 1.5638980865478516
79.0 0.9482307434082031
79.0 1.3396363258361816
79.0 1.5696148872375488
79.0 1.211132526397705
79.0 0.2925703525543213
79.0 1.3675050735473633
79.0 0.8668100833892822
79.0 1.6464765071868896
79.0 1.0238165855407715
79.0 1.3528079986572266
79.0 1.1194548606872559
79.0 2.1691973209381104
79.0 1.3159172534942627
79.0 2.6447556018829346
79.0 1.0951197147369385
79.0 2.163905382156372
79.0 0.7268562316894531
79.0 1.436225175857544
79.0 2.271937847137451
79.0 0.8800942897796631
79.0 1.1616270542144775
79.0 1.2219271659851074
79.0 5.1974334716796875
79.0 1.3092119693756104
79.0 2.5004167556762695
79.0 0.9709434509277344
79.0 0.9924733638763428
79.0 1.1368303298950195
79.0 1.0407772064208984
79.0 2.8221137523651123
79.0 0.7704603672027588
79.0 1.274463176727295
79.0 0.7926535606384277
79.0 1.0910489559173584
79.0 1.5529208183288574
79.0 1.7403581142425537
79.0 2.269609212875366
79.0 2.1244804859161377
79.0 4.533514499664307
79.0 1.3849878311157227
