39.0 1.2659857273101807
39.0 7.335821628570557
39.0 16.46190071105957
39.0 3.338038444519043
39.0 8.098998308181763
39.0 3.7549939155578613
39.0 3.9417173862457275
39.0 2.8027193546295166
39.0 1.1286659240722656
39.0 2.960930585861206
39.0 22.14357614517212
39.0 6.882161378860474
39.0 3.1719651222229004
39.0 8.231052875518799
39.0 6.717031240463257
39.0 2.410099506378174
39.0 4.214484691619873
39.0 8.44311237335205
39.0 4.071376085281372
39.0 2.2054576873779297
39.0 21.650471687316895
39.0 9.025516271591187
39.0 2.8951492309570312
39.0 7.331132173538208
39.0 3.9241302013397217
39.0 3.8331754207611084
39.0 2.5223891735076904
39.0 5.333199501037598
39.0 10.30382490158081
39.0 4.564971923828125
39.0 2.170778751373291
39.0 3.77903413772583
39.0 1.446507215499878
39.0 13.638956785202026
39.0 2.3326611518859863
39.0 2.6542749404907227
39.0 5.950927972793579
39.0 1.8404664993286133
39.0 2.1610283851623535
39.0 5.905557155609131
39.0 3.3123185634613037
39.0 0.9871194362640381
39.0 7.05156397819519
39.0 1.7520310878753662
39.0 5.474964618682861
39.0 4.833886623382568
39.0 9.578361511230469
39.0 7.785616397857666
39.0 9.493370294570923
39.0 5.760492563247681
