47.0 4.102946996688843
47.0 1.1578574180603027
47.0 0.9859015941619873
47.0 1.1136763095855713
47.0 4.7762250900268555
47.0 3.581507682800293
47.0 1.4628393650054932
47.0 3.1593973636627197
47.0 2.88785719871521
47.0 2.5842955112457275
47.0 1.713507890701294
47.0 0.6939494609832764
47.0 1.287841558456421
47.0 5.805591344833374
47.0 1.1191232204437256
47.0 1.114680290222168
47.0 1.9122347831726074
47.0 0.9504880905151367
47.0 1.1410679817199707
47.0 2.3080148696899414
47.0 1.18341064453125
47.0 3.7851603031158447
47.0 1.08497953414917
47.0 1.2021772861480713
47.0 1.5388877391815186
47.0 4.903019428253174
47.0 1.9800944328308105
47.0 1.8111493587493896
47.0 0.701202392578125
47.0 2.018761157989502
47.0 1.9173705577850342
47.0 3.0336081981658936
47.0 4.908201456069946
47.0 0.836564302444458
47.0 1.0395753383636475
47.0 1.2091972827911377
47.0 1.2603189945220947
47.0 2.1098453998565674
47.0 3.710139513015747
47.0 1.8770856857299805
47.0 1.0542676448822021
47.0 1.090024709701538
47.0 0.9570341110229492
47.0 0.9958984851837158
47.0 1.1343579292297363
47.0 1.3390402793884277
47.0 1.031980276107788
47.0 0.9332194328308105
47.0 5.469786643981934
47.0 3.4973549842834473
