98.0 0.21401309967041016
98.0 0.8390052318572998
98.0 1.3201851844787598
98.0 1.7956032752990723
98.0 0.18250131607055664
98.0 0.18182969093322754
98.0 0.5981593132019043
98.0 0.6339983940124512
98.0 0.8891477584838867
98.0 0.35692930221557617
98.0 0.40000081062316895
98.0 1.007953405380249
98.0 0.30985069274902344
98.0 0.17803239822387695
98.0 0.5931198596954346
98.0 0.9350583553314209
98.0 0.9150326251983643
98.0 0.3499484062194824
98.0 0.7724404335021973
98.0 4.829134225845337
98.0 0.7567665576934814
98.0 1.0721187591552734
98.0 0.8151998519897461
98.0 2.9061567783355713
98.0 0.7208797931671143
98.0 1.1741068363189697
98.0 2.227186679840088
98.0 0.2810478210449219
98.0 1.5450870990753174
98.0 0.0656290054321289
98.0 1.6343560218811035
98.0 1.3078463077545166
98.0 0.5134282112121582
98.0 0.13210082054138184
98.0 0.6360971927642822
98.0 2.1829617023468018
98.0 0.8642868995666504
98.0 1.1890594959259033
98.0 0.207489013671875
98.0 0.14176368713378906
98.0 1.8494601249694824
98.0 3.3329412937164307
98.0 0.9462215900421143
98.0 0.1268444061279297
98.0 0.5563755035400391
98.0 0.05109691619873047
98.0 0.681441068649292
98.0 1.2055044174194336
98.0 1.075402021408081
98.0 0.20908117294311523
