100 22 78 33 39.05 16 58
9487 34.0905761667 -118.3720636333 1
9488 34.10928725 -118.34427595 1
9489 34.09075855 -118.3701109833 4
9490 30.2664542167 -97.7384305 49
9491 30.2666366 -97.7379369667 77
9493 30.2666580667 -97.73763655 42
9494 30.2666473333 -97.7375721833 303
9496 50.7796669 -1.8550586667 3
9497 32.93762325 -97.1004295333 8
9498 32.86041855 -96.7223668 10
9499 47.6094353167 -122.33971595 9
9500 26.0467386167 -80.3112173 3
9501 30.2722907 -97.7457904667 24
9502 30.2734923333 -97.7427649333 21
9503 30.2700698333 -97.742486 178
9504 33.0418114849 -97.035176754 2
9505 30.2869270849 -97.7400505543 21
9506 30.2873218 -97.7405548 27
9507 39.0413331833 -94.5935940667 38
9508 30.2509939667 -97.7489662167 93
9509 47.6031053 -122.33804225 16
9510 30.270083 -97.750427 331
9511 37.8592944 23.7563467 1
9512 41.4626491 -73.2313013 26
9513 37.1388745167 -93.33735465 1
9514 39.0945374833 -94.5799255333 5
9515 30.2738142 -97.73819445 17
9516 32.93907165 -97.1089482167 3
9517 34.6708238 -118.14444065 1
9518 34.0175879 -118.4870553 253
9519 37.4269115833 -122.1443653 102
9520 26.0848581667 -80.25162935 9
9521 32.8568565833 -97.1855950333 50
9522 32.914801122 -96.6360104084 19
9523 34.0181350667 -118.4896302167 62
9524 32.9137837833 -96.6351842833 3
9525 32.9133760833 -96.6376733667 10
9526 32.9130220333 -96.6375231667 11
9527 30.2669370167 -97.7369928333 16
9528 35.1423519845 -90.0513366212 42
9529 30.2780520833 -97.77145385 308
9530 22.4120451657 113.9787179232 11
9531 33.3815717667 -86.8036222333 4
9532 33.3879232333 -86.8052315667 13
9533 33.3868396167 -86.7932581833 3
9534 32.9298233833 -97.0897006833 7
9535 32.8631973167 -97.0583510333 9
9537 32.9214334333 -97.0819544667 27
9538 34.6812307833 -118.1562638167 2
9539 26.1104035333 -80.300467 4
9540 32.7642715944 -117.2266530991 177
9542 37.4178905947 -122.0255327225 180
9544 32.9403591 -97.1299767333 7
9545 32.9392540333 -97.1302127833 12
9546 32.9415392833 -97.1286463667 18
9547 32.9415929167 -97.1286463667 14
9548 33.0190551167 -97.0215082167 6
9550 43.0742168333 -88.06782245 5
9551 32.9419684333 -97.1317148167 14
9552 37.8325478398 -122.2411608696 5
9553 32.9421293667 -97.1317362667 21
9554 33.0383563 -97.01981305 7
9555 33.041073999 -97.0193302631 9
9556 32.9388951018 -97.1044930816 5
9557 32.9402196333 -97.1042060833 27
9558 32.9389750833 -97.1084117833 8
9559 33.04737925 -96.9957160833 5
9560 33.0468106167 -96.9963598167 3
9561 33.0500292667 -97.0050287167 6
9562 32.9407238833 -97.0868682833 4
9563 32.9391252833 -97.10862635 7
9566 32.9403698333 -97.1094846667 14
9567 33.0404174515 -97.0266258717 11
9568 30.4575455167 -97.80936955 48
9569 32.9401445333 -97.1095275833 14
9570 32.94026255 -97.1095705 12
9571 32.9410350167 -97.1090126 44
9572 33.0240225667 -97.0286107 8
9574 37.8720831833 -122.2506666167 2
9576 37.8720831833 -122.2578549333 14
9577 39.04366135 -94.6198368 42
9578 37.8690435364 -122.2548079491 33
9579 37.8462146627 -122.2520506382 57
9580 47.6375276859 -122.3563885689 34
9581 32.9017245667 -97.0370435667 8
9582 32.9125285 -96.6384029333 9
9583 37.7830445667 -122.46513605 43
9584 32.9118311333 -96.6378450333 2
9585 32.9831135167 -97.0378375 3
9586 -37.75654435 144.9158692333 4
9589 35.0968980667 -89.8405694833 20
9590 37.5304555833 -122.2634983 19
9591 37.4479079167 -122.1597719167 296
9593 33.5611371083 -86.7510938644 248
9596 38.9439153667 -77.3611736167 18
9597 33.0016207667 -97.04496145 22
9598 33.0107777819 -97.0460557938 30
9599 33.01445245 -97.0701098333 13
9600 33.0144934067 -97.0699703693 16
9601 33.0349338 -97.0712256333 1
