100 20 80 20 122.92 15 60
9381 32.8702611053 -96.939368248 20
9382 30.2638859739 -97.7379798889 419
9383 32.9385995833 -97.0784568667 23
9384 32.9415017752 -97.1172094345 75
9385 32.9426658 -97.1302556833 48
9386 32.9416570927 -97.131229341 31
9387 32.9406058667 -97.0664620333 29
9388 32.9424726833 -97.1292471833 97
9389 32.9403054667 -97.1326804 34
9390 32.9396080833 -97.1816039 8
9392 32.8122138833 -96.7616128833 5
9393 30.3469741333 -97.7276587333 4
9394 32.9736129254 -97.0374834538 95
9395 32.9543404333 -97.0635867119 147
9396 32.9388463333 -97.0783925 8
9397 32.9389429 -97.0783710333 9
9398 32.9295444333 -97.0752382167 11
9399 32.9306387833 -97.07628965 37
9400 32.9286217667 -97.0761179833 8
9401 32.9396402833 -97.076869 4
9402 32.9952692833 -97.0467638833 13
9403 32.9390823833 -97.2539591667 6
9404 32.93836355 -97.2528648333 15
9405 32.9378378333 -97.2531437833 4
9406 51.53419375 -0.10505675 35
9407 30.3368675667 -97.7579569667 103
9408 32.8122138833 -96.7530727333 23
9409 32.9585981333 -97.0965027667 25
9410 30.2015573297 -97.6671266556 4713
9411 30.2576215259 -97.8069019318 525
9412 30.2636861667 -97.8157854 279
9413 46.9189274167 -114.0842843 22
9414 32.8408813333 -96.7151999333 19
9415 32.8207433167 -96.7288255667 10
9416 37.8059291833 -122.4225854833 221
9417 41.4803302167 -73.2302284167 32
9418 30.2711044206 -97.7540516853 70
9419 32.9666191441 -97.0445966721 97
9421 37.8107671997 -122.4112558365 129
9422 30.2841460667 -97.71858215 213
9423 30.2844250167 -97.7192044167 276
9424 32.91514635 -97.3063158833 17
9425 32.9122281 -97.3139548167 16
9426 38.4043999413 -122.3649823666 25
9427 32.9121208167 -97.3154354 38
9428 30.4240215722 -97.6696747541 32
9429 32.9530513167 -97.2830557667 8
9430 30.3073646792 -97.7399325371 901
9431 32.9532766333 -97.2829914 1
9432 30.3413093 -97.7302765833 32
9433 30.2631497333 -97.7506613667 116
9434 32.95164585 -96.613276 8
9435 33.0245482833 -97.0355844333 28
9436 37.7429942789 -122.414689064 25
9437 37.7435195333 -122.4181652 8
9438 40.721157671 -73.9923564282 11
9440 50.7679724667 -1.8102335833 1
9441 32.9388463333 -97.1047639833 38
9443 43.1216168333 -87.9141855167 3
9444 32.9629755 -97.0433306667 7
9445 32.95503615 -96.8176817833 23
9446 32.9345977167 -97.1094846667 14
9447 32.9376876333 -97.1053218833 42
9448 30.2414345667 -97.75887965 100
9449 30.2637934667 -97.7419281 182
9450 30.18636345 -97.8747296167 7
9451 30.2647848338 -97.7473247051 207
9452 32.9684579333 -97.04272985 9
9453 30.2955079 -97.7428507667 271
9454 26.00768565 -80.2998232833 1
9455 29.9384612739 -90.0563049316 20
9456 30.2945530333 -97.78488635 459
9457 32.9384922833 -97.0782208333 38
9458 32.8240478 -97.1999502167 1
9459 32.8847944667 -97.2056365 163
9460 30.2639879069 -97.7419361472 285
9461 30.2469921 -97.7504897 23
9462 30.2701963525 -97.7340424061 152
9463 30.2463269167 -97.7510905167 20
9464 30.2496850333 -97.7497816 32
9465 30.2686964002 -97.7456147969 12
9466 32.8972399167 -97.0913743833 11
9467 32.7956702433 -96.8008643389 165
9468 32.92984485 -97.0963311167 24
9469 32.9294800667 -97.0959448667 40
9470 32.9415557987 -97.1113300323 99
9471 32.9423010333 -97.116158 16
9472 32.9414963667 -97.1316075167 82
9474 30.2670013833 -97.7397823333 263
9475 30.2673447 -97.7398467 169
9477 34.0908443833 -118.3704543 14
9478 34.0907371 -118.3709692833 2
9479 34.0910053167 -118.3727502667 1
9480 34.0907049167 -118.3729004833 26
9481 34.0907800167 -118.3737158667 1
9482 34.0907371 -118.37448835 42
9483 34.09068345 -118.3752393667 7
9484 34.09030795 -118.3761405833 3
9485 34.0889668333 -118.3769774333 2
9486 34.0905869 -118.3735013 7
