100 27 73 10 146.79 20 54
9262 30.26766669 -97.7709388733 670
9263 30.2637747742 -97.7706599236 510
9264 30.2670551134 -97.776517868 26
9265 30.2690380902 -97.7711749077 63
9266 30.2623879833 -97.7615833167 380
9267 30.2638211074 -97.763364315 248
9268 39.0571153 -94.60515975 18
9270 38.9949083109 -94.591628015 24
9271 39.0853541119 -94.5851182938 56
9272 38.9124584167 -94.3783307 2
9273 38.6071801167 -90.3719043667 9
9274 38.62764 -90.3476357333 1
9275 38.9572191167 -94.6669793 11
9276 38.9853286667 -94.60850715 27
9278 38.9378213833 -94.5839381167 4
9279 38.6149799667 -90.2751731833 3
9280 38.7066686 -91.4311408833 4
9281 32.8216821212 -96.7879575491 45
9282 30.2616897558 -97.7451789379 280
9285 39.0558940853 -94.6118150675 11
9286 39.0884327833 -94.5880150667 4
9287 32.9421722833 -97.1279168 39
9288 39.0183305667 -94.7379183667 37
9289 30.3421448759 -98.1273293495 22
9290 32.9228389167 -97.0897865167 56
9292 32.9397368333 -97.10944175 21
9294 32.7558016667 -97.33137845 77
9296 39.053230625 -94.591550231 103
9297 32.94360995 -97.1303200667 27
9298 32.9616236667 -97.3075604333 63
9299 30.2668082667 -97.7459406833 177
9302 30.2678427492 -97.7367568016 170
9303 32.9815468196 -97.1600550001 71
9304 42.3493705535 -71.0782599449 61
9305 38.897202 -77.0034956833 39
9306 38.89774647 -77.0062637329 721
9308 31.5251719833 -97.13225125 58
9309 38.8966012 -77.00478315 14
9310 32.9046410512 -97.0359814167 403
9312 51.5354919333 -0.1047348833 22
9313 30.2686964002 -97.7456147969 782
9314 30.26460885 -97.7282381 160
9316 30.2673794348 -97.7364751697 361
9318 30.26676535 -97.7381300833 111
9319 47.5911004632 -122.3329138756 365
9320 47.5924301 -122.33302115 12
9321 47.5951088932 -122.3316693306 345
9322 25.6491816 -80.3371381667 2
9323 47.5920121548 -122.3348611593 73
9324 47.5807668489 -122.335242033 62
9325 25.7516527167 -80.2549338333 98
9326 30.2700851599 -97.7360540628 1016
9327 32.9572463 -97.0427083833 53
9328 30.266569 -97.737498 33
9329 32.9553151 -97.0730280833 2
9330 32.9600358 -97.0683503 1
9331 53.6531496 -113.6273217167 2
9332 32.8222185776 -96.7874264717 201
9333 37.4295830667 -122.1689343333 30
9334 35.8224678 -90.6684064833 8
9335 30.2650364594 -97.7461831119 484
9337 30.2665917953 -97.7367460728 540
9338 30.26676535 -97.7454042333 356
9339 32.8228247 -96.7909240667 28
9340 30.2640736232 -97.7426227927 424
9342 25.7412350167 -80.27879475 8
9343 25.7461059 -80.2734303333 5
9344 32.8216338 -96.7867827333 20
9345 25.7493674667 -80.26029825 18
9346 32.9419879856 -97.0599389076 77
9347 32.9395973667 -97.1208786833 107
9348 32.9330635 -97.2539591667 13
9350 33.0848765333 -97.2322869167 5
9351 33.2082619411 -97.1577858925 18
9352 33.2086030535 -97.1542239189 20
9354 33.1543135577 -96.8351912498 139
9355 33.0981209662 -96.8200206757 105
9356 33.0942740441 -96.8207073212 432
9357 33.0766911084 -96.8217051029 52
9358 33.0493962667 -96.8279814667 141
9359 32.9096746333 -96.95923805 26
9360 32.8397530576 -96.9109582901 24
9361 32.7479043207 -97.0929193497 506
9362 32.7515678196 -97.0830059052 935
9363 32.7569635363 -97.071762085 188
9364 32.8513956 -96.7238688333 15
9365 30.2691793333 -97.7511334333 30
9366 38.8936400333 -76.9995474667 20
9367 32.9233109833 -97.0898079833 9
9368 32.8458171984 -96.7119947076 103
9369 32.9244911667 -97.25473165 4
9370 30.2678382333 -97.7472925167 152
9371 30.2680373406 -97.7493202686 586
9373 37.1386170333 -93.33061695 10
9374 32.9421722833 -97.1507477667 10
9375 32.772661588 -96.8081116676 32
9376 32.77629375 -96.8010306333 26
9378 32.77890085 -96.8086051833 97
9379 30.2689732271 -97.7403831482 520
9380 37.8349373864 -122.2922515869 100
