100 18 82 5 93.21 13 61
8904 39.0523183095 -94.6074986458 12
8932 32.9276616668 -97.2543561459 16
8936 39.0533181067 -94.5919954777 12
8938 39.0528237667 -94.59031105 130
8947 37.3318803266 -122.0296311378 570
8954 32.9394364333 -97.1060085167 18
8956 32.9426550833 -97.1311998333 61
8957 32.9422220859 -97.1312132478 36
8958 32.8829309 -97.2602208 42
8961 32.940099 -97.115691 108
8964 39.0410529489 -94.5947393775 236
8965 39.04102205 -94.59440945 31
8966 39.05177235 -95.7158088667 2
8968 39.0500793457 -94.6116256714 13
8971 39.0571153 -94.6045374833 11
8972 39.0572171808 -94.6055862308 34
8975 39.0498197 -94.6014690333 27
8976 39.0516328667 -94.5906329 43
8977 39.2974431129 -94.716053009 904
8982 32.945319355 -97.1297085285 71
8988 32.9429603983 -97.1306419373 34
8989 32.7905034822 -96.8103432655 597
8990 32.8531508828 -97.1899394592 47
8993 39.0503668667 -94.6036148 11
8994 39.0527701333 -94.6039795833 13
8995 32.8380763882 -96.7751848698 189
8997 32.9415071 -97.1284317833 45
8998 32.9351988064 -97.1552968025 48
9002 39.0007030833 -94.5776510167 68
9005 32.9142129333 -97.3062729833 29
9006 32.77581095 -97.0963954833 5
9014 39.0929496167 -94.5935297 24
9025 32.88854955 -97.1485376333 4
9026 32.8444516198 -97.1866062284 54
9030 39.0571582167 -94.60485935 10
9031 39.0572333333 -94.60571765 18
9032 39.0572226 -94.6062111833 31
9033 39.0572655167 -94.6043872667 12
9034 39.0594434667 -94.60191965 3
9035 39.0628552333 -94.6030139833 5
9039 32.7567672667 -97.0967602667 34
9042 39.0571567801 -94.6061950922 24
9043 32.6793909 -97.1307921333 17
9048 36.7097837706 -105.4095053673 5
9050 40.5811224605 -111.6566383839 2
9056 32.9438112506 -97.1304541826 510
9057 32.9449403167 -97.1287965667 24
9060 37.8023625614 -122.4058270454 154
9062 37.798467198 -122.4495148659 119
9063 37.8026295919 -122.4024474621 82
9064 37.7953643241 -122.4031555653 157
9065 32.9392755 -97.1309208833 164
9066 32.7944177569 -96.8000006676 861
9068 39.0527915833 -94.5914053833 27
9069 37.4440767085 -122.1630764008 58
9070 32.9413890833 -97.1178102333 88
9071 37.8718042333 -122.2677469167 38
9072 32.9338788833 -97.2413849667 1
9073 37.7953388902 -122.3937249184 643
9074 37.784698261 -122.4076884985 254
9076 32.7232182 -97.3576641 61
9077 32.7227032167 -97.3579859667 60
9078 32.7223598833 -97.3579645 61
9079 32.7226924833 -97.3572134833 59
9080 32.7220702167 -97.3574066 64
9081 32.7221882333 -97.3579645 60
9082 32.72260665 -97.3590159333 56
9083 32.7225100833 -97.3585438667 60
9084 32.7214694 -97.3583722 63
9085 32.7215337667 -97.3574066 63
9087 32.7197206 -97.35530375 55
9088 32.7189695833 -97.3545312833 53
9090 32.7169847333 -97.3521065667 50
9091 32.7175748333 -97.3526859167 52
9092 32.7177035667 -97.3524284333 54
9093 32.7179074167 -97.3528575833 53
9094 37.7955762732 -122.3953449726 34
9096 38.9573907833 -95.2392983333 1
9097 32.7214479333 -97.3563766333 60
9098 32.7220702167 -97.35682725 62
9099 38.9571145258 -95.2436435223 14
9100 32.7224349833 -97.3566555833 60
9101 38.9568328833 -95.2447915 15
9102 38.9578521167 -95.2479243167 13
9103 38.9585077802 -95.2476990223 25
9104 38.9599335167 -95.24689435 14
9105 38.9590644833 -95.25094985 10
9107 38.9542862184 -95.2528810501 36
9108 38.95633935 -95.2584600333 1
9109 37.795750071 -122.3976194859 11
9110 38.9575624333 -95.2463793667 9
9111 32.8525757667 -97.2254419167 7
9112 38.95849585 -95.2434182167 16
9113 37.7946797244 -122.4054139853 74
9114 37.7879542018 -122.4075329304 565
9115 38.9704692333 -95.2344703667 44
9116 37.7906504193 -122.4055776 191
9117 32.8201103167 -96.78474425 183
9118 37.8717283233 -122.2652792931 3
9119 32.7673029833 -96.7962455667 63
