100 21 79 10 266.13 15 59
9120 37.869831197 -122.2674129903 102
9121 32.8996431667 -97.2375226 29
9122 37.8779105833 -122.2692006826 46
9125 37.8572445598 -122.253151685 37
9126 32.9433880764 -97.1319401264 109
9127 37.8083207137 -122.4157217145 260
9128 37.4798304594 -122.1837615967 21
9129 37.8702673709 -122.2725749016 148
9130 37.8705167667 -122.2660517667 100
9131 37.8729563477 -122.2519111633 103
9132 37.8724157667 -122.2668242333 24
9133 37.8737439664 -122.268717885 31
9134 37.8749211443 -122.2688519955 29
9135 37.8793311595 -122.2693374753 29
9136 37.8795957944 -122.2690866888 39
9137 37.8766657042 -122.2676879168 6
9138 37.8734009722 -122.2663521767 33
9139 37.8802711382 -122.268294096 51
9140 37.7845696311 -122.4064631118 35
9141 37.7850628657 -122.4298703671 94
9150 37.8029008599 -122.4484419823 150
9152 37.7792713741 -122.4192380905 191
9153 37.759688872 -122.4271774292 481
9157 37.8028607333 -122.40486145 88
9161 37.8005003833 -122.4074578167 113
9162 37.7936008841 -122.4063527584 16
9169 37.7643013 -122.42629765 35
9171 37.87039875 -122.2677898333 19
9172 37.8747332 -122.2654080333 4
9174 37.4210591561 -122.2129515533 38
9175 37.4448394667 -122.16142415 373
9176 37.4491267236 -122.1747761965 46
9177 37.7930331167 -122.44389295 3
9181 38.8892624566 -77.0501661301 298
9183 38.8813453569 -77.0365405083 107
9184 38.8894587026 -77.0352530479 358
9185 38.8898052634 -77.0090961456 245
9186 38.8976379211 -77.0365941525 226
9187 38.8974730099 -77.0371091366 7
9188 39.0424168 -94.59061145 26
9189 39.0425133667 -94.5876288333 93
9190 39.0423631667 -94.5884227667 30
9191 39.04183745 -94.5914053833 381
9193 38.8909284427 -77.0479881763 159
9194 38.8894128667 -77.0402956 187
9195 38.8887989798 -77.0259994268 76
9196 38.8906319919 -77.0044398308 73
9197 32.8976418136 -97.04433918 414
9207 41.8891957606 -87.6558351517 15
9208 32.9388253194 -97.1041309834 102
9210 39.044681891 -94.5809930563 70
9211 39.0810068642 -94.586019516 34
9212 39.0914997635 -94.5563542843 37
9213 39.1086826777 -94.5817065239 74
9215 32.7491025615 -97.1176440956 26
9216 39.0971036646 -94.5799040794 83
9217 39.0911396164 -94.5626091957 10
9218 32.94137835 -97.1258997833 86
9219 31.5259659167 -97.1633219667 19
9220 30.2672588667 -97.7396321167 898
9221 30.2675137962 -97.741265595 737
9222 30.26780605 -97.74154185 885
9223 30.2668906357 -97.7456858754 994
9224 30.2670412139 -97.7457743883 60
9225 30.2662396721 -97.7459084988 1061
9226 30.2663601354 -97.7427971363 208
9227 30.2685191842 -97.7361774445 1200
9228 30.2688789333 -97.7361130667 95
9229 30.2695119333 -97.73607015 413
9230 30.2713680167 -97.7400398167 50
9231 30.27130365 -97.7400183667 109
9232 30.2726876667 -97.739439 206
9233 30.2741899361 -97.7404904366 524
9234 30.2738332073 -97.740495801 222
9235 30.2739165986 -97.7408123016 213
9236 30.2731799732 -97.7410429716 209
9237 30.2731081636 -97.7407881618 223
9238 30.2722156 -97.7452540333 98
9239 30.2719893156 -97.7462518215 91
9240 30.2718293667 -97.7533221167 188
9241 30.2707337816 -97.7537029982 3322
9242 30.2712619417 -97.7542984486 72
9243 30.2663254667 -97.7473998 61
9244 30.2657392843 -97.7415955067 111
9245 30.2666366 -97.74473905 127
9246 30.2636079743 -97.7395677567 3402
9247 30.265294493 -97.7385485172 1666
9248 30.2652388939 -97.7391815186 228
9249 30.2672543395 -97.739444375 706
9250 30.2671338773 -97.7445191145 39
9251 30.2663323362 -97.7448141575 431
9252 30.2861882411 -97.7393317223 192
9253 30.2673076209 -97.7397340536 181
9254 30.2621994311 -97.7390956879 418
9256 30.2580106167 -97.7397394167 220
9257 30.2647054167 -97.7454686 81
9258 30.2626998369 -97.751326561 54
9259 32.7210509667 -97.3567843333 60
9260 30.2619802833 -97.7295041 386
9261 30.2634608667 -97.76572465 53
