200 57 143 10 36.065 42 107
9846 32.7887713833 -97.3466992333 14
9848 32.7892112667 -97.3477292 26
9849 32.7899086333 -97.3481798167 3
9850 32.7913570333 -97.3482441833 71
9851 32.79013395 -97.3481369 5
9852 40.41906595 -86.8906331 3
9853 32.7895331333 -97.3480939833 5
9855 37.7770407353 -122.4635133133 31
9856 40.4190552167 -86.89020395 1
9857 32.7904493666 -97.3462486267 44
9858 39.05214785 -94.6045374833 82
9859 32.7889966833 -97.3478364833 8
9860 36.6232259845 -95.1478993893 80
9861 40.4191195833 -86.8905258167 1
9862 37.7829158167 -122.4625182 49
9863 39.1080772833 -94.5847749667 10
9864 38.8856577833 -77.0333433 30
9865 38.8866402238 -77.0326673985 103
9866 32.8411173667 -97.2405052167 16
9867 37.78285145 -122.4646854333 40
9868 32.9494357 -96.83047055 23
9869 34.0186071333 -117.72241115 3
9870 37.7830231167 -122.4604797333 13
9871 41.8836366032 -87.6299840212 33
9872 32.7365112167 -97.3665690333 11
9873 38.8923633 -77.0483636833 34
9874 38.8877499 -77.047441 85
9875 38.88754605 -77.0434713333 29
9876 33.0120921 -97.0713758333 15
9877 38.8872563833 -77.0410895333 27
9878 36.1496836936 -86.8134176731 44
9879 47.63765215 -122.3568391667 7
9880 37.2361743333 -121.9733262 19
9881 38.8839677851 -77.0440936089 46
9882 37.2362065167 -121.9743776167 10
9883 41.8788598144 -87.6358687878 216
9884 34.0734129064 -118.2402169704 325
9885 32.9390823833 -97.1030688167 7
9886 37.2221806295 -121.980471611 5
9887 43.01160335 -78.2027220667 1
9888 31.545979406 -97.1244567633 77
9889 41.8778443333 -87.63545035 35
9890 35.2281224667 -80.8419513667 8
9891 37.2232997333 -121.9835186 68
9892 36.1606804667 -86.77509565 8
9893 26.0815966 -80.2514362333 2
9894 32.893399 -97.2585940333 49
9895 32.8788077667 -97.2608041667 5
9896 32.8790545333 -97.26076125 36
9897 39.0522849827 -94.5912820101 13
9898 32.7461993667 -117.15955495 9
9899 37.46555685 -122.4288725833 6
9900 37.4635720167 -122.4292802667 3
9901 37.80759215 -122.4747061667 61
9903 30.2729344333 -98.8690352333 13
9904 25.75133085 -80.25806665 19
9905 41.8927145 -87.61360645 18
9906 25.7649028167 -80.2527022333 35
9907 41.8917036129 -87.6074802876 258
9909 25.6665797086 -80.1559683681 4
9910 25.7345724 -80.16468285 14
9912 40.4191088667 -86.8919420167 1
9913 25.7452905167 -80.21122455 6
9914 37.4508905333 -122.4295592167 2
9915 25.7479190667 -80.2118468167 10
9916 37.46198415 -122.42863655 2
9917 25.7614696 -80.1913976667 16
9918 25.7676815833 -80.1938438333 17
9919 47.3491859333 -122.3243308 3
9920 42.3580127393 -71.063657999 109
9921 39.03942345 -94.5873498833 25
9922 32.78838515 -97.0995712167 2
9923 37.4792146667 -122.4488925833 9
9924 37.5056076 -122.4814653333 2
9925 37.5031507 -122.4818301167 6
9926 39.0579950667 -95.6846523167 1
9927 25.79069495 -80.1347923167 14
9928 25.7907485833 -80.1322817667 21
9929 45.5418813167 -122.6598215 1
9930 37.5052428167 -122.486701 5
9931 37.5039446333 -122.48586415 42
9933 32.9537642642 -96.6115862131 7
9934 32.9542661617 -96.6118182242 4
9935 41.9385440066 -87.6444545388 9
9936 33.4609329667 -94.0908837167 1
9937 32.8240907167 -96.7909240667 28
9938 41.94006085 -87.6498055333 7
9939 41.9410586333 -87.65152215 5
9940 37.1958982833 -121.985085 3
9943 41.8654847 -87.61699675 122
9944 40.4164803 -86.9308447833 2
9945 30.2654149575 -97.7401685715 321
9946 37.8279041024 -122.2502374649 75
9947 40.4190230333 -86.8859767833 1
9948 41.8623379996 -87.6166909933 151
9949 45.3557360167 -122.8428983667 2
9950 40.41906595 -86.88893795 2
9951 37.1495711667 -93.2629823667 9
9952 41.879578752 -87.6228868961 204
9954 37.8323650333 -122.4799203833 69
9955 37.1690587531 -93.2937794924 10
9956 30.5944669167 -96.25808715 2
9957 32.9505952671 -96.6138714552 104
9958 41.9424319167 -87.6446342333 15
9959 41.6916882833 -86.2278485167 1
9960 37.2079253167 -93.2921648 16
9961 37.2085677454 -93.292529583 395
9962 37.2089437187 -93.2923150063 58
9963 37.2096419333 -93.2924222833 3
9964 37.2089693531 -93.2939457893 39
9965 37.209135977 -93.2946538925 71
9966 37.2070348167 -93.29066275 52
9967 37.2067344167 -93.28980445 10
9968 37.2069919 -93.2903194333 3
9969 37.20719575 -93.2922077167 12
9970 37.17999815 -93.2964563333 46
9971 37.1819885244 -93.2957160473 1
9972 37.1649456 -93.2950186667 20
9973 37.1639049 -93.2957267667 9
9974 37.0693505171 -93.2247662544 45
9975 37.1595811833 -93.2922935333 2
9976 37.0654571 -93.2500433833 8
9977 37.1597743 -93.2877445167 4
9978 37.1590596378 -93.2836139202 10
9979 37.13896035 -93.3329343667 13
9980 37.1332526167 -93.29594135 32
9981 37.12839245 -93.2956624 39
9982 37.2037397401 -93.2868057489 3
9983 37.1822577821 -93.2930016518 9
9984 37.2209909618 -93.263669014 4
9985 36.1668773333 -86.7783418333 8
9986 35.65048455 -97.41963385 29
9987 36.1611307333 -86.7787702833 54
9988 36.16057095 -86.7784977333 62
9989 36.1591347911 -86.7784738541 88
9990 36.1606754333 -86.7777735833 21
9991 30.6342195001 -96.3252174854 20
9992 36.1609098 -86.7776196333 57
9993 36.1613006833 -86.77676855 15
9994 36.1603129833 -86.7750077 4
9995 28.3563780667 -80.6080198167 55
9996 41.8676090167 -87.6146364167 119
9997 37.4457843698 -122.1611316661 7
9998 34.21982645 -119.05287265 5
9999 37.1815431 -93.2431554667 5
10000 32.7050006333 -97.0639729333 2
10001 42.3746216167 -71.1173129 96
10002 32.9439532667 -97.1327662333 15
10003 37.7694511333 -122.5105619333 61
10004 37.770406 -122.50933885 18
10005 33.0432164667 -97.0200061667 17
10006 39.0543687333 -94.5923924333 17
10007 42.3744593408 -71.1201936007 7
10008 38.6677551167 -121.1599731333 6
10009 35.6497466447 -97.4224340916 49
10010 42.37843035 -71.1158108667 8
10012 42.37957835 -71.1133432333 1
10013 37.19104885 -93.3030009167 3
10014 42.380383 -71.1134505167 1
10015 40.4400086333 -86.9024777333 1
10016 37.0759461787 -93.2272660732 163
10017 32.7556514667 -97.1003222333 17
10018 30.6734097 -96.3083195667 1
10019 39.0416979667 -94.59059 110
10020 38.99243115 -94.5962119 56
10021 40.4224348 -86.8995165667 1
10022 40.41929125 -86.8946671333 8
10023 37.7783989833 -122.51425265 19
10024 37.76041745 -122.5090599 46
10025 32.8799235667 -97.1015453333 4
10026 37.7144443833 -122.5025153 6
10027 32.787984817 -96.7997056246 24
10028 32.7874839167 -96.80051565 149
10029 37.6816999833 -122.4877524333 22
10030 30.4704437516 -97.8066444397 171
10032 38.6243891667 -90.2038049667 14
10033 32.8392183667 -97.0922327 4
10034 33.0039274667 -96.9767904167 5
10035 37.72447585 -122.4686765667 3
10036 42.3748655465 -71.1181604862 77
10037 42.3746001667 -71.1188149333 11
10038 32.9441249333 -97.1332812167 16
10039 38.6328128417 -90.1885700226 49
10040 38.6224029209 -90.1933979988 281
10042 38.6298501333 -90.1928400833 1
10043 38.6328005667 -90.2071738167 18
10044 38.63197445 -90.2084827333 4
10045 38.6302900167 -90.1994276 3
10046 45.4166543333 -122.64119625 4
10047 38.6300539833 -90.1831841333 4
10048 33.7591838833 -118.1316947833 5
10049 38.6315560333 -90.1829695667 11
10050 42.373565679 -71.1189758778 8
10051 42.3731416311 -71.1185574532 13
10052 42.3734943441 -71.116476059 72
10053 42.3749131021 -71.1160576344 69
10054 42.3759850754 -71.1163768172 64
10055 42.3785591 -71.11662625 2
10056 30.2663469167 -97.7711749 111
10057 32.7786603996 -96.8073284626 48
