200 39 161 5 40.42 29 120
9602 47.57477045 -122.6541566833 10
9603 33.0350947333 -97.0728135 3
9604 33.0375838167 -97.07015275 5
9605 33.0374516846 -97.0703968406 25
9606 41.4004540333 -73.4448909667 3
9607 40.7586443333 -73.4209012833 8
9608 33.0638694667 -97.0812249167 8
9609 33.0647379191 -97.0836120844 2
9610 33.06572555 -97.0833492167 11
9611 32.8659439 -96.9436168667 37
9613 33.0704784333 -97.08470105 12
9614 33.03617835 -97.0277953 2
9615 30.268250464 -97.742882967 44
9616 33.09842705 -117.1998953667 2
9617 50.8760118333 -1.8752288667 2
9618 30.2667975333 -97.7452325667 231
9619 37.3230993667 -122.0380210833 61
9620 38.9505994167 -77.35664605 75
9621 40.8054649667 -73.9659905333 9
9622 41.65353655 -73.09719085 1
9623 37.7709861237 -122.4689340591 184
9624 35.12985705 -89.8574566833 2
9625 37.769873014 -122.4668392539 317
9626 41.2993133 -95.8999586 163
9627 39.0146281324 -94.5907831192 106
9628 35.0966942167 -89.8592591167 1
9629 32.9305422167 -97.0896792333 45
9630 35.0973594167 -89.8596453667 2
9631 36.1218608846 -115.1701068878 470
9632 35.1399958 -90.0536656333 22
9633 47.61030435 -122.3168849833 36
9634 35.1428010243 -90.0496637821 21
9635 38.69146585 -121.1582136 6
9636 35.15493035 -90.0522923333 9
9637 39.0827557892 -94.5815563202 25
9638 38.6800181833 -121.1757659833 6
9640 38.6778616833 -121.1757659833 5
9641 37.7675089253 -122.4679684639 83
9642 35.2007974033 -89.7878265381 35
9644 38.6438298167 -121.1592650333 7
9646 39.09154415 -94.5780801667 89
9647 35.2041649667 -89.7948217333 2
9648 35.2040255 -89.7948431833 2
9649 35.2010965333 -89.7914314167 1
9650 35.2010643333 -89.79136705 9
9651 32.7817761833 -96.78206205 62
9652 32.82057165 -96.7846369667 106
9653 32.9233299974 -97.1859169006 31
9655 32.92728065 -97.1852517 1
9657 32.93962955 -97.18147515 6
9658 29.738212545 -98.1049704552 130
9659 32.9399085 -97.1816039 6
9660 32.9397904833 -97.18147515 7
9661 32.9382603045 -97.1811318398 20
9662 32.9391682 -97.1088409333 12
9663 32.9376125333 -97.1083474 4
9666 32.9365181833 -97.1000003667 15
9667 39.0914914364 -94.5780587196 26
9668 37.723885886 -122.4792981148 68
9669 32.7466177833 -97.3668050667 28
9670 36.1243047653 -115.1680898666 313
9672 37.7831089333 -122.4628400667 29
9673 32.8936886667 -97.2814893667 8
9674 32.8333175167 -96.69945 9
9675 32.8325343 -96.7020034667 6
9676 30.26705743 -97.7362686396 135
9677 37.7657045896 -122.4643273757 1
9678 35.11310935 -89.80074405 5
9679 35.1302003833 -89.86016035 6
9681 37.7082645833 -122.48419045 3
9682 50.7712018333 -1.8787693833 8
9684 37.9114902 23.7453818167 2
9685 45.4572951667 6.9016671167 2
9686 47.6107598122 -122.3405125737 79
9687 35.1586210667 -89.7937703 3
9689 42.3472217156 -71.0826158524 55
9690 42.3444067059 -71.0849761963 22
9691 29.8296618333 -97.9796576333 18
9693 33.4866859954 -86.7792463303 14
9694 32.8227818 -97.0592737167 44
9695 33.4906089167 -86.7752337333 13
9696 32.8811144667 -96.96273565 17
9697 39.0409898667 -94.5971345833 17
9698 32.9236114 -97.0876836667 17
9699 50.7295632333 -1.95376395 2
9700 32.923005789 -97.0870828629 17
9701 41.6606390333 -91.5333867 2
9702 32.9216694667 -97.07993745 31
9703 41.6612613167 -91.53158425 2
9704 50.7186198167 -1.97150945 10
9705 33.7841069667 -84.3768239 9
9706 32.9366254667 -97.0784354167 23
9707 32.9370868167 -97.0783495833 20
9708 32.9372692 -97.0782852167 17
9709 32.9377841833 -97.0783281167 10
9710 37.4063265571 -121.9833523035 43
9711 32.9381275167 -97.0782423 8
9712 32.9393827833 -97.0784568667 4
9713 32.9398655833 -97.0784783333 4
9714 32.93952225 -97.0783281167 7
9715 32.93907165 -97.0784997833 7
9716 32.93866395 -97.0783495833 8
9717 32.9381275167 -97.0782852167 10
9718 32.9369580667 -97.0783925 8
9719 32.9368722333 -97.0784354167 20
9720 32.9246413667 -97.0841646167 50
9721 32.92489885 -97.0853018667 13
9722 32.9252527084 -97.0858946443 27
9723 32.9251992667 -97.08663225 15
9724 33.8120650319 -117.9190063477 937
9726 32.9422044667 -97.1093559167 30
9727 32.9398870333 -97.11212395 33
9728 32.93962955 -97.1119952167 5
9729 32.9400479667 -97.1122956167 3
9730 37.3311352667 -122.0317769 220
9731 32.9388356167 -97.1833205167 7
9732 32.9377949167 -97.1822690833 11
9733 32.9367113 -97.1844577667 14
9734 32.93851375 -97.1865820833 67
9736 39.0518204885 -94.5914295316 22
9737 38.9859616667 -77.5362467667 10
9738 37.207427 -93.292328 130
9739 32.9339471634 -97.2540450096 200
9740 32.93818115 -97.2629499333 7
9741 21.2765580472 -157.8265106678 37
9742 36.1598797421 -86.7756736279 7
9743 47.4025618667 -122.3299589167 6
9745 36.1585111058 -86.7766928673 22
9746 26.0058939333 -80.3364515167 20
9748 47.4667375935 -122.3389542103 10
9749 47.4669232333 -122.3410393333 6
9750 35.1068120547 -89.8845952749 1
9751 37.4933552667 -122.3109412167 7
9752 26.0063016333 -80.33653735 8
9754 35.12940645 -89.9492526 1
9755 35.0469660667 -89.6967601667 3
9756 47.600025 -122.3342150667 32
9758 47.6100256583 -122.3426234722 226
9761 47.6146618656 -122.3492002487 20
9763 47.6207801622 -122.3492968082 353
9764 32.8675210333 -97.2037053 8
9765 47.1731009046 -122.6031088829 3
9766 30.3578531667 -97.7617549833 3
9767 30.27026295 -98.8647007833 2
9768 36.6054475167 -121.8922162 12
9769 39.0160346 -94.5802044833 6
9770 37.5193512333 -122.2768449667 4
9771 47.6324217512 -122.3589527607 39
9772 35.0883978961 -106.605899334 3
9773 47.61904835 -122.1312546667 43
9774 47.6626825167 -122.3131942667 5
9776 41.2734997167 -95.9885358667 1
9777 39.09853935 -94.5820283833 114
9778 47.6458704333 -122.13191985 136
9779 34.0740323 -118.3237195 10
9780 34.13436055 -118.361485 16
9781 34.0686249667 -118.3435678333 18
9782 34.1432225667 -118.3938431667 14
9783 34.13726805 -118.3595967167 21
9784 39.01430725 -94.5888304667 16
9789 35.0435246498 -89.9816322327 511
9793 35.0672113833 -89.7580647333 1
9794 42.3083174167 -71.1010050667 2
9796 32.7536666333 -97.3346829333 21
9799 37.48137115 -122.2254109333 10
9800 32.8993213167 -97.045691 4
9805 33.0198168667 -96.70181035 6
9807 33.0202138333 -96.7020034667 22
9808 33.0196344833 -96.70206785 1
9810 37.4631965 -122.4282717667 4
9813 36.6315078667 -121.9120216333 1
9815 37.4660825667 -122.42797135 3
9816 41.8971103352 -87.6244479418 136
9817 32.73603915 -97.3664402833 6
9818 40.8638743983 -73.8769626617 25
9819 37.4658036167 -122.4267911833 2
9820 30.21690845 -98.7617039667 1
9821 32.8401902484 -96.7857205868 7
9822 37.5384700167 -122.3635768833 43
9824 41.2120985833 -96.03306055 2
9825 32.8341543667 -97.11096525 2
9826 33.8937985833 -96.4794874167 9
9827 34.1209280333 -118.3801746333 16
9828 32.7535808 -97.332623 34
9829 32.9344153333 -97.25923775 18
9830 32.8276526833 -97.1221232333 2
9831 41.89177035 -87.6245713167 43
9832 35.81567645 -90.6765389333 12
9833 35.0463867167 -89.7970318667 7
9834 33.0402445667 -117.2925496 5
9835 21.0374343333 -86.8678879667 4
9836 32.94137835 -97.11446285 32
9838 39.0531456333 -94.5911478833 62
9839 40.4192268833 -86.8898606167 8
9840 41.2624205802 -96.0022687912 3
9841 33.0365140407 -97.2814464569 109
9842 32.7890288667 -97.3454546833 14
9843 32.7889323167 -97.34562635 24
9844 32.7889966833 -97.3462700833 14
9845 32.7891898 -97.3466992333 15
