200 56 144 40 58.96 42 108
10278 42.3572496584 -71.061026752 16
10279 30.4077699756 -97.7132874727 598
10280 42.3585712833 -71.0600852833 88
10281 42.3591464425 -71.0594522953 12
10282 38.6334764833 -121.2239813667 1
10283 42.3587381532 -71.0574889183 133
10284 42.360216703 -71.0548067093 177
10285 42.3612790175 -71.0572743416 33
10286 42.3618221167 -71.0571885 59
10287 42.3591399167 -71.0608577667 12
10288 42.3967868484 -71.1224788427 53
10289 42.3968732333 -71.1225271167 18
10290 42.354452937 -71.065557003 243
10291 32.92036055 -97.0778131333 3
10292 42.3732387264 -71.1209191382 2
10293 42.3603514752 -71.0579931736 28
10294 42.3598694667 -71.0567378833 14
10295 42.3722301164 -71.1159020662 27
10296 42.3724973167 -71.1160254333 10
10297 42.3726153333 -71.11606835 28
10298 42.3633778 -71.0548925333 24
10299 37.3324012667 -122.0294594667 256
10300 42.3657659092 -71.0535299778 22
10301 37.7755343833 -122.4092817167 58
10302 42.36361565 -71.0537257791 96
10303 32.6215088333 -96.9788932667 9
10304 32.6127541 -96.9677567333 4
10305 30.26955485 -97.74220705 556
10306 40.4191732333 -86.8961906333 1
10307 30.3257213012 -97.7137327194 56
10308 40.4192054167 -86.8961477167 1
10309 32.7351486667 -97.1030259 31
10310 30.3314924167 -97.7400612667 14
10311 32.6815581167 -97.1088194833 25
10312 32.6794016333 -97.1090769667 12
10313 30.2134537667 -97.8627991667 26
10314 32.6796591167 -97.1096134167 39
10315 32.6812469833 -97.1095061167 16
10316 32.6813328167 -97.1094632 19
10317 32.68190145 -97.10944175 34
10320 37.8853011 -122.2631978833 7
10322 32.7855312667 -96.80862665 233
10323 37.8854513167 -122.2635412167 7
10325 37.8859984833 -122.2622108333 3
10326 37.8859019167 -122.2615885667 4
10327 33.51272105 -112.0740222833 26
10328 37.5749588 -122.3024439667 5
10329 32.9097068167 -96.9591736667 10
10330 37.3887705667 -121.9830679833 155
10331 32.9114449 -96.9567918667 14
10332 37.3327163487 -121.9011855125 257
10333 42.3475420333 -71.0941815333 13
10334 32.8900945167 -96.9589161833 44
10335 32.88999795 -96.9586586833 19
10336 37.3232710333 -122.0514750333 23
10337 32.8857386 -97.0972967 12
10338 47.6151645167 -122.3230648 62
10339 37.3709821667 -122.0467758167 5
10340 32.817986 -96.81212425 128
10341 37.7688288667 -122.4984169 16
10342 37.7705669333 -122.4770879667 2
10343 37.32164025 -121.8603730167 13
10344 37.7700023476 -122.4469506741 114
10345 37.3204608683 -121.8577310443 8
10346 37.3253923079 -121.8628138304 78
10348 38.3646011333 -120.7768464 2
10349 37.7795577 -122.39790915 124
10350 37.7871644333 -122.3871588667 39
10352 37.86590128 -122.258477211 13
10353 37.8085792 -122.4101400333 263
10354 37.3439249714 -121.9072848558 9
10355 37.80919075 -122.4695348667 49
10356 37.8798858331 -122.2694715858 35
10357 37.8799938034 -122.2694420815 16
10358 30.3781141345 -97.6869750023 37
10359 37.8106713167 -122.4245595833 61
10360 37.8066646012 -122.4285936356 184
10361 37.8061115667 -122.42934465 59
10362 37.8052425333 -122.4338936667 100
10363 42.3734307167 -71.1205744667 1
10364 42.4090719167 -71.1216259 4
10365 47.5530230833 -122.3213481833 4
10366 47.5221455 -122.3653364167 6
10367 42.42162465 -71.1421179667 1
10368 47.6672959167 -122.37651585 5
10371 42.9964113167 -81.2255716167 209
10372 32.83552765 -97.129848 45
10373 37.8085684667 -122.47172355 52
10374 37.8326897743 -122.2828772664 91
10376 47.6394975167 -122.3656368167 17
10377 37.8196620833 -122.4785041667 930
10378 37.8154035397 -122.3715054989 39
10379 32.9095351667 -96.9591736667 48
10380 47.6120147212 -122.3374629021 136
10381 32.9094493333 -96.9608259167 18
10382 37.7914988833 -122.3900985667 52
10383 37.8323650333 -122.4788904167 55
10384 32.9116702 -96.9570922833 13
10385 37.8021204333 -122.4188947667 177
10386 37.8678083668 -122.256770786 17
10387 37.776222 -122.432911 109
10388 37.7432487979 -122.118884325 1
10390 32.8323948333 -96.70181035 16
10391 37.785168855 -122.4068140984 34
10392 32.9530727833 -96.8187546667 240
10393 32.9523324833 -96.8383669833 84
10394 36.1581194333 -86.7740750167 4
10396 47.6621568167 -122.34209775 17
10397 37.7708446087 -122.4253514708 40
10398 47.6614809 -122.3337078 12
10403 42.4072051 -71.1198878167 1
10405 30.2640402167 -97.7439451167 40
10406 30.26650785 -97.7432370167 21
10407 45.5722761 6.8289256 2
10408 30.2749943667 -97.77089595 90
10409 32.8606366562 -97.3160523176 38
10410 30.259120489 -97.7463912964 120
10411 30.2590191333 -97.74797915 80
10412 39.0670394833 -94.7060108167 2
10413 35.6390690667 -105.9839487 25
10414 37.8801941833 -122.2687554333 4
10415 37.88044095 -122.2680258667 5
10416 30.2494812 -97.7552103833 115
10417 30.24139165 -97.7473568833 65
10418 30.2547919667 -97.7242255167 76
10419 43.2322847833 -79.76207255 1
10420 32.8460526333 -97.1004509833 10
10421 30.26851415 -97.7278304 86
10422 32.8407955167 -97.1001076667 7
10423 30.2715718667 -97.7214360167 60
10424 38.5216498333 -120.8203840167 1
10425 30.2752625833 -97.7171015667 55
10426 30.2797365167 -97.7210712333 135
10427 39.0726184833 -94.5784235 138
10428 30.30419825 -97.7315425833 132
10429 30.2850258333 -97.7440524 87
10430 43.7345016 -79.4497132167 35
10432 30.18595575 -97.8735923667 19
10438 32.9214656333 -96.9565773 24
10439 38.9930534333 -94.5938730167 65
10440 32.8400766833 -97.0983052167 9
10441 32.8478658167 -97.10259675 1
10442 32.8373837333 -97.1356844833 36
10443 45.3558218333 -122.8408813333 7
10444 32.6803994167 -97.1074461833 6
10445 40.003704 -83.016876 33
10446 40.00171 -83.019723 98
10447 39.9996926589 -83.0177915096 32
10448 40.000523 -83.014488 32
10449 39.99839 -83.011904 32
10450 37.32153295 -122.0319700167 77
10451 39.985413 -83.005016 65
10452 39.983736 -83.044972 254
10453 39.0423095167 -94.5930147167 108
10454 47.632248231 -122.3613265157 52
10455 32.8489816167 -97.1856594 11
10456 37.7340796251 -122.4341136105 40
10457 37.73314475 -122.4339151333 64
10458 37.7340685919 -122.4209654331 12
10460 20.6401777167 -87.0736026667 1
10461 32.9382348 -97.1842002833 3
10462 49.0079248014 -123.1293582916 135
10464 43.45231175 -80.4917192333 5
10465 32.6775026167 -97.0073676 31
10466 39.9560697701 -75.181889534 350
10467 47.59836315 -122.3238158167 47
10468 42.3737204 -71.1215400667 9
10469 32.9519140667 -96.9587016 14
10470 42.9837811233 -81.2490087748 4
10471 32.9918283603 -96.9686365128 1
10472 37.7249693833 -89.2180824167 1
10473 38.9640963 -77.3148465 6
10474 32.9548323 -96.9365143667 1
10475 30.2509617667 -97.75437355 189
10476 42.3833227 -71.1076998667 11
10477 30.2715718667 -97.7374649 155
10478 32.7270805833 -97.11658715 7
10479 32.729728973 -97.1154928207 71
10480 32.8107011167 -97.4317359833 27
10481 37.8038926752 -122.4208688736 18
10482 43.737507193 -79.4343441725 5
10483 43.7710118167 -79.49805735 37
10484 43.73657225 -79.4398427 1
10485 32.7367258 -97.1084547 7
10486 32.73685455 -97.1101713167 5
10487 43.02823305 -81.28015995 20
10488 32.7363932 -97.1065878833 4
10489 43.0257648762 -81.2785720825 49
10490 43.0269992333 -81.2776923167 26
10491 43.0172145333 -81.2444114667 8
10493 32.9407346167 -97.0778346 8
10494 42.9800820333 -81.2525439167 2
10495 32.8363001333 -97.12774515 26
10496 37.3940532605 -122.0761084557 202
10497 47.6499903167 -122.3505091667 60
10498 32.8935277333 -97.2738718833 49
10499 47.6337254 -122.3626542 16
10500 39.0453028667 -94.6104168833 56
10501 47.61823295 -122.3471403 23
10502 47.8128647667 -122.3824381667 14
