200 33 167 20 75.33 24 125
10058 37.4534976333 -122.1831393167 42
10059 30.3877437 -97.73916005 289
10060 30.3832880126 -97.737518549 122
10061 30.3909522995 -97.7476800978 145
10062 30.3908014167 -97.7491164167 47
10064 30.3918951099 -97.750017643 72
10065 42.375961298 -71.1155936122 6
10066 42.3759513908 -71.1151885986 61
10067 42.3744375443 -71.1182892323 72
10068 32.6306498 -97.0408415667 3
10069 32.6304996 -97.0400047167 10
10070 42.374183912 -71.1196410656 21
10071 42.3742710983 -71.1202794313 42
10072 42.3736238333 -71.12138985 16
10073 38.6259341167 -90.1898360167 15
10074 40.4129076 -86.8863844833 8
10075 38.6246409299 -90.185008049 180
10076 37.7442383667 -122.4224781833 68
10078 42.3724436667 -71.1204671833 15
10079 42.3715853667 -71.1173987333 3
10080 41.3801014333 -73.4810042333 63
10082 37.4233925333 -122.1365118 86
10084 42.3731195833 -71.1174201833 10
10085 42.3733734707 -71.1188498139 18
10086 42.3734521833 -71.11926555 16
10087 42.3749527318 -71.1199629307 14
10088 42.3754263042 -71.1195042729 9
10089 42.3763615497 -71.1203867197 9
10090 42.3765378974 -71.1199736595 6
10091 42.3767994459 -71.1209821701 12
10093 42.3774003833 -71.12276315 18
10094 41.3929545833 -73.52271795 3
10095 42.3755872167 -71.122334 9
10096 42.3749113 -71.1225271167 6
10097 42.3745143333 -71.1219692167 13
10098 47.6504791588 -122.3500156403 147
10099 47.64948605 -122.34950065 112
10100 47.6493299742 -122.3486128449 80
10101 32.9400587 -96.94762945 8
10102 42.3764031599 -71.116733551 63
10103 37.5113368 -122.3222064833 4
10104 42.9962718333 -81.2255716167 210
10105 32.72450565 -97.1142911833 10
10106 37.4427580833 -122.1546649833 8
10107 47.6489388833 -122.3464751167 5
10108 47.5820016833 -122.3841547833 11
10109 32.7845415486 -97.3483514786 139
10110 37.4434447167 -122.1604156333 26
10111 42.9967439167 -81.2186193333 7
10112 40.8001293986 -73.9621187101 2
10113 40.4205545278 -86.9004526734 3
10114 32.7771735167 -96.8025970333 15
10115 30.4449323254 -97.7856481075 97
10117 32.7753067 -96.8013525 77
10118 32.7764868667 -96.8052148667 12
10119 32.7762508333 -96.8057084 81
10120 32.7758002167 -96.8064594167 61
10121 32.7763044833 -96.80654525 19
10122 32.77621865 -96.8072748167 87
10123 32.7785575333 -96.80613755 48
10124 32.7794694833 -96.8065667 29
10125 32.7797608896 -96.8052363396 63
10126 37.06826805 -93.2318687333 20
10127 32.8341758167 -96.7273664333 13
10128 33.853978424 -118.1437218189 3
10129 33.8540804333 -118.1365013 3
10130 37.8247770415 -122.3138004541 280
10131 33.81896495 -96.53568505 32
10132 37.79877305 -122.4503517 20
10133 42.3725273509 -71.1198207736 12
10134 42.3720279962 -71.1183562875 9
10135 42.35002867 -71.080083847 18
10136 37.80576825 -122.4519824833 121
10137 42.3484428354 -71.086396426 16
10138 42.3470016736 -71.0871058702 30
10139 37.80551075 -122.4568963 53
10140 42.3489760768 -71.0824146867 235
10141 37.8050494167 -122.4599003667 56
10142 32.9386210333 -97.1071028667 36
10143 37.80710935 -122.4456310167 75
10145 40.4169309 -86.8595194667 3
10146 38.6065378772 -90.2579802275 2
10147 38.6062486272 -90.2549412847 1
10148 38.6051209603 -90.2430269122 3
10149 38.6045466398 -90.2435177565 1
10150 38.6049868128 -90.2473801374 2
10151 38.6055087288 -90.2543324232 1
10154 38.6057408998 -90.258243084 2
10156 38.6067255397 -90.259975791 2
10157 38.6453580564 -90.2858376503 18
10158 38.6392915976 -90.2948284149 19
10159 38.6364732767 -90.2855694294 6
10160 38.6405125843 -90.2803766727 22
10161 38.6353135399 -90.2803713083 6
10162 38.6312101028 -90.2709031105 18
10163 38.6287124743 -90.2708387375 41
10164 38.6318972148 -90.2930393815 5
10165 38.6399762578 -90.2849686146 29
10166 37.7953229939 -122.3923784494 21
10167 38.6440456744 -90.2834612131 6
10169 20.62906265 -87.0708346333 1
10170 20.6281614167 -87.07046985 1
10171 37.7958440667 -122.4036169 17
10175 38.6935579667 -121.1297392833 3
10176 37.4241328167 -122.1963357833 26
10177 47.6512026667 -122.3473119667 144
10178 47.6515181012 -122.3501041532 30
10179 47.6513699402 -122.3509785533 106
10181 47.6496362667 -122.3498225167 21
10182 47.6493144 -122.3477840333 72
10183 32.6802062833 -97.0073032333 24
10184 34.0301191667 -118.4670352833 35
10185 37.798704571 -122.407296896 127
10186 37.7988266833 -122.4080157167 95
10187 37.8000101086 -122.4075114727 75
10188 36.16275015 -86.77714405 9
10189 40.4240119333 -86.90754175 3
10190 33.9435379571 -118.4071683884 3398
10191 37.8007900667 -122.4100112833 185
10192 37.8011870333 -122.4102902333 112
10193 37.8006505833 -122.4108695833 77
10194 37.7986791382 -122.407849431 102
10195 37.79762505 -122.4065995167 191
10196 37.22818135 -121.97963475 10
10197 32.7302992333 -97.1120381333 3
10198 32.7851235833 -97.09600925 6
10199 33.4946966167 -111.9949507667 22
10200 37.89655565 -122.0586419 44
10201 32.9413847242 -97.1257281303 31
10202 44.8544693797 -93.2418251038 437
10203 32.9223453833 -97.0915889667 38
10204 37.7707386 -122.4162769167 16
10205 38.7821245167 -90.4834842667 13
10206 38.7819850333 -90.4827117833 10
10207 38.7792813667 -90.48095225 10
10208 38.7772536167 -90.4820895167 10
10209 38.7760305333 -90.4824542833 10
10210 38.7741851667 -90.4848146333 16
10211 38.7761807333 -90.4838061167 11
10212 38.7778115167 -90.48303365 10
10213 38.7800216667 -90.4820036833 11
10214 38.77901315 -90.4825401167 9
10215 38.7784123333 -90.4826045 11
10216 32.7793237382 -96.7983257625 27
10217 38.7845063167 -90.4790425167 1
10218 38.7763845833 -90.4839563333 10
10219 40.8021387112 -73.964503829 2
10220 42.3720467 -71.1206388333 16
10221 42.3720359667 -71.1218619333 5
10222 42.3726303919 -71.1195766926 35
10223 37.5628984444 -122.2878205776 12
10224 34.2431402167 -119.0142703 8
10226 38.6061931525 -90.2458137274 1
10227 47.6082658667 -122.3415613167 21
10228 38.6799001667 -121.1835980333 5
10230 38.7800573816 -90.4818293452 9
10232 37.4439811667 -122.1633338833 5
10233 40.4302024833 -86.8719649167 1
10234 40.4206752667 -86.8918991 1
10235 40.4193127 -86.8957400167 5
10236 40.4194059036 -86.8975827098 2
10238 37.6331412667 -122.477324 3
10239 37.6131319833 -122.48794555 21
10240 32.9213126818 -97.0789504051 21
10241 32.92150855 -97.0780062667 32
10242 37.6367676167 -122.4902200667 9
10243 42.366335129 -71.0915555435 56
10244 32.9413461667 -97.1190977 19
10245 32.94201135 -97.1523356333 32
10246 32.9427731 -97.1563267667 8
10247 32.9430091333 -97.1543312 5
10248 32.9437386833 -97.15613365 8
10249 32.9353380167 -97.2344970667 12
10250 32.9351770833 -97.25335835 25
10251 32.93494105 -97.2533798167 18
10252 33.4318792667 -111.9493961333 13
10253 33.4514595074 -111.9482159615 47
10254 47.64974355 -122.3496294 95
10255 33.4624779167 -111.9443964833 21
10256 32.9338788833 -97.2446465333 14
10257 47.6475663964 -122.3497152328 74
10258 47.6234686333 -122.3421621167 14
10259 32.8974616458 -97.040348053 4083
10260 30.1803395273 -97.7223587036 20
10261 33.4948360833 -112.00342655 3
10262 43.6600249778 -79.3901896477 9
10263 42.3734736333 -71.1229777333 1
10264 43.662431077 -79.3915843964 11
10265 32.7009558667 -97.0445966667 1
10266 32.69961475 -97.0358419333 7
10267 33.5021317 -111.9958090667 65
10268 43.6548185333 -79.3885374 8
10270 33.50200295 -111.99561595 1
10271 42.3726475167 -71.1189651333 8
10272 42.3559105333 -71.0712003667 84
10273 42.3554677787 -71.0664153099 24
10274 42.3562368275 -71.0656535625 34
10275 42.3561971861 -71.0631322861 26
10276 42.3568790157 -71.0619306564 96
10277 42.3574554833 -71.06152295 97
