300 73 227 60 24.266666666666666 54 170
11892 30.1080858667 -96.0464072167 2
11893 32.7574753667 -97.0682001 41
11894 29.9541699833 -90.06450175 5
11895 29.9506212694 -90.0631070137 25
11896 29.9502029456 -90.0640082359 7
11897 29.9493569966 -90.0650811195 85
11899 32.7583336667 -97.0668482667 45
11901 33.0826020167 -96.8914747167 1
11902 33.0820870333 -96.8912172167 2
11903 37.4142944667 -122.0930814667 10
11904 38.5582029667 -122.5421261667 16
11905 29.95360135 -90.0699949167 16
11906 32.7577543167 -97.0671916 38
11907 29.9559295167 -90.072999 4
11908 32.7563059167 -97.0697879667 9
11909 38.5146655178 -122.4846839905 11
11910 32.75664925 -97.0690155 21
11911 29.9518018625 -90.0665187836 23
11912 38.4911692 -122.4544930333 5
11913 35.3616750167 -80.7118964167 4
11914 38.4887444833 -122.45018005 22
11915 32.7558124 -97.0673418 18
11916 37.2883379333 -93.3594775167 1
11917 49.0544271333 -122.3290300333 1
11918 38.4024367385 -122.3618870974 34
11919 32.7572393333 -97.0712256333 18
11920 38.3991050667 -122.3585987 28
11921 30.3323829167 -97.7401471 200
11922 41.2914705167 -73.4934711333 1
11923 38.3235204167 -122.3076367333 2
11924 32.7806674305 -96.7984986305 43
11925 32.7550184667 -97.0717835333 22
11926 29.79004025 -95.39720535 26
11928 29.9507700063 -90.0811743736 74
11929 29.9614763167 -90.0676774833 7
11930 30.3069770333 -97.7353405833 132
11931 33.4901046667 -111.9261574667 14
11932 29.95884775 -90.0640082333 38
11934 30.31104325 -97.74291515 395
11935 33.7222604914 -117.7916121483 6
11936 33.8757634 -118.2131910167 1
11938 30.3099918333 -97.71523475 12
11939 37.1894180667 -93.2834315167 1
11940 37.1987199667 -93.2813286667 13
11941 37.2094820408 -93.2831311226 1
11942 37.2107577167 -93.2904911 7
11943 47.6627933613 -122.3713123798 34
11945 37.9767215167 23.7504243833 6
11946 29.9520456667 -90.0652313167 7
11947 29.9600172 -90.0657463 20
11949 29.9595129333 -90.0649523667 24
11950 29.9591159667 -90.0640296833 8
11951 29.9584854288 -90.063085556 12
11952 29.9574536419 -90.0629138947 38
11953 29.9587082833 -90.0626134833 5
11954 29.9598562667 -90.0615835167 2
11956 29.96085405 -90.0607466667 4
11957 29.9618411 -90.0596523167 9
11958 29.9625599333 -90.06044625 5
11959 29.9620556667 -90.0611329 4
11961 29.95996355 -90.0631284667 4
11962 39.1600263 -75.5555105167 43
11963 29.9597597 -90.06308555 3
11965 29.958086 -90.0645446667 3
11966 29.9582623406 -90.0653707981 118
11967 29.9586009833 -90.0658321333 14
11968 29.96122955 -90.0749516333 1
11970 32.8368794833 -97.09813355 13
11971 38.42600225 27.1324968333 1
11972 40.6889498167 -74.04364585 10
11973 36.3117241833 -86.45266055 1
11974 40.6899476 -74.04446125 7
11975 40.6891968241 -74.0445041656 124
11976 39.1675686833 -75.5214571833 4
11978 40.6897544833 -74.0433239833 5
11980 40.6904625833 -74.04561995 7
11983 40.6899127195 -74.0451478958 8
11984 43.4249751319 -80.4382038116 8
11985 40.6904089606 -74.0464138985 10
11986 40.6898832167 -74.0463066 7
11987 30.4074322393 -91.1743998528 5
11988 30.4120401562 -91.1838412285 32
11989 30.4129028167 -91.1856865833 10
11990 40.6903445667 -74.0462207667 14
11991 30.4132246833 -91.1851286833 11
11992 30.4136431167 -91.1843991167 6
11993 30.41365385 -91.1849999333 3
11994 30.4139006 -91.1848068167 1
11995 40.6898510333 -74.0472292833 19
11996 30.4132032333 -91.1842489167 2
11997 32.7782142 -96.7898941 54
11998 30.4127955333 -91.1847639 3
11999 43.4180787426 -80.5003452301 1
12000 30.4129564667 -91.1853647167 2
12001 30.411892114 -91.1877679825 5
12003 30.3911662 -97.74838685 79
12004 30.3910911 -97.74879455 16
12006 40.6987988833 -74.0400195 23
12008 40.69856285 -74.03974055 15
12009 40.6987237833 -74.0388178667 2
12010 40.6993813387 -74.0393972397 44
12011 40.6984947295 -74.0383780003 3
12012 30.39866565 -91.1790561667 1
12013 30.3985476333 -91.1788201167 3
12014 40.699625 -74.0381312333 1
12015 30.4026138667 -91.1808156833 4
12017 30.4023134667 -91.1806225667 1
12018 30.4024314833 -91.1803007 1
12019 30.3911084712 -97.7471423149 175
12020 30.4145013238 -91.1857509613 2
12021 40.6987237833 -74.0390968167 3
12023 30.4153382667 -91.18210315 4
12024 40.6981766167 -74.0393757667 4
12025 30.4150593167 -91.1825323 1
12026 40.69934605 -74.0377020833 1
12028 30.4150056833 -91.1783909667 3
12029 30.4144799667 -91.17860555 7
12030 30.4144799667 -91.1777687 9
12031 32.7993392833 -96.80360555 1
12032 30.4140722667 -91.1799359167 3
12033 30.4133856167 -91.1799144667 4
12034 30.41306375 -91.17718935 9
12035 32.7995967833 -96.8058156833 28
12036 30.4130744833 -91.1770391333 7
12037 40.7028651167 -74.0171241667 54
12038 30.41603565 -91.1767172667 3
12041 30.4091262667 -91.1674690167 4
12042 41.92153215 -87.63555765 74
12043 30.5572166774 -97.689871788 480
12044 37.5303187722 -122.267832756 4
12045 47.1461319833 -122.4351596667 3
12046 42.4076235167 -71.1088156667 2
12047 37.5344896167 -122.2649788833 1
12048 32.9685652167 -96.8421006167 1
12049 32.9689085333 -96.8202567 5
12050 32.96958445 -96.8204498167 67
12051 32.93222665 -96.8237543 4
12052 37.5359272833 -122.2609019167 8
12053 32.9268944167 -96.8228530833 27
12054 37.5397896667 -122.26068735 4
12055 32.92817115 -96.8226814167 8
12056 37.5416672167 -122.2562026833 4
12057 32.9331493333 -96.8199133833 15
12058 32.9331707833 -96.8193125667 6
12059 32.9331493333 -96.8186688333 9
12060 32.9331064167 -96.8188405 25
12061 37.5482118 -122.25358485 2
12062 30.6522284735 -97.6728129387 15
12064 32.9331493333 -96.8203210667 10
12065 32.9331493333 -96.8208575167 39
12066 32.4423158167 -97.7881264667 13
12067 32.4422621667 -97.7874827333 6
12069 32.4424874667 -97.7866673333 11
12070 32.4424982 -97.7870750333 15
12071 32.4421870667 -97.7869462833 5
12072 30.2026069 -97.8786134667 91
12073 32.44206905 -97.7867531667 7
12074 30.2034544833 -97.8788065833 70
12075 30.20385145 -97.8790426167 16
12076 32.44300245 -97.7867746333 7
12077 37.9316604 23.7573766667 1
12078 32.4431312 -97.7870321167 6
12079 32.4431633833 -97.7877402167 5
12080 38.8957965333 -121.0782408667 6
12081 40.7877302167 -73.9674711167 8
12082 47.3047578333 -122.5216770167 25
12083 40.78681825 -73.9672136167 9
12084 40.7875370833 -73.9661407333 12
12085 47.3054873833 -122.5210118167 8
12086 40.78849195 -73.9662051167 7
12087 47.3065280833 -122.5203037167 5
12088 40.7890605833 -73.9656686667 9
12089 47.30636715 -122.5195956167 3
12090 40.7889640167 -73.9621496167 10
12091 40.7890176667 -73.9612483833 10
12092 40.7892858833 -73.96182775 9
12093 47.30725765 -122.5203466333 7
12094 47.3074936833 -122.52109765 6
12095 40.790627 -73.9636731 7
12096 40.7915174833 -73.96461725 10
12097 40.7917106 -73.9641880833 8
12098 47.3048973 -122.51953125 8
12099 40.7923007 -73.9631795833 10
12100 47.3044466833 -122.5195956167 10
12101 40.7920539333 -73.9611840167 1
12102 40.7916247833 -73.9595317833 10
12103 31.2584424 -95.9899520833 27
12104 47.3033952667 -122.5200033167 7
12106 37.5513768167 -122.2512674167 1
12107 31.2586462333 -95.9909176667 4
12108 47.3035991167 -122.5202608 6
12109 40.7928478667 -73.96000385 9
12111 39.59989785 -75.9426498333 8
12112 40.7936096167 -73.9621925333 8
12113 26.0063982 -80.2975487667 2
12114 31.2577986667 -95.9911751667 7
12115 40.7942533333 -73.9610552667 11
12116 31.2577986667 -95.9904456 2
12117 37.5642728667 -122.2495937333 1
12118 30.31520605 -87.4448847667 1
12119 40.79462885 -73.9598107333 13
12120 40.7972252333 -73.9582443167 14
12121 37.5680494167 -122.25261925 4
12122 40.7998430667 -73.95706415 4
12123 37.5732529 -122.26240395 7
12124 40.7973003333 -73.9512920333 7
12125 40.7972466833 -73.9516782667 8
12126 40.7964951619 -73.9520215988 10
12127 37.5719439833 -122.2793984333 3
12128 40.7962918167 -73.9550685833 7
12129 40.7965600333 -73.95300865 8
12130 37.5708818333 -122.2908139167 4
12131 40.7952833167 -73.9521288833 9
12132 40.7945430167 -73.95133495 6
12133 40.7937335889 -73.9524185658 27
12134 40.7932770167 -73.9555621 9
12136 42.37965345 -71.0945463167 15
12139 33.3642876 -111.73520565 2
12140 43.7100183833 -79.4533824833 1
12141 33.04593085 -97.1226382167 1
12142 21.27991675 -157.8241395833 7
12144 40.7840931333 -73.9694237667 9
12145 40.7842755167 -73.9683723333 11
12146 40.7832241 -73.9699602 1
12147 40.7819581 -73.9712691167 22
12148 40.7818722667 -73.9697027167 20
12149 40.7826983833 -73.9665269833 27
12150 40.7820868333 -73.9647245333 17
12151 40.7814188241 -73.9663338661 72
12152 40.7821824709 -73.9625358582 37
12153 40.7859030926 -73.9633083344 60
12154 40.7842326 -73.9590811667 10
12155 40.7844579167 -73.9592742833 20
12156 40.7796084833 -73.9653468 37
12157 40.78045605 -73.968544 22
12158 40.7806169833 -73.96856545 23
12159 40.7794582833 -73.9690804333 53
12160 40.7799088833 -73.9696383333 28
12161 40.77952265 -73.9668703 46
12162 40.77888965 -73.9666771833 29
12163 40.7775914667 -73.9641880833 13
12164 40.7792090733 -73.9630508423 405
12165 40.777348601 -73.9658617973 36
12166 40.7759392167 -73.96573305 16
12167 40.7748878 -73.9664840667 50
12168 40.7741962409 -73.9670956135 68
12169 40.7741045833 -73.96659135 18
12170 40.7742333333 -73.9676642333 24
12171 40.7750859041 -73.9687532187 250
12172 40.7768367589 -73.9701318741 50
12173 40.7724201667 -73.9694237667 45
12174 40.7742937388 -73.9708399773 251
12175 40.7724087538 -73.971580267 98
12176 40.7702100167 -73.972342 39
12177 40.7697594 -73.9722990833 36
12178 40.7697916 -73.9700245833 21
12179 40.7685248659 -73.9706146717 85
12181 40.7665584596 -73.973865509 45
12182 40.7678179414 -73.9739942551 45
12183 40.7689762 -73.9743161167 33
12184 40.7707268469 -73.973865509 25
12185 40.7691371333 -73.9737582167 34
12186 40.7682251833 -73.9768266667 28
12187 40.7692337 -73.9768266667 40
12188 40.7693517167 -73.9771485167 32
12189 40.7721650018 -73.9775562286 34
12190 40.7729566 -73.9761829333 17
12191 40.7720431255 -73.9750671387 72
12192 40.7746624833 -73.9739727833 39
12193 40.7777523833 -73.9727497 36
12195 30.357306 -87.6838374 1
12196 42.3403227355 -71.0884737968 28
12197 42.3390142229 -71.0877496004 8
12198 42.3386652816 -71.0882163048 5
12199 40.7114911 -74.00212525 6
12200 42.3392057333 -71.0902333167 2
12201 42.3400768958 -71.0901796818 19
12202 40.6950545167 -73.98727655 3
12203 32.9300300367 -96.8194895983 50
12204 32.9292333 -96.8200850333 15
12205 42.3738276833 -71.12138985 3
12207 33.0988399983 -96.8111801147 237
12208 32.7873015333 -97.0914173 2
12209 35.0917482333 -89.8109149833 2
12210 32.7849733667 -97.0819330167 5
12211 35.6582522333 -105.9659028 1
12212 32.7882242167 -97.1004939 1
12213 33.0264580167 -96.8407487833 16
12214 33.9377331667 -117.2622299167 9
12215 43.73229145 -79.4554853333 4
12216 43.73236655 -79.4556999167 1
12217 33.0229496833 -117.28345155 8
12218 32.92500615 -97.2462344167 19
12219 32.9420435333 -97.2296690833 3
12220 32.9408311833 -97.2396039833 12
12221 43.6508964476 -79.3863916397 23
12222 33.5936915833 -117.8669714833 2
12223 33.5923612 -117.8715205167 1
12224 35.6590247 -105.9738421333 1
12225 29.9972891667 -95.1955032333 1
