400 99 301 28 22.11 74 225
13474 32.88006305 -96.7360997167 19
13475 43.74955415 -79.4615364 35
13476 30.4477071667 -97.6637578 123
13477 20.9007275 -156.4927554 1
13488 53.0758453456 -0.8087718487 1
13490 53.0772810404 -0.8094879985 1
13493 53.0775404594 -0.8124035597 8
13494 53.0822967342 -0.8056604862 3
13495 53.0814396124 -0.8087664843 4
13496 41.7257740314 -71.4352297783 208
13497 40.7340431167 -73.9907956 3
13498 41.8240392167 -71.4242219833 3
13499 41.907679 -87.627412 20
13500 33.06803225 -96.8908953667 5
13501 41.8360045258 -87.618150115 12
13503 40.73234795 -89.5736575 25
13504 30.3241109833 -97.7268004333 30
13505 30.3237857752 -97.7265000343 138
13506 41.885495 -87.698217 10
13507 40.7315540167 -89.573915 2
13508 40.74682115 -89.5744299833 1
13510 41.801344 -87.59669 12
13512 41.7240244022 -87.669788003 9
13513 41.8961500166 -87.7881243825 12
13515 32.7552115833 -97.36073255 8
13516 41.71346 -87.669005 9
13519 33.7767127734 -84.388614893 26
13520 37.4068272 -121.88661575 4
13521 37.5597882167 -122.2819089833 17
13522 37.5601637333 -122.2811794167 21
13524 47.6018071167 -122.2994184333 49
13525 36.1076188 -86.6773653 2
13527 39.9060492658 -79.4679093361 12
13528 41.7897368773 -87.5961828232 32
13529 41.8815218399 -87.7650278807 10
13530 41.6727755826 -87.6308852434 9
13531 40.6253063667 -89.4616699167 1
13533 35.6799407763 -105.9488868713 5
13534 43.4653902 -80.5220174667 6
13535 41.8306696333 -87.6437330167 8
13536 37.83709645 -122.2621893833 49
13537 35.66354155 -105.9967374667 2
13538 30.51262735 -97.6865243833 5
13539 30.5125200667 -97.68573045 14
13540 30.5126380833 -97.6854085833 7
13541 29.423537211 -98.4880301356 55
13544 37.3337531 -121.8867015833 6
13545 -37.8172935911 144.9600076675 1
13547 -37.8161239686 144.9607479572 4
13548 -37.8157383281 144.9625021219 1
13555 52.9104290329 -0.6400153041 1
13559 32.8436815667 -96.85019015 52
13561 32.75520085 -97.0714831333 13
13562 32.7554261667 -97.0708823167 22
13563 32.7552223167 -97.0716333333 15
13564 29.7413957 -95.3912401167 3
13565 43.3908595618 -80.3232067823 7
13566 41.8114542833 -71.3504076 6
13569 34.03993605 -86.0209321833 5
13570 41.8291032167 -71.3881731 2
13571 29.9126601167 -90.3459620333 1
13572 53.62154245 -113.6114645 10
13573 41.2998390167 -72.7654337833 7
13574 58.0619655051 11.7521631718 20
13576 30.2654149575 -97.745500803 99
13577 43.4243202167 -80.2855968333 5
13578 39.1319704 -77.52764225 1
13580 39.1329038 -77.5266981 1
13581 35.8398699667 -86.6947889167 14
13582 41.8807929392 -87.6742136478 158
13583 41.2899792167 -72.5327467833 16
13585 41.8906974667 -87.6350641167 4
13586 41.8904829 -87.6322746167 7
13587 35.9254431667 -86.8685960667 1
13588 37.5639617333 -122.2827458333 5
13589 43.732034213 -81.688606739 2
13590 40.7500602252 -74.0038024792 5
13591 36.1612132 -86.7765556333 18
13592 30.3591620833 -97.73495435 13
13593 36.16035075 -86.7782284167 26
13594 40.7501773864 -74.0040492712 4
13595 47.64680385 -122.3044180833 44
13596 35.6928552164 -105.9506034851 9
13597 32.9435992167 -97.1316075167 60
13598 40.7517242333 -74.0063309667 2
13599 45.3019201667 -122.7738261167 5
13600 41.0684160761 -73.7056446075 78
13601 47.6352918 -122.2787547 1
13602 47.63527035 -122.2787976167 1
13603 47.6358604333 -122.2781538833 3
13604 47.63582825 -122.27802515 3
13605 47.6358497 -122.27791785 3
13606 47.6360642833 -122.2775316167 23
13607 47.6362788667 -122.2773814167 10
13608 47.6363754167 -122.277081 7
13609 32.8768229333 -97.1693515667 3
13610 47.6362252167 -122.2774028667 1
13611 30.2614223833 -97.75902985 160
13612 47.63534545 -122.27806805 3
13613 47.6348304667 -122.2771239167 5
13614 47.6347768167 -122.2770380833 1
13615 47.6290261667 -122.2961568667 5
13616 43.7454444507 -81.7295694351 1
13617 32.7828276 -96.7854952667 154
13618 40.0687158 -76.3168716333 11
13619 30.4488864096 -97.7918922901 48
13620 30.4616975667 -97.8572201667 5
13621 47.7386534167 -122.2901272667 2
13623 33.01032185 -97.0453691333 6
13624 40.0471830333 -76.3137388167 2
13625 40.0475907167 -76.3139533833 1
13626 37.7638614167 -122.2431564167 33
13627 47.7561092333 -122.2008419 1
13628 37.7644193167 -122.2434353667 34
13629 41.6965806333 -88.32108735 5
13630 33.5965883667 -117.8713274 8
13631 46.0639464833 -118.3485674833 3
13633 -37.7761673833 144.8886609 1
13634 53.0738568856 -0.8104133606 1
13635 53.0764721587 -0.8087879419 6
13636 41.8245971167 -71.3989877667 7
13639 35.1329255 -90.0589227667 17
13640 53.0743403122 -0.80804497 3
13641 41.8264034988 -71.4028072357 22
13642 41.8266034 -71.4048671667 2
13646 32.9142451167 -96.95938825 8
13647 32.1541929167 -97.1289467667 5
13648 26.2137651333 -81.80194615 3
13653 41.6599309333 -88.5421013667 1
13654 47.6119785571 -122.341915369 3
13656 37.5029253833 -122.2472763 1
13657 40.7241528174 -73.9828455448 15
13658 43.6562561833 -79.38070535 70
13659 43.655988724 -79.3803405762 93
13660 53.0702664675 -0.8163571358 4
13661 40.71958065 -73.98489475 13
13662 40.0485113163 -76.3105416298 4
13663 49.2517948 -122.9996895667 2
13664 49.2513334667 -123.0024147 6
13665 49.2517420411 -123.0018568039 19
13666 40.7182502667 -73.9904308167 10
13667 49.2498636167 -123.0010843167 9
13668 38.8942623 -77.078619 59
13669 37.761461603 -122.2451198101 5
13671 49.2478895167 -122.9998397667 8
13673 40.7454371333 -74.00588035 4
13674 26.1973929333 -81.8120312667 7
13676 45.5226590887 -122.6568603516 79
13677 33.4142303333 -111.9408559667 1
13678 33.58285545 -111.8871903333 4
13679 41.16170525 -73.4185624 12
13680 32.89580225 -97.2579288333 47
13682 30.2473528978 -97.7501785755 54
13683 32.8146386 -96.7709684333 5
13684 33.4236288 -111.9414353333 5
13685 33.4252810333 -111.9405341 17
13687 30.3023636333 -97.7386879833 75
13688 30.3015589667 -97.7392888 84
13689 33.4240472167 -111.94066285 4
13690 30.2862345637 -97.74497509 129
13691 33.4236609833 -111.9397830833 15
13692 41.9396613053 -87.6636135578 12
13693 39.0997946167 -94.5832943833 4
13694 37.7668654833 -122.4290227833 47
13699 30.2336454333 -97.7425932833 68
13700 39.6789195086 -75.6524562836 54
13701 32.8624784833 -97.06680535 1
13702 33.427716515 -111.9277238846 5
13703 32.862854 -97.0668911833 1
13705 32.8641521833 -97.06777095 1
13706 30.2577424 -97.7603816833 4
13707 33.4310746167 -111.9425082167 1
13708 33.4315145 -111.9426369667 26
13709 30.2825008873 -97.7755093575 166
13710 38.9180696 -77.0321631333 74
13711 33.4314179333 -111.92641495 7
13712 33.4344863833 -111.9258785167 13
13713 33.4349906333 -111.92555665 46
13714 37.44546175 -122.1589779833 9
13715 37.2734892333 -107.8808069167 2
13716 35.68192005 -105.9492945667 4
13717 30.23130655 -97.9323005667 2
13718 30.2332592 -97.8658676 1
13719 30.2674412667 -97.7473139667 234
13720 32.9468607833 -97.27627515 4
13721 33.4223628 -111.9200205667 15
13722 40.6089878 -89.4625926 5
13723 39.5262444 -75.81109285 10
13724 37.2756886333 -107.8820943667 2
13725 30.1853764 -97.8472852667 46
13726 30.5668294333 -97.6901078167 3
13727 30.1830482333 -97.8477358667 114
13729 30.33723235 -97.8038334833 193
13730 30.3575420333 -97.7857232 136
13731 40.7332491833 -73.9909887167 85
13732 33.8097918 -118.1337976333 6
13733 30.3709959833 -97.6915025667 75
13735 29.9684715167 -95.6922054167 18
13736 43.68235945 -79.3297863 2
13737 30.4972529333 -97.6568269667 19
13738 30.607947711 -97.6879513264 38
13739 36.0351884333 -83.9330792333 6
13740 33.74953865 -118.1000232667 1
13741 29.1772627667 -81.0814189833 5
13742 35.9617166353 -83.9232409 16
13744 35.9626185833 -83.9237880667 5
13745 35.9633266833 -83.9246463667 1
13746 37.8821682833 23.7559175333 2
13747 35.9614062167 -83.9238524333 3
13748 35.9610736333 -83.9244103333 8
13749 33.71114015 -118.0611848667 3
13750 29.9426686667 -90.0704240667 26
13751 31.6024303333 -97.1084117833 57
13752 40.5738931667 -73.9755201667 22
13753 34.0628314 -118.3991003 25
13754 30.0030291 -90.1596665333 2
13755 29.8430407 -95.4960608333 13
13756 28.4786546167 -81.4573574 19
13757 32.0109844167 -97.09392785 4
13758 32.0152223 -97.0944428333 73
13759 30.0047028 -90.1879048333 7
13760 34.1244578333 -118.3057165 5
13761 34.1188950206 -118.3003655076 12
13762 32.9759681167 -97.16763495 9
13763 32.98003435 -97.1698451 13
13764 33.0001616333 -97.1858954333 16
13765 32.9940462 -97.1939635167 17
13766 32.9983699167 -97.20595835 25
13767 32.9542636833 -97.0097494 50
13768 32.9988133964 -97.2289609909 54
13769 33.0009877667 -97.2278881 32
13770 33.0009877667 -97.2278881 4
13771 33.0034983 -97.2277379 6
13772 32.9980373333 -97.2307205167 7
13773 32.99696445 -97.2314286167 28
13774 34.1183065768 -118.3003735542 116
13775 40.0655186167 -76.3407540167 84
13776 40.0662267167 -76.3444662 6
13777 40.5794191333 -89.59614515 3
13778 37.3485481667 -108.5845327333 2
13779 35.9000909167 -84.1637921167 14
13780 30.2718508167 -97.78681755 14
13781 39.0366017667 -94.5794534667 15
13783 43.5769271833 -116.55878305 35
13784 33.38056325 -111.9622707333 3
13785 29.7803628333 -95.7513642167 17
13786 29.9085402333 -95.5692744167 1
13787 41.7734480899 -88.1496083736 4
13788 34.0576105002 -118.415504694 47
13790 41.7715357261 -88.1534707546 12
13791 40.03829955 -76.3059926 7
13792 39.0526369964 -94.5914912224 57
13793 40.0401878333 -76.3049840833 1
13794 37.7565307179 -122.4210587721 6
13795 34.08171415 -118.38888645 3
13798 52.649989558 -0.4812312126 46
13800 52.6489611243 -0.4755395651 2
13801 40.4156035623 -3.7145698071 6
13802 40.41538595 -3.7073493 35
13803 52.6541599989 -0.4656529427 14
13805 40.4168369984 -3.7035620213 37
13806 40.4178743741 -3.6936807632 4
13807 33.43480825 -111.92540645 5
13813 42.56929635 -82.91519165 1
13818 42.5628697833 -83.1405830333 1
13819 42.5624191667 -83.1563544167 2
13820 42.5612755862 -83.183991909 60
13822 42.5396740333 -83.2071447333 1
13823 42.5403285 -83.2071661833 1
13824 42.5401568333 -83.20708035 1
13825 42.5406503667 -83.2079815833 1
13826 42.5019085333 -83.1704950167 3
13828 33.4938490333 -111.9263076667 13
13829 41.8577993455 -87.6219749451 7
13830 33.4939134 -111.9260716333 12
13832 34.00879025 -118.4950160833 6
13833 46.0709738667 -118.33266735 3
13835 33.4930229167 -111.9242048167 2
13836 33.4929478167 -111.9245266833 1
13837 34.00916575 -118.4976553833 14
13838 33.49203585 -111.9244623167 2
13839 28.0324423167 -97.0455408 2
13840 33.4915959833 -111.9246339667 1
13841 34.00860785 -118.49812745 28
13842 29.73970055 -95.4656767833 18
13843 29.7395167566 -95.4645717144 209
13844 29.7405481333 -95.4633164333 19
13846 34.0076100667 -118.4995222 23
13847 32.6584086641 -97.3491990566 61
13849 29.8367536 -95.6481957333 9
13850 33.4361815333 -112.0139408 90
13851 32.7521967833 -97.3563337167 31
13852 41.6472172667 -88.6002516667 3
13853 39.0505436345 -95.6966793537 31
13854 34.009552 -118.4972047667 24
13855 34.0100347833 -118.4963464667 10
13856 34.0115261 -118.4949731667 9
13857 32.9394149667 -97.1089911333 10
13858 32.938278313 -97.1082186699 4
13859 32.9386961333 -97.1099567333 34
13860 32.9385566667 -97.10553645 46
13861 32.93070315 -97.1052789667 3
13862 35.6874132 -105.9385871833 40
13863 32.9355096667 -97.1043348167 10
13864 39.0378355833 -95.6761765333 4
13865 32.9366576667 -97.1052145833 10
13867 32.9401129096 -97.1123573184 71
13868 32.9421185416 -97.1171450615 27
13869 30.2230453333 -98.7659096667 1
13870 32.94130325 -97.1207714 46
13871 32.94231175 -97.1206855667 14
13872 39.0499377167 -95.72696685 6
13873 32.94249415 -97.1211791 12
13874 40.4529805163 -3.6875116825 27
13875 32.9414749 -97.1557903167 18
13876 39.0592181667 -95.7667708333 22
13877 32.9414963667 -97.1563267667 11
13878 32.9416894833 -97.1573138167 5
13879 32.9416680333 -97.1575069333 4
13880 32.9415822 -97.1580862833 21
13881 39.0561711667 -95.77492475 6
13882 42.3253644163 -83.4516763687 51
13883 34.0043914167 -118.48596095 62
13884 29.7185413472 -95.3990453482 7
13885 39.0128695833 -95.7465147833 1
13886 32.9238688833 -97.2089409667 16
13887 32.9097068167 -97.1885347333 89
13888 32.9081833333 -97.1896505333 9
13889 32.9065310833 -97.1876335 9
13890 34.0147233 -118.4949088 11
13891 32.8548181 -97.1882987 11
13893 34.0155386833 -118.4956812833 16
13894 32.8530800333 -97.1904444667 19
13895 29.72124111 -95.3892673552 5
13896 32.85301565 -97.1908950667 12
13897 32.8529834667 -97.1907234167 24
13898 34.0165901167 -118.4971833167 5
13899 32.8525114 -97.1913886 20
13900 29.7214829833 -95.3891372667 3
13901 32.8485953667 -97.18497275 52
13902 32.74701475 -117.2512865 37
13903 34.0166652167 -118.4970545667 5
13904 32.8388965 -97.1859812667 27
13905 32.8350341167 -97.1327018667 21
13906 32.83552765 -97.1311569167 68
13907 34.0185989626 -118.498963697 8
13908 32.83705115 -97.1494817667 10
13910 35.1168644333 -89.8938918 2
13912 34.01682615 -118.4954023333 4
13915 29.7373647983 -95.4611706734 15
13916 41.2669444 -73.4408354667 2
13917 29.7353017167 -95.46183585 3
13918 36.00442885 -84.02036905 5
13919 41.3946282833 -73.6196208 7
13920 35.9841406333 -83.99380445 4
13921 35.93526005 -84.01144265 16
13922 32.8460097167 -96.7446184 8
13923 40.7351803667 -74.00993585 17
13924 29.7843217833 -95.7236623667 3
13925 35.9039103833 -84.1371846167 2
13926 35.8992969833 -84.1558313333 29
13927 38.8996803667 -77.0195674833 15
13928 35.1158130167 -89.8960161167 2
13929 39.0040934 -95.6830000833 1
13930 29.881922 -95.6449341667 6
13931 35.9549601768 -83.925011158 19
13933 29.7870790833 -95.7349705667 14
13934 36.0270452333 -83.9271354667 1
13935 47.7535021167 -122.16086625 2
13939 50.69586395 -3.8115906667 2
13940 48.13830255 11.5591835833 7
13941 40.4109146652 -3.6905479431 3
13942 42.3495268667 -71.0951900333 3
13943 32.8963172333 -96.9581651667 20
13944 32.7156543667 -96.9357204333 3
13945 32.7748627027 -117.0706987381 40
13946 40.4148438852 -3.6831021309 55
13947 43.72529625 -79.44767475 26
13949 32.8484988167 -97.1959590833 7
13950 30.2603784883 -97.7576968074 99
13951 28.8685941667 -96.9977760167 3
13952 26.11959815 -80.1046013667 10
13953 30.6388521167 -97.6781558833 71
13954 43.3729398167 -79.76207255 1
13955 34.0721654833 -118.3594679667 16
13956 32.84914255 -96.6835498667 1
13957 48.1444823667 11.56843185 6
13958 37.1479189333 -93.29553365 19
13959 48.1397616833 11.5740752167 8
13960 48.1373108323 11.5754914284 141
13961 34.0725064364 -118.3587706089 11
13962 37.1383219005 -93.3641123772 21
13963 48.138191488 11.5685284138 18
13965 34.0721869333 -118.3585238333 6
13968 34.072026 -118.35826635 49
13969 34.0718114333 -118.35800885 188
13970 34.0719079833 -118.3592963167 12
13971 34.0721440167 -118.3579444833 21
13972 34.071867 -118.357832 47
13973 34.0719079833 -118.35770845 8
