400 78 322 10 29.67 58 241
13022 40.7527919861 -73.9772558212 1005
13023 32.90008305 -97.0441246 10
13024 31.5192389333 -106.1326503667 1
13025 39.1865142389 -96.5757626295 8
13026 31.5187883333 -106.13301515 1
13027 39.1791543279 -96.574126482 1
13028 39.1992197063 -96.5837073326 2
13030 32.944597 -97.1337318333 11
13031 30.2546525 -97.762506 215
13032 32.93014525 -97.2271370833 9
13033 32.9307675333 -97.22902535 7
13034 32.9287075833 -97.2288537 1
13035 32.9283428167 -97.2270941667 3
13036 32.9289764351 -97.2309458256 29
13037 32.9650258887 -96.8215227127 24
13038 30.2815496833 -97.7376151 9
13039 37.4471461667 -122.1700501333 17
13040 32.7478730667 -97.3516130333 19
13042 36.1647613 -86.7831186 7
13043 36.1638313 -86.7834761167 5
13044 33.8222694333 -84.43975925 3
13045 39.1791460112 -96.5603452921 11
13046 40.7448229722 -73.9988896641 18
13047 30.2681601 -97.74209975 42
13048 40.7437509602 -73.9933277438 40
13049 30.26661515 -97.7486014333 103
13050 42.3735487333 -71.1200380167 7
13052 36.1627167667 -86.7760801167 4
13053 30.2670228333 -97.7501249167 16
13054 36.1625026667 -86.77602965 13
13055 36.1623620667 -86.7757330333 6
13056 36.16233585 -86.7748602333 30
13057 32.8832066 -97.2791719333 2
13058 37.8654439053 -122.2568678856 3
13059 32.8756320333 -97.2763824333 7
13060 47.7550685333 -122.1964216167 1
13061 47.7548217667 -122.19331025 1
13063 47.7608191833 -122.18773125 1
13065 47.75827645 -122.1915507167 8
13067 30.2799189 -97.7345681167 23
13068 31.5619445889 -106.0671401024 5
13069 30.3600450634 -97.7348470688 621
13070 35.6561804163 -105.9946990013 2
13071 39.1858572838 -96.574421525 3
13072 33.02851795 -96.81034325 2
13073 43.6472632791 -70.309946537 100
13074 42.5203621333 -70.8906769667 10
13075 30.2606611305 -97.7468311787 217
13076 40.7377301171 -73.9865899086 12
13077 37.26947665 -93.1171989333 1
13078 33.8085616642 -117.9211306572 100
13079 52.5176506679 13.3968937397 16
13080 33.1487345667 -96.8307495 9
13081 39.3640673 -104.8620772333 1
13082 45.3680956333 -122.84650325 1
13083 38.9126515333 -104.7885203333 1
13085 39.7623512667 -104.9824773833 7
13086 37.1461302192 -93.2902979851 15
13087 30.2686303786 -97.7424001694 516
13088 39.9475443333 -75.15135525 7
13089 37.7657067667 -122.45007275 20
13090 46.0670149167 -118.3379030167 6
13091 46.0670363833 -118.3379244667 2
13092 46.0671544 -118.3382248833 3
13093 46.0671651333 -118.3383965333 3
13094 46.0673689833 -118.3381819667 1
13095 46.0670149167 -118.3380746833 3
13096 46.0668969 -118.3378386333 6
13097 46.0667681667 -118.3377957333 2
13098 46.0666823333 -118.33773135 2
13099 46.0665965 -118.3371305333 2
13100 46.0668969 -118.3362722333 8
13101 39.9501085167 -75.1502609167 104
13102 46.0681629167 -118.33534955 2
13103 46.05623245 -118.3551549833 2
13104 47.5982579001 -122.3249316216 13
13105 37.5213575333 -122.27538585 8
13107 39.7983402225 -89.6540540457 6
13108 39.8025548333 -89.6475362667 6
13109 39.8030591 -89.6475148167 13
13110 39.8008060333 -89.66047525 2
13112 41.4160323 -95.8562064167 2
13114 22.308155339 113.9175796509 161
13115 41.3689327167 -95.8589529833 2
13116 40.7409248514 -74.0080475807 78
13117 39.7973299 -89.6450257167 20
13118 41.30364775 -95.8574938667 3
13119 39.7796487667 -89.6206927167 2
13120 41.2855911167 -95.8629226667 3
13121 41.2679529167 -95.8528590167 2
13122 43.68976235 -70.2929091333 2
13123 39.72754955 -89.5835924 1
13124 41.2678778167 -95.8484387333 4
13125 39.72691655 -89.5947933167 4
13126 42.3710811 -71.1163902167 20
13128 49.2635478646 -123.123114109 9
13129 49.2635338618 -123.1238222122 2
13130 39.7209942333 -89.6117448667 2
13131 37.4832360045 -122.1498155594 7
13132 39.729435588 -89.6146202087 9
13134 33.6425399667 -117.9196715333 1
13135 36.3384175167 -94.1527462 1
13136 37.7923464667 -122.4007630333 6
13137 40.7667839736 -73.9673427058 8
13138 33.7921014933 -84.3880113959 15
13139 49.2683156083 -123.257932663 1
13140 41.831537949 -87.634318471 31
13141 41.82703255 -87.6434755167 8
13142 43.68823885 -79.3929791333 14
13144 32.6818692667 -97.4135184167 4
13145 43.6524796333 -79.3789672833 23
13146 33.770514594 -84.552218914 46
13147 32.8349161 -97.1327233167 28
13148 32.7324342667 -97.4095916667 3
13149 32.7375304667 -97.6320648167 3
13150 32.9426340109 -97.1327635646 15
13151 37.4344963947 -122.1610915661 59
13152 32.91105865 -97.2606968833 5
13153 32.7568214292 -97.3339185119 31
13154 37.5122702 -122.2533702833 23
13155 51.5209007025 -0.0987616181 6
13156 37.7976770905 -122.4007907547 5
13157 31.7598438167 -106.4916586833 6
13158 31.75985455 -106.4921951167 4
13159 31.7603480667 -106.4901781 4
13160 36.3094804167 -86.66664895 2
13161 31.7596828833 -106.4885902333 3
13162 31.7609596167 -106.4890623 4
13164 33.7662201966 -84.3492776155 43
13165 32.9404167961 -97.1744155884 12
13166 47.7537274333 -122.15357065 1
13167 32.7568214292 -97.3339185119 1
13168 30.5095117825 -97.6798805594 104
13169 30.5090975667 -97.6797223 27
13170 30.5131004562 -97.6893138885 20
13171 32.955924879 -96.6166448593 12
13172 30.49532175 -97.6764178167 18
13173 47.6761901333 -122.12644815 8
13174 42.9872059667 -81.2507629333 17
13175 32.7726244833 -96.9879913167 63
13176 30.5176377167 -97.69774675 6
13177 30.2193760833 -97.83563375 17
13178 30.2192580667 -97.83552645 59
13179 30.21992325 -97.8358697833 40
13180 35.64653635 -105.9543800333 4
13181 35.6457531333 -105.9546804333 2
13182 49.2489409333 -122.8648924667 1
13183 49.2486405333 -122.8670382333 4
13184 47.16077685 -120.8492016667 4
13185 41.8575453667 -87.6448059 2
13186 41.8401539167 -87.6416301667 7
13187 46.96373105 -119.9649524667 5
13188 49.2666229546 -123.245794296 4
13189 37.7742791167 -122.4375414833 36
13190 32.81699895 -96.8111157333 16
13191 28.5951805 -81.3514637833 10
13192 33.0720700604 -97.0196735859 17
13193 28.5955250146 -81.3510346413 21
13194 31.5725398 -94.67380285 1
13195 31.7959625907 -106.394777298 191
13196 31.7960643667 -106.3957858 6
13197 31.7893266667 -106.3965368167 4
13198 35.8764445667 -79.067595 1
13199 32.90231465 -97.4610900833 1
13201 33.2862353167 -97.6328802 4
13204 32.7487099167 -96.8275737667 52
13206 39.0998505398 -94.5822460828 25
13207 29.8975646333 -81.3134837 4
13208 33.0268120667 -96.8421006167 11
13209 47.6661586667 -117.4255871667 3
13210 51.5195354821 -0.1016235352 10
13211 40.7456946333 -74.0063953333 5
13212 32.9751741833 -96.8866682 22
13213 37.8020238833 -122.4037671 31
13214 32.9763758167 -96.8884706333 3
13215 37.4223555227 -122.0880496502 238
13217 49.2777585833 -122.8588628667 9
13218 40.7477704627 -74.006333787 1
13219 32.4176824 -97.7869248333 4
13220 40.7472654587 -74.0051379539 2
13221 49.2768359167 -122.85881995 4
13222 32.4336683667 -97.79147385 5
13223 40.7487452048 -74.0046548903 1
13224 42.9474771 -81.2922406167 7
13225 37.77838825 -122.39355325 58
13226 38.8941304333 -77.0229160667 39
13227 47.6376628833 -117.4070477333 1
13228 47.6390576333 -117.4053096667 3
13229 52.9049921382 -0.2051541209 1
13230 47.63884305 -117.4082708333 9
13231 47.6388001333 -117.4105024333 5
13233 30.3357517667 -97.7392244333 3
13234 47.63671875 -117.4118542667 4
13235 30.3359556167 -97.7392244333 8
13236 30.3365135167 -97.73916005 47
13237 38.8997990333 -77.021634 59
13238 30.33604145 -97.7392029667 4
13239 31.0670936 -104.2173600167 1
13240 40.6882631667 -73.9788436833 8
13241 30.3577584214 -97.7316015959 54
13242 30.3574883833 -97.7313709167 25
13243 30.3568983 -97.7313923833 70
13244 29.4447433833 -98.47848415 8
13245 49.2652487667 -123.0795550333 12
13246 34.75139375 -86.6983770333 4
13247 47.0507419 -122.9026365167 13
13248 41.8972141526 -87.6210951805 57
13249 38.89632225 -77.0274639 13
13250 49.2682806045 -123.1522643566 3
13251 49.2683016068 -123.1524145603 4
13252 30.18334865 -97.8482937667 18
13253 30.3334987 -97.82305955 81
13254 42.0480643121 -87.6808787806 2
13255 49.2703986167 -123.1359028667 5
13256 49.27037715 -123.1361389 16
13257 41.8994700192 -87.6240875803 57
13258 41.9001495833 -87.6236271833 33
13259 37.5866532167 -122.3178720333 1
13260 41.9001817667 -87.62424945 9
13261 41.89894795 -87.6242923667 26
13262 37.5861167833 -122.3165202 2
13264 41.8967056167 -87.6225113833 3
13265 41.8947207833 -87.6159453333 18
13266 32.9851090833 -96.7083334833 32
13267 37.5874364333 -122.3290085667 12
13268 37.5861167833 -122.3257684667 5
13269 34.7187394833 -86.6734714333 26
13270 41.8524920833 -87.6317167167 20
13271 41.8521595 -87.6339268667 5
13272 33.8054680667 -117.9208087833 57
13273 49.27110883 -123.1338214874 3
13274 40.7422044558 -73.9984585217 6
13275 32.7549219 -97.0715475 6
13276 47.64196515 -117.4243426167 9
13277 31.8966901167 -102.3430752667 6
13278 31.8966901167 -102.3429679833 2
13279 28.601892834 -81.3632655144 41
13280 39.949716396 -75.1436439157 15
13281 45.5226767 -122.6733613 150
13282 49.2770504833 -123.1476616833 3
13283 39.1199541 -75.5715823167 18
13285 32.7299773667 -97.36058235 59
13286 57.6948768829 11.9598841667 28
13287 33.7888135376 -84.4050729275 221
13288 38.4325039333 -82.4088120333 1
13290 31.8915939167 -102.3264884833 4
13291 35.6097149833 -99.6718311167 2
13292 31.9744849167 -102.07704305 12
13293 38.8887614005 -77.0046007633 72
13294 38.8895952667 -77.002573 6
13296 38.8851857167 -76.9960927833 31
13297 42.0464801667 -88.03623675 7
13298 38.88732425 -76.99594885 16
13299 30.2444426402 -97.7519488335 410
13301 38.8864731667 -77.0010495167 10
13302 32.7568638167 -97.1028113333 5
13303 37.7898573833 -122.4853706333 4
13305 42.046838333 -88.0386212879 13
13306 38.8914002562 -77.0199751854 96
13307 38.8913000483 -77.0229899883 99
13308 32.7507913 -97.35596895 14
13309 43.6564600333 -70.2531909833 2
13310 43.6564600333 -70.2531909833 1
13311 43.6565673333 -70.2534484833 13
13313 40.72330355 -74.0029191833 2
13314 42.0499241333 -88.0443048333 8
13315 42.0567332873 -88.0354213715 105
13316 43.6559021333 -70.2511739667 6
13317 43.6578655167 -70.25462865 6
13318 37.7538192167 -100.0219988667 2
13319 41.8902260685 -87.6340341568 22
13320 43.6582195667 -70.2550148833 2
13322 28.4153974 -81.4563918 26
13324 38.9084189379 -77.0424816012 60
13325 41.8938490118 -87.6170621584 27
13326 32.1633249209 -94.3176591396 1
13327 47.6274061167 -117.4011039667 1
13328 47.6373624667 -117.4065113 1
13329 47.6439070667 -117.40947245 5
13330 47.6448833833 -117.4104166 1
13332 47.6443254833 -117.4102663833 1
13333 47.6431989667 -117.4098157833 2
13335 33.7626016464 -84.3585655915 28
13336 41.1134254833 -88.41223955 3
13337 41.1133718333 -88.41223955 1
13338 37.7615082532 -122.4257665873 181
13339 30.2703917 -97.7509832333 248
13340 30.27003765 -97.7509403167 100
13341 29.73207235 -95.4949235833 3
13342 47.6367509333 -117.4123477833 3
13343 47.6360964667 -117.4121546667 2
13344 47.6354098167 -117.4119186333 2
13345 47.63597845 -117.4154376833 5
13347 32.7816474333 -96.7663764833 80
13348 49.2326760167 -122.8833246167 3
13349 45.517225977 -122.6626646519 47
13350 28.3553481 -80.7264447167 4
13351 40.6919431667 -89.4815397167 14
13352 32.74693965 -97.7842855333 4
13353 57.69857525 11.9920921167 144
13355 37.4563729667 -122.1707582333 1
13356 32.8253245333 -96.7306709167 9
13357 43.716884009 -79.3380689621 16
13358 32.85316585 -97.1054291667 5
13359 30.8378720167 -94.8629522167 2
13361 40.7524108833 -74.00978565 76
13363 41.1048746 -73.5486817333 1
13364 48.8743972667 2.3627901 2
13365 33.0342364167 -97.0639944 17
13366 47.6623392 -122.2979807833 14
13367 37.3181955398 -121.9511443377 65
13368 37.32353925 -121.9724678833 7
13369 33.0664980333 -96.70683145 3
13370 37.4203562667 -122.2046399 23
13371 40.7411524602 -74.0059876442 6
13372 38.9484214667 -92.3274922333 26
13373 43.75885605 -79.48923825 1
13374 40.5433273167 -89.5988917333 17
13375 41.2584149833 -73.6848950333 1
13376 33.0018568 -96.76710605 10
13377 33.002007 -96.7650675667 136
13379 47.6377487167 -117.4127340167 3
13380 38.0890417 -102.6188278167 1
13381 33.7872183167 -117.8244423833 1
13382 41.8779970787 -87.6473164558 5
13386 30.2651345667 -97.7460479667 4
13387 47.0911896167 -119.9824404667 2
13388 47.1007165967 -119.9941778183 14
13389 40.7146239167 -73.9980912167 14
13390 40.7259321167 -74.00156735 3
13392 32.7287993496 -97.3892122507 26
13393 37.5438237167 -122.2706866167 6
13394 32.75958895 -97.4795651333 19
13395 40.789994 -89.6021962 1
13396 37.5440275667 -122.3061347 2
13397 40.7898759833 -89.60187435 1
13398 40.79693555 -89.6089339167 4
13399 40.7946825 -89.6079468667 2
13400 40.79399585 -89.6081399833 3
13401 37.56050705 -122.2687125167 13
13402 40.7837605333 -89.6031188833 8
13403 34.6830010333 -86.7388415333 2
13406 30.2687716333 -97.7344179 27
13407 40.7587516167 -89.5917034 1
13409 30.2674859973 -97.7438861132 62
13411 32.7675282833 -97.0975542 21
13412 37.6330769 -122.39999055 31
13413 49.262477 -123.069389 88
13415 49.204704304 -122.9060161114 10
13416 52.8905999199 -0.0833523273 2
13417 52.8923832287 -0.6487029791 1
13418 43.6555051667 -70.2568173333 5
13419 52.8967974925 -0.6646621227 2
13420 52.9010203958 -0.6640613079 1
13423 52.9058123264 -0.6667649746 1
13424 41.8758002454 -87.618970871 143
13425 43.7161016333 -79.4442415167 8
13426 31.8033256942 -97.0994210243 280
13427 32.8056371167 -96.7961168167 56
13429 32.9973506833 -96.8569493167 11
13430 46.0610389667 -118.34599255 16
13432 38.8572907333 -104.91428375 6
13433 47.75079845 -122.1639776167 1
13435 40.6152534333 -89.4689226 3
13436 32.9871368333 -96.84010505 3
13438 46.0563611833 -118.3464646333 1
13439 46.0562109833 -118.3466792 2
13440 46.0565114 -118.3465933667 2
13441 33.7275810146 -117.7864891291 10
13442 32.86384105 -96.80851935 119
13443 32.8621459 -96.8086051833 6
13444 32.8623282833 -96.80862665 6
13445 32.89605975 -96.8044424 2
13446 38.0043697333 23.67637395 4
13447 53.0687644623 -0.8215874434 3
13448 37.7970349667 -122.4371123167 46
13449 33.1338965833 -96.82306765 7
13450 37.7861559333 -122.4516820833 48
13451 35.1015329333 -89.83988285 1
13452 30.2672803333 -97.7389025667 482
13453 30.2675378167 -97.7438807333 17
13454 41.1640226833 -73.2335758167 13
13455 41.89309 -87.6134133333 25
13456 32.7548522078 -97.3323118687 49
13458 35.8189809167 -90.6739640167 3
13459 35.8167815167 -90.6744360833 4
13460 47.6210117333 -122.3526334667 9
13461 44.94212865 -93.0979084833 3
13462 47.6218271167 -122.3499727167 27
13463 47.62087225 -122.3499941667 44
13464 37.7885646748 -122.3951196671 17
13465 32.7494072833 -97.3582863667 26
13466 -33.8569542686 151.2149620056 66
13467 30.2695384612 -97.7423465252 71
13468 30.27122855 -97.7417564333 39
13469 30.2714843241 -97.7416706085 215
13470 39.1757655 -75.5304265 67
13471 32.8490030667 -96.8077039667 4
13472 30.2708423 -97.74169205 95
13473 38.8793706833 -104.7192764167 7
