200 42 158 67 48.185 31 118
10504 34.0871214833 -118.3766984833 3
10505 33.4256660046 -111.9397294521 53
10506 42.3720574333 -71.1201453167 14
10508 30.4318392167 -97.73581265 318
10509 34.1802263167 -118.30777645 10
10510 34.18124555 -118.3091711833 3
10511 34.1820931333 -118.3109736333 20
10512 47.73468375 -122.1497511833 54
10513 32.811774 -97.4306201833 6
10514 32.82566785 -97.5371360667 5
10515 30.4703327865 -97.8073954582 36
10516 30.4472400501 -97.7870857716 323
10517 42.3504602833 -71.0649132667 14
10518 39.0423846167 -94.6372389667 3
10519 47.6537454 -122.3241591333 26
10520 30.2856373667 -97.7382373667 20
10521 30.2854657167 -97.7360486833 23
10522 30.2851471336 -97.7338922024 20
10523 47.7330207667 -122.2919511667 6
10524 30.2849236241 -97.7334684134 19
10526 30.2836404612 -97.7325296402 363
10528 30.2837920167 -97.7396321167 47
10529 30.2835107542 -97.7413809299 47
10530 30.2852833167 -97.7419281 13
10531 47.75328755 -122.1659302667 11
10532 30.2860816989 -97.7419012785 110
10533 39.7609591333 -105.0086331333 10
10534 37.784316696 -122.4083912373 16
10535 37.9754555167 23.7354683833 14
10536 45.0948828834 -93.4365749359 6
10537 36.0597038167 -95.95742225 14
10538 47.6626503333 -122.1259975333 6
10539 47.6750850667 -122.1324348333 4
10540 37.76462315 -122.4172854333 17
10541 47.6701176 -122.1276068667 6
10542 30.3973782 -97.7498245167 32
10543 37.7620375 -122.4182724833 28
10544 30.34820795 -97.7139902 52
10547 36.0523009167 -95.9590101167 7
10548 32.9195559 -96.9718766167 49
10549 32.9205644 -96.9727349167 37
10550 32.9183006167 -96.9668555167 12
10551 32.9243624167 -96.9661903333 23
10552 32.9233968167 -97.0894002833 10
10554 32.90756105 -96.9594740833 36
10555 37.8326611755 -122.4799190462 71
10556 32.91228175 -96.95923805 10
10557 32.9123675667 -96.9591951333 55
10558 37.4786782167 -122.29804515 5
10559 32.7284112516 -97.3883163929 65
10560 32.95224665 -96.935184 1
10561 32.9631364333 -96.9401621667 6
10562 49.248147 -122.8957056833 10
10563 33.0091738667 -96.9739794667 2
10564 33.0100321667 -96.96917295 30
10565 30.3867587075 -97.7418637276 52
10566 39.0918016333 -94.5852684833 15
10567 37.7361166333 -122.41018295 45
10568 35.6852781667 -105.9404325333 7
10569 39.09217715 -94.5835518833 46
10570 37.8057830213 -122.4205470085 38
10571 47.60219335 -122.3338794667 50
10573 35.6824564833 -105.9405398333 5
10574 47.6035559167 -122.3347592333 70
10575 47.6890647333 -122.32278585 1
10576 41.8762671833 -87.62439965 48
10577 30.2954757167 -97.7842640833 397
10578 38.5766215771 -121.4938437939 85
10579 22.2938167216 114.16867733 22
10580 37.80971645 -122.1988677833 13
10581 22.2935933671 114.1695383191 9
10582 22.2938911731 114.1704905033 9
10583 37.8191900167 -122.1816587333 1
10584 22.2935040251 114.1720890999 6
10585 47.613804813 -122.3449140787 57
10586 47.6137375667 -122.3470330167 26
10587 34.1812992 -118.3095359667 4
10588 32.8920578833 -96.9604611333 123
10589 32.8889787167 -96.9581651667 37
10590 32.8774130333 -96.9624352333 18
10591 32.8841722 -96.959517 16
10592 32.8662765 -96.9434881167 29
10593 30.2692115167 -97.7288389167 23
10594 37.7614446392 -122.4239587784 151
10595 30.2758526667 -97.74752855 123
10597 40.0972437833 -80.6664919833 1
10598 30.1877217638 -97.8708028793 83
10599 33.5206727753 -86.7912197113 13
10600 41.8578779667 -87.6239705 12
10601 41.8578565 -87.6219964 7
10602 41.8570840333 -87.6221895167 4
10605 41.8575882833 -87.6207733 2
10606 40.4220485667 -86.8972635167 1
10607 40.4215764833 -86.8978857833 1
10608 41.8679738 -87.6197648 21
10610 41.8661284333 -87.61264085 9
10611 41.8663108333 -87.6104521667 10
10612 30.5231308833 -97.6902365667 45
10613 49.2857193833 -123.1197023333 29
10614 30.3608787 -97.68740415 32
10615 30.27145385 -97.7442240667 18
10616 41.8663969455 -87.6067829132 40
10617 30.2717435333 -97.7451252833 144
10618 34.18239355 -118.3110809167 10
10619 33.4505464355 -112.0643234253 7
10621 41.8790245 -87.6245713167 27
10623 47.6215177808 -122.3482131958 112
10624 47.6325237667 -122.3569464667 85
10625 36.16679305 -86.78595935 1
10626 36.16729105 -86.7851686667 3
10627 32.69916415 -97.6028823833 9
10628 36.1661144333 -86.78362815 2
10629 36.1658697833 -86.7835131 1
10630 36.1658142333 -86.7833811333 2
10631 36.1656824833 -86.7832996167 2
10632 36.1651316833 -86.7838216 7
10633 36.16527535 -86.7839000833 3
10634 36.1658043 -86.7845448333 11
10636 36.17011545 -86.7887472333 19
10637 36.1709166333 -86.7880837833 8
10638 47.0420193667 -122.9338574333 37
10639 42.3596141882 -71.0539537668 4
10640 32.6309609333 -96.02149485 3
10641 47.6615345333 -122.3141384 9
10642 29.9807667667 -81.7412853167 30
10643 33.1930553833 -97.1258354167 33
10644 49.282759549 -123.1207537651 48
10645 33.9461767667 -117.42204665 1
10646 49.30989145 -123.0825161833 25
10647 47.7428483833 -122.15372085 12
10648 32.8420186 -97.18649625 19
10649 37.76130795 -122.4190449667 7
10650 47.7326667167 -122.14535235 4
10651 47.73331045 -122.1471977167 7
10652 47.7329671333 -122.1470046 10
10653 49.2855064638 -123.1116449833 86
10654 47.6083764871 -122.3403435946 120
10655 49.2889984989 -123.1160759926 43
10657 47.7550256167 -122.155416 9
10658 47.75488615 -122.15554475 3
10659 47.7548432333 -122.1557378667 2
10660 49.2992632299 -123.1208181381 6
10661 49.2980668376 -123.1175351143 5
10662 49.3025529333 -123.1258821333 8
10663 32.8355062 -96.8065667 18
10664 47.6506876833 -122.3819875667 21
10665 49.3087112833 -123.1558799667 9
10666 34.18005465 -118.3079910167 24
10667 32.9512974978 -96.8206107616 28
10668 44.8627889 -93.2772731667 6
10669 30.2957788809 -97.7409169078 337
10670 41.836313 -87.6524662833 4
10671 32.7488493833 -97.3638868167 24
10672 30.2679777 -97.7500391 227
10673 39.2410612 -120.1401114333 23
10674 30.2649400485 -97.7450233698 103
10675 32.7494287333 -97.3626637333 17
10676 30.26773095 -97.7454900667 237
10677 37.7783555476 -122.3894011974 1055
10678 32.7491676132 -97.3630285263 88
10679 32.7501583 -97.36270665 17
10680 32.7493 -97.36382245 10
10681 47.7306711667 -122.1507167667 22
10682 30.2780628167 -97.7441596833 161
10683 30.27740835 -97.7440524 10
10685 30.2715504167 -97.7455115167 27
10687 30.2777731333 -97.7540946 97
10688 37.7846813026 -122.5005626678 27
10689 42.367462283 -71.0709857941 80
10690 32.9376554333 -97.0773196167 23
10691 47.7503049333 -122.2109699167 1
10693 47.7508413667 -122.2083306167 3
10694 42.38880515 -71.1192226333 24
10695 37.8039550667 -122.4171137667 2
10696 32.9535663 -96.9584012 10
10697 39.2744386167 -120.1197910167 43
10698 47.7548754167 -122.1550083 4
10699 41.2572777167 -73.4276819167 1
10702 37.7920997 -122.4837183833 23
10703 41.1069989167 -73.5473942667 5
10704 37.2564625667 -122.0347595167 20
10705 35.4984354833 -80.6249284667 5
10706 41.1199164333 -73.4797596833 4
10707 37.7470579947 -122.4120819569 33
10708 30.2781379167 -97.8057003 26
10709 34.18157815 -118.3110594667 9
10710 47.6088452333 -122.3405957167 463
10711 32.9734039167 -96.9942355 6
10712 34.7476756251 -92.2661527991 53
10713 47.66231775 -122.2991824 21
10714 47.66228555 -122.2998905167 4
10715 47.6632833333 -122.2990536667 16
10716 47.6640470212 -122.2980424762 212
10717 47.6643513995 -122.298053205 17
10718 47.6512455833 -122.3506808167 15
10719 47.6626524581 -122.2996866703 52
10720 32.8686390803 -96.7736721039 683
10721 47.6667890716 -122.3508739471 65
10722 26.1515087731 -80.3207015991 74
10723 47.6502799833 -122.3498225167 9
