300 64 236 10 47.85666666666667 48 177
11069 21.2946125255 -157.8473460674 16
11070 29.7378551833 -95.3926348667 14
11071 36.1248420622 -115.1718986034 180
11072 42.3588395 -71.0939240333 120
11073 30.4228806333 -97.70012855 341
11074 36.1608039 -86.7778314833 77
11075 36.1606831167 -86.77790665 64
11076 36.1606278 -86.7781333 73
11077 42.3721647167 -71.1184287 2
11078 36.1606497667 -86.7780920167 58
11080 42.3724322361 -71.1213174462 11
11081 35.1872456 -89.7932338667 2
11082 33.8541018833 -118.1419086333 7
11083 42.3743963167 -71.1200594833 10
11084 37.2361314167 -121.8046045167 1
11086 30.4589939 -97.79158115 484
11087 33.9374005667 -118.12826155 5
11088 37.7358162333 -122.5029873833 8
11089 21.2757539667 -157.8258562 3
11091 21.27507805 -157.8245687333 10
11092 33.9366173667 -117.27853775 4
11093 21.2775802938 -157.8245124221 7
11094 21.2840151667 -157.8316712333 3
11095 37.3061692667 -121.8125224 4
11096 37.7982795167 -122.4072861667 62
11097 37.7980542167 -122.4066209667 13
11098 50.1212918667 -5.5321955667 1
11099 36.1194949276 -115.1716196537 131
11100 36.1207515803 -115.1739692688 251
11101 36.1164182103 -115.1752567291 310
11102 36.1128126641 -115.1738834381 392
11103 42.3200654833 -71.0743546333 1
11104 36.1161755345 -115.1714158058 140
11106 47.58254885 -122.33231305 6
11107 43.7497381924 -81.7084765434 1
11108 37.7881300333 -122.4660158 6
11109 36.1157551836 -115.1735669374 62
11110 32.67170905 -97.0070028167 8
11111 33.0435061333 -97.01728105 7
11112 37.77790545 -122.39157915 44
11113 37.7508340405 -122.4183067841 9
11114 47.6961994167 -122.2737336 5
11115 47.69699335 -122.2757291667 2
11116 37.7520382333 -122.4123501667 7
11117 37.7561044667 -122.41215705 11
11118 37.7690219833 -122.42234945 2
11119 37.7651426407 -122.4195706844 137
11120 37.7656939324 -122.4104404449 8
11121 37.7650415833 -122.3964500333 65
11122 32.8354096333 -97.13124275 27
11123 37.7573919167 -122.3990035 2
11124 37.77600645 -122.38756655 7
11125 37.7766595428 -122.3874592781 11
11126 42.3489367833 -71.0769724833 7
11127 42.3492693833 -71.0798907167 20
11128 37.77712225 -122.39061355 20
11129 42.3491406333 -71.08023405 6
11130 42.3500311333 -71.0773587167 29
11131 42.3499335211 -71.0764253139 58
11132 42.3499573083 -71.0754704475 37
11133 42.35174775 -71.07145785 20
11134 42.3543260807 -71.0655248165 20
11135 42.3562002167 -71.0615658667 6
11136 49.0531826 -122.3289012833 2
11138 49.0522632247 -122.3288905621 2
11139 49.0522913501 -122.3304462433 2
11140 32.6799809833 -97.1102571333 36
11142 49.0548884833 -122.3293519 1
11144 37.6349759 -122.4919795833 3
11145 49.0614664241 -122.3257684708 1
11146 37.6358320219 -122.4904453754 1
11147 37.63644575 -122.48906135 4
11148 37.6495993 -122.4927735167 5
11149 37.6517879833 -122.491014 5
11150 37.6663255667 -122.4950695 2
11151 21.3648784 -157.9499888333 27
11152 47.7362394167 -122.1483778833 3
11154 49.0529979964 -122.327490449 2
11295 30.2753388721 -98.4171581268 12
11296 30.27647495 -98.4164929333 2
11300 30.27152895 -98.8674259167 17
11301 30.25251745 -98.8716530667 1
11302 37.5486944373 -122.2750961781 9
11303 32.9640161833 -96.9502258167 1
11304 47.6554191 -122.3092675167 19
11306 32.9558837333 -96.9471788333 3
11307 32.9620099 -96.95741415 8
11308 47.65584825 -122.3090744 7
11309 32.9542958667 -96.9594311667 2
11310 32.95242905 -96.9589376333 2
11311 32.9792082167 -96.9857597333 8
11312 32.9822444833 -96.9793438833 3
11313 42.3831403167 -71.1123991 1
11314 38.4112707314 -122.8404924273 5
11315 37.5468385167 -122.2676610833 4
11316 47.6572322833 -122.30727195 14
11318 47.6582515167 -122.3086023167 5
11319 47.443414388 -122.3025512695 2453
11320 47.6592020189 -122.3108446598 7
11321 37.5528963837 -122.2651827335 3
11322 47.6595175167 -122.3101902 3
11323 47.6603293079 -122.3102116585 9
11324 47.66317605 -122.3130226 9
11325 47.6629078333 -122.3129582333 7
11326 47.6622319167 -122.3129582333 15
11327 47.6613736 -122.3128724 11
11328 47.6608800833 -122.3140954833 16
11329 47.6607513333 -122.3132801 14
11330 47.6603651 -122.3123359667 19
11331 47.65402435 -122.3080015167 9
11332 32.9385566667 -97.1059656 19
11333 35.116961 -89.8944926167 8
11334 47.7630090575 -122.2072631121 9
11335 37.5391583727 -122.2728538513 5
11336 37.53594875 -122.2674465167 2
11337 37.5433409167 -122.2599363167 10
11338 37.5559473 -122.2746562833 11
11342 42.3734092667 -71.1206603 49
11343 30.4451429833 -97.7111148833 19
11344 37.7755665667 -122.4583983333 10
11345 30.4345107 -97.7714967667 52
11346 30.4456686833 -97.78600215 40
11347 30.4472672833 -97.7913022 32
11348 30.3959022416 -97.7489340305 196
11349 30.3966701 -97.74950265 80
11350 30.3956615833 -97.7470779333 82
11351 30.39516805 -97.7519059167 11
11352 30.131826522 -98.0130377412 456
11353 30.3324151 -97.7228736833 96
11354 30.2726018333 -97.7352118333 16
11355 30.2736617917 -97.7359199524 58
11356 30.270617 -97.7359414 14
11357 42.3722827333 -71.1199092833 4
11358 30.2671515833 -97.7360916 286
11359 41.8882692679 -87.6354825497 108
11360 42.3734951 -71.1195015833 8
11361 30.2663694018 -97.7374112606 50
11362 30.2671301333 -97.7381086333 228
11363 37.5587368 -122.2533488167 1
11364 30.2714431167 -97.7354264167 19
11365 30.3079146406 -97.7505500615 295
11366 37.56709455 -122.2596144667 4
11367 42.2975885833 -88.9790654167 3
11368 30.2493640765 -97.7494704723 683
11369 29.87074255 -97.93899535 37
11370 37.5629103167 -122.2608160833 1
11371 37.7931296667 -122.4211692667 24
11372 33.6158144333 -117.8752970667 19
11373 33.6212539667 -117.87458895 3
11374 37.3237967333 -121.9943976333 172
11375 30.18200755 -81.82278155 6
11376 37.78396725 -122.4073719833 19
11377 47.6778209167 -122.3544788333 8
11378 36.1650434833 -86.7949903167 17
11379 32.8397119 -97.1219944833 12
11380 32.8375232167 -97.1314787833 20
11381 30.3159570667 -97.73368835 245
11382 30.3173947333 -97.7352333 5
11383 32.8362894 -97.1322298 81
11384 30.3172659833 -97.7405977167 121
11385 43.7436578843 -81.7119070888 2
11386 47.6778208461 -122.3547255993 42
11387 36.1142742333 -86.7926431333 1
11388 30.3750827996 -97.6906040311 150
11389 36.03515085 -86.9719667333 39
11390 30.23082375 -97.7993059 48
11391 37.7859306333 -122.2787761667 15
11392 30.2301403447 -97.7997028828 147
11394 39.0425884667 -94.5900964667 47
11395 47.4809145833 -122.2067856667 1
11396 30.2580320833 -97.75076865 86
11397 47.5335609833 -122.3545432 12
11399 47.6706111333 -122.2070217 3
11400 37.7417278167 -122.5053262667 8
11401 47.6552581667 -122.3180437 23
11402 47.6550114 -122.321949 9
11403 38.9982569167 -94.7787737833 20
11404 33.8117820043 -117.9220962524 199
11405 30.2638149167 -97.728796 283
11406 42.2699618333 -88.9689803 1
11407 47.7475047 -122.1768736833 2
11408 33.1067526333 -96.6768121667 20
11409 37.4446356167 24.9428915833 4
11410 40.7500505333 -73.9954519167 5
11411 32.8981196833 -96.7116379667 14
11412 29.8887455333 -97.9433941833 36
11413 29.8890030333 -97.9439091667 42
11414 36.1435460667 -86.8136110333 7
11415 29.8888850167 -97.9452395333 5
11416 29.8907303667 -97.9456686833 5
11417 36.08548885 -86.87274635 12
11418 29.8881018 -97.94345855 4
11419 29.8886902153 -97.9417419434 42
11420 29.8893892667 -97.9410338333 12
11421 29.8893141667 -97.9403257333 11
11422 29.8888762521 -97.9375362396 87
11423 29.8884558667 -97.9404115667 9
11424 29.8873615167 -97.9413986167 2
11425 44.9510488148 -93.3091700077 21
11426 30.2305389462 -97.8097987175 24
11428 30.2259421333 -97.8197550667 3
11429 42.9188632833 -81.2667489 1
11430 30.2262237667 -97.8195941448 50
11431 30.227192497 -97.8195244074 88
11432 30.2310705167 -97.8176093 63
11433 30.2307271833 -97.8179097167 184
11434 29.8890137667 -97.9418921333 14
11435 39.6055948667 -86.1930227167 2
11436 41.92138195 -87.6445055 9
11437 29.8881769167 -97.9465699167 8
11438 30.24805425 -97.7502751333 179
11439 47.2575402167 -122.4422836167 5
11440 37.78087735 -122.45706795 12
11441 37.79200315 -122.46011495 3
11442 37.8063583333 -122.43730545 3
11443 37.8037834167 -122.4221348667 3
11444 37.8019487833 -122.42112635 1
11446 37.8008759 -122.4126291167 1
11447 33.0575805128 -96.6922724247 5
11448 37.7597951833 -122.4029731667 1
11449 37.7596986167 -122.4022006833 1
11450 37.7580678333 -122.3888325667 108
11451 37.7494740333 -122.4023294333 4
11452 37.7481222 -122.408638 3
11454 32.5192415667 -94.3623018167 27
11455 43.4611546595 -80.5227792263 4
11457 30.2516484167 -97.7540302167 96
11458 33.6173379333 -117.7056741667 3
11459 33.61626505 -117.7061676833 4
11460 42.365956159 -71.1229240894 44
11461 36.1648378667 -86.7762367833 4
11462 36.1640292167 -86.7767872167 2
11463 37.6739645 -122.4642777333 106
11464 47.6162095875 -122.3540389538 58
11465 30.3222441667 -86.13673925 2
11466 47.6190951708 -122.3513889313 98
11467 47.6209151667 -122.3521399333 12
11468 47.6220890664 -122.3539638519 90
11469 47.62228845 -122.3523116 49
11470 37.47199415 -122.2596359167 7
11471 30.31930445 -86.1377692167 13
11472 47.6208829833 -122.3510885167 42
11473 32.5453984667 -94.3668723 28
11474 47.6647853833 -122.1129512667 5
11475 47.6644957 -122.1115994333 2
11476 32.7554026017 -97.3318719864 41
11477 47.6592887343 -122.1173071861 18
11478 43.4226143333 -80.5345916667 1
11479 47.6735830167 -122.1318554833 2
11480 47.6827025333 -122.1319842333 3
11481 47.6873373833 -122.13232755 2
11482 47.6899766833 -122.13413 3
11483 47.6901805333 -122.1346879 3
11484 47.6818335 -122.1322631833 1
11485 47.6732504333 -122.1322631833 4
11486 37.3961415675 -121.9725751877 62
11487 35.64635395 -105.95375775 3
11488 35.0485110167 -89.6939706667 1
11489 35.0644326167 -89.75825785 1
11490 37.8066802 -122.4319624833 38
11491 32.44594215 -93.9491343333 5
11492 43.3712875833 -80.9488534833 1
11493 33.7919282833 -116.4933800667 1
11494 32.5239193333 -94.3515300667 2
11495 29.3133795167 48.0519247 2
11496 29.3338716 48.0918788833 3
11497 29.3386244667 48.0931878 2
11498 30.1855516663 -97.8736996651 59
11499 32.7903807 -97.1064591333 4
11500 32.7950799333 -97.1194624833 1
11501 29.4233286333 -98.4849643667 112
11503 29.4229745833 -98.4854364333 19
11505 29.42527055 -98.4870672167 11
11506 30.3294003 -86.16527795 13
11507 29.4257855333 -98.4862947333 288
11508 29.4225025167 -98.4876251167 21
11509 29.4203668887 -98.4876894951 32
11510 32.7919471167 -97.11096525 1
11511 29.42032455 -98.4869384667 3
11512 29.4197237333 -98.4861230833 6
11513 29.4187796 -98.4837412833 38
11514 29.4168343275 -98.4789991379 79
11515 29.4269457228 -98.4375214577 167
11516 33.7243485851 -117.7929639816 13
11517 30.3007221167 -97.7396106667 27
11518 32.9960310333 -96.8548250167 17
11519 32.9849374167 -96.8544602333 14
11520 32.89684295 -97.0411205167 21
11521 38.3462589971 -122.9726743698 2
11522 32.7946186 -97.0557117333 4
11523 30.0671768167 -94.1303658333 3
11524 37.7763457776 -122.4346876144 136
11525 32.9179143833 -96.9643449667 17
11526 38.3701479333 -121.35650395 1
11527 33.4511375333 -111.9734930833 8
11529 33.45196365 -111.9787073 3
11530 32.9537165 -96.8399763 24
11531 32.9539310833 -96.8358349667 53
11532 32.9534041566 -96.8344187737 7
11533 47.7577078333 -122.15625285 4
