400 79 321 5 34.7975 59 240
12578 32.8336930167 -97.1702098833 40
12579 40.7235104693 -73.9884352684 16
12580 37.2465315868 -121.8730223179 2
12581 20.9157693333 -156.3817334167 22
12582 -37.8176834612 144.9519395828 108
12583 20.9160912 -156.3811326 10
12584 -37.8187767814 144.9547612667 3
12585 40.7264294442 -73.9845514297 7
12586 -37.8184462445 144.9558985233 2
12587 -37.8184886211 144.9581086636 3
12588 -37.8192937722 144.9577116966 3
12589 -37.8192174951 144.9581730366 3
12590 -37.8195565038 144.9585914612 7
12591 36.1023071005 -115.169634819 360
12592 36.1012798722 -115.1735347509 93
12593 29.6033775476 -98.469171524 56
12594 36.112439966 -115.1722633839 94
12595 32.751272309 -97.3309519887 64
12596 32.7297091333 -97.1132183 20
12597 32.7297627833 -97.1137762 14
12598 30.47597765 -97.7971816 172
12599 37.7945029667 -122.4536347333 3
12600 32.8596889833 -97.3633933 1
12601 47.7037954167 -122.1409535333 1
12603 47.6987314167 -122.1435499167 2
12604 32.86412 -97.3829412333 1
12607 32.8828847333 -97.3845934833 5
12608 32.88300275 -97.3854947 3
12609 47.7333748333 -122.1415328833 2
12610 33.52886795 -86.7182207 3
12611 33.5943245833 -117.8687310167 3
12612 33.5949039333 -117.8689241333 3
12613 33.59613775 -117.86952495 2
12614 40.7357275333 -74.0068030333 24
12615 32.8996753667 -97.2401618833 180
12616 32.897197 -97.23739385 17
12617 32.8932996662 -97.2396683693 13
12618 32.89200425 -97.2391319167 5
12619 32.8914999833 -97.23896025 13
12620 -37.8191285051 144.9603939056 5
12621 -37.8180309523 144.9650609493 8
12622 -37.8173698702 144.9671852589 11
12623 -37.8183360651 144.9672496319 237
12624 -37.8172088365 144.9675607681 14
12625 -37.8161966667 144.9670028667 4
12626 -37.8159459809 144.9670028687 35
12627 -37.8149306667 144.96751785 9
12628 -37.8151068905 144.966520071 5
12629 -37.8136110167 144.9650502167 26
12630 -37.8141745565 144.9635052681 1
12631 -37.8140643708 144.9632799625 12
12632 -37.8142225667 144.9633979667 1
12633 40.7552111 -73.9839076833 19
12634 35.6388545 -105.9830474833 27
12635 28.5931511134 -81.3031625748 23
12636 33.1971571085 -96.6156685352 44
12637 25.7974858904 -80.281431636 41
12639 33.0897903333 -97.12231635 13
12643 33.04950355 -97.0904731667 6
12644 33.0349123333 -97.0738863833 32
12645 33.03886055 -97.05069065 7
12646 33.0386567 -97.0503473167 9
12647 33.0403518667 -97.0486521667 4
12648 33.041865447 -97.037628293 40
12649 40.7637298 -73.9762043833 15
12650 33.0669593667 -96.8901443333 14
12651 47.8307892524 -122.2757935524 4
12652 41.9653809 -87.8363370833 138
12653 32.8848373833 -96.81145905 4
12654 32.8644955 -96.7745304 76
12655 33.5981869667 -117.8727006833 3
12656 32.7766156167 -96.7622995333 41
12657 32.7760148 -96.7603468833 26
12658 32.776798 -96.7603898 23
12659 32.7779567167 -96.7624068167 17
12660 32.7782464 -96.7629218 23
12661 32.7795553167 -96.76305055 30
12662 32.7792549 -96.7645525833 16
12663 32.7803111295 -96.7659258842 71
12664 32.7812182833 -96.7655181833 13
12666 32.7815937833 -96.7654967167 14
12667 32.78239845 -96.7652177667 18
12668 32.7823555333 -96.7644882167 13
12669 32.7822589833 -96.76320075 22
12670 32.9422152 -97.1312856667 23
12671 32.7825593833 -96.7619776667 28
12672 32.78083205 -96.7612051833 54
12673 32.7807395926 -96.7635923624 60
12674 32.7798879 -96.7616558 26
12675 32.7795895027 -96.7596387863 260
12676 32.7794802167 -96.7577075833 26
12677 32.7770125833 -96.75970315 486
12679 32.6366257667 -97.2520494333 1
12680 33.1827664333 -97.1054720833 1
12681 32.6891005 -97.3945498333 7
12682 32.6719236333 -97.3759031167 44
12683 40.0506699 -76.3190388667 38
12684 40.0504016833 -76.3182663833 3
12687 32.8165805333 -97.3513126333 12
12688 32.7623569833 -97.0698094333 5
12689 42.9939115 -81.2520933 8
12690 33.1418359167 -117.1911621 6
12691 37.7887124122 -122.4120930243 6
12692 43.0164098667 -81.2138772 1
12693 32.9398977667 -97.1113085667 14
12694 37.7785864 -122.4099930833 25
12695 32.8203785333 -96.8149137333 78
12696 47.6109158833 -122.3422694167 106
12697 33.1880450167 -97.1066737167 32
12698 33.1899431502 -97.1065557003 8
12699 32.9670953667 -97.0361423333 35
12700 33.2271288463 -97.1291828156 21
12701 33.2241582833 -97.1225523833 1
12702 40.7222306667 -73.9942502833 17
12703 32.93427585 -97.0974898333 6
12704 33.8805484667 -84.4602727833 13
12705 33.2132256 -97.13645695 1
12707 39.1621828 -94.6217250667 12
12708 33.2348763833 -97.1586871 3
12709 33.2390069833 -97.1543097333 2
12710 33.2414638833 -97.1543097333 6
12711 33.2440495333 -97.1471858 1
12712 33.2431268667 -97.1478509833 2
12713 33.2432448833 -97.1454477167 1
12714 33.2370114167 -97.15978145 4
12715 28.5967791 -81.2099289833 2
12716 33.20252895 -97.15978145 3
12717 33.201044409 -97.1627962589 7
12718 32.9298663 -96.8221235167 28
12719 33.444947 -86.7309665667 6
12720 33.4452688667 -86.7315888333 1
12721 39.57563995 -106.1009359333 2
12722 32.7888078444 -97.3486840725 23
12723 32.402426 -97.72643565 2
12724 32.41297245 -97.6857089833 1
12725 19.9803221167 -155.8290266833 6
12726 32.4011707167 -97.6997423167 1
12727 32.3741769667 -97.7001929167 1
12728 36.1640016167 -86.78100485 9
12729 32.4158370333 -97.67579555 1
12730 36.16444945 -86.7801086333 6
12731 32.4170494 -97.7010512333 1
12732 32.4017715333 -97.7422285 2
12733 32.40490435 -97.7553176833 1
12734 32.4097967 -97.74220705 1
12735 32.8934741 -97.1491169833 4
12736 32.8911781167 -97.1464776833 41
12737 32.88951515 -97.1472287167 47
12738 32.8871440833 -97.1489882333 25
12739 33.2147697776 -97.1323317289 68
12741 47.7038712278 -122.3257083657 11
12742 47.8117704333 -122.3757219167 1
12743 33.6381947833 -84.013803 3
12744 47.8112661833 -122.3767948 2
12745 47.8111159667 -122.3768377167 3
12746 47.8108263 -122.37788915 3
12747 47.810719 -122.3775887333 4
12748 47.8107619167 -122.3778033167 7
12749 47.8107511833 -122.3772239667 1
12750 47.8105366167 -122.3775458333 7
12751 32.7303957833 -97.3903012167 8
12752 47.81166315 -122.3779106 3
12753 47.8109550333 -122.3783612167 3
12754 33.8083326667 -84.3813729167 61
12755 43.6535161119 -79.3910549573 8
12756 35.6540787167 -105.97191095 1
12757 35.6484650592 -105.985622406 1
12758 35.6279481744 -105.9907829762 27
12759 32.910887 -97.1870970667 4
12760 47.75437115 -122.2796988333 13
12761 47.7543818833 -122.2797632167 7
12762 28.54121445 -81.3787364833 7
12763 30.3222978 -97.7139472833 96
12764 30.32566665 -97.7048063167 54
12765 32.8820264333 -97.2594308833 22
12767 43.6534969781 -79.3926250935 38
12769 33.7838602 -84.3788623667 13
12770 37.2109937667 -93.2870793333 5
12771 33.8566124333 -84.34384345 7
12772 37.2112251528 -93.2799339294 46
12773 33.7845691017 -84.3741416931 101
12774 43.6546225459 -79.3804585934 161
12775 40.7566595 -73.92532825 2
12776 33.9813673333 -117.332139 1
12777 43.64913225 -79.37720775 13
12778 19.9141359167 -155.8799886667 2
12779 19.9138355167 -155.879817 5
12780 19.91615295 -155.8821129667 12
12782 19.9162602333 -155.8817052833 2
12783 32.7971613333 -96.80137395 135
12784 32.8088693175 -96.7972648144 152
12785 38.0160856167 23.8686347 1
12787 38.8966441 -77.0187520833 26
12788 38.898047066 -77.0208764076 177
12789 38.8975794716 -77.0230007172 64
12790 33.8505296474 -84.430531276 10
12791 38.8986182167 -77.0343303667 48
12793 35.1020415826 -89.8533824086 2
12794 38.8931204702 -77.0192670822 86
12796 40.0556266167 -76.2830758 2
12797 32.7829992667 -97.2724127667 14
12800 40.0516033167 -76.3190174 3
12801 40.0513458167 -76.3191890667 2
12802 38.9523338696 -77.4479484558 1325
12803 32.8843760333 -97.1594381167 2
12804 33.0256426333 -96.7986273667 15
12805 43.7271416167 -79.4517087833 12
12806 33.0233144667 -96.8838143333 8
12807 19.9425458833 -155.87071895 2
12808 37.7842569333 -122.4021577833 261
12811 19.9459898333 -155.8669424 7
12812 32.73294925 -97.21979855 4
12813 47.7072510167 -122.2110105629 12
12814 47.6096928 -122.34169005 50
12815 36.3319373 -86.62522315 2
12816 30.0053465333 -95.5518078667 3
12817 31.5615963833 -97.1576142167 2
12818 20.7312655333 -156.4517498 4
12819 40.7504689667 -73.9987564 14
12820 37.7807271333 -122.4240016833 9
12821 40.7657052487 -73.9472579956 45
12822 20.7321453 -156.45247935 2
12823 47.73650765 -122.1493434833 2
12824 30.2850209029 -97.7335059643 703
12825 47.7330744167 -122.1464467 3
12826 32.9979944167 -96.8564128833 6
12827 20.6960105833 -156.4435958833 4
12828 40.6868362333 -73.9778137167 27
12829 19.7361683121 -156.0414791107 89
12830 37.7067947333 -122.1390867167 3
12831 47.2618846058 -122.4461004138 29
12832 37.6782756532 -122.1391564608 1
12833 32.9042243833 -97.3143625167 8
12834 40.6870681468 -73.9779880605 9
12836 40.038203 -76.3254547 2
12837 32.9605829667 -96.8290758 10
12838 40.74510455 -73.9979839167 17
12839 30.5213928167 -97.8315997 3
12840 26.0711624187 -80.1420879364 720
12842 38.7319028333 -120.8065867333 1
12843 29.77374315 -95.7502055167 2
12844 40.6873726833 -73.9861178333 1
12845 25.73444365 -80.28787135 15
12846 35.6789588833 -105.9505391 10
12847 32.8196597 -96.7841219833 52
12848 47.67136215 -116.7846894167 4
12849 35.67236065 -105.9483289667 1
12850 35.67317605 -105.94940185 3
12852 30.5977714 -98.2720398833 6
12853 47.2451376833 -94.55482005 2
12854 33.7792810962 -84.410276413 319
12855 33.8001102021 -117.8829145432 231
12856 37.7743985826 -122.4376802582 25
12857 40.68591355 -73.9911174667 3
12859 45.8721685333 -123.9605641333 14
12860 33.1727457 -96.73369645 20
12861 32.8354632833 -96.8058800667 1
12863 41.209867 -73.18205595 4
12864 29.4626390833 -98.4739565833 13
12865 29.4631433333 -98.4735488833 12
12867 41.2111651833 -73.1804680667 1
12868 35.9069883475 -79.047961235 13
12869 29.46281075 -98.4724330833 12
12870 29.4633042667 -98.4721755833 11
12871 40.7133621734 -73.951420784 24
12872 29.7751057 -95.6436467167 34
12873 29.4644522667 -98.4727120333 10
12874 29.4637012333 -98.4727334833 14
12875 29.4641840333 -98.4731411833 7
12876 29.4647526667 -98.4719610167 11
12877 29.4646668333 -98.4716176833 11
12878 29.46455955 -98.4715318667 14
12879 41.2107253 -73.1813693 1
12880 52.5186502833 13.3761119833 89
12881 29.4642591333 -98.4711241667 15
12882 29.46422695 -98.4704589833 9
12883 29.4642055 -98.4699010833 10
12884 29.4639372667 -98.4708452167 10
12885 29.4637012333 -98.4711670833 11
12886 29.7566521167 -95.6052589333 2
12887 29.4631004333 -98.47108125 8
12888 29.4630146 -98.4718322667 8
12889 29.46266055 -98.4716176833 11
12890 25.78184365 -80.2788591333 7
12891 32.8427267 -97.2380375833 24
12892 32.94502615 -97.12890385 103
12893 30.66100715 -95.5106306 89
12894 32.6855599833 -97.45430945 11
12895 43.12954545 -77.6105117667 1
12896 39.9058682041 -75.1665902138 314
12897 41.9653487167 -87.68660545 13
12898 39.1895910354 -75.5305337906 28
12901 52.5102174167 13.36903095 12
12902 31.5476549071 -97.1215116978 9
12903 31.5469508803 -97.121297121 14
12904 52.5162041167 13.3775711 164
12905 31.5484046441 -97.1193122864 159
12906 32.7299726591 -97.3888206482 224
12907 31.5509281049 -97.116163373 7
12908 43.1172502 -77.6573967833 3
12909 31.5493463784 -97.1172630787 7
12910 31.5506903905 -97.1077036858 6
12911 31.5526835156 -97.1178531647 6
12912 31.5552878333 -97.1190977 16
12913 47.7064399978 -122.2120825098 2
12914 32.7548882993 -97.3326230049 44
12915 47.70707845 -122.2117424 7
12916 47.7067673167 -122.2116780167 2
12919 47.7072608333 -122.2107124167 1
12921 37.4449360333 -122.1611452 7
12922 38.1376198344 -122.2342300415 89
12923 47.7045357167 -122.2146821 3
12924 47.7054369333 -122.2127723667 4
12925 37.4438202333 -122.1615314333 97
12926 46.0865628667 -118.2507205 2
12927 30.1929616833 -97.8849220167 20
12928 37.80510305 -122.4294519333 11
12929 40.7741475 -73.9638233167 16
12930 40.7751667333 -73.9624285667 5
12931 40.77579975 -73.9621067 3
12932 32.8766298167 -97.1658754333 7
12933 40.7766902333 -73.9615273333 2
12935 37.8091692833 -122.4305462833 6
12936 33.0321337402 -96.8311464787 221
12937 33.03227305 -96.8305993 32
12938 37.4451446613 -122.1626150608 36
12939 46.0174047833 -118.3956670667 1
12941 37.4465882667 -122.1599221167 2
12943 46.0128450333 -118.3707761667 1
12945 32.9281175 -97.22061395 8
12946 40.7854235167 -73.95062685 7
12947 40.7141997917 -73.956130743 25
12948 33.7037599047 -84.396007061 21
12950 29.5929898881 -98.6157971621 31
12951 41.4284133833 -73.4176182667 1
12953 39.0364730333 -94.5877361167 31
12954 37.7549350167 -122.4465537 51
12955 33.0789206322 -96.8231642246 24
12956 33.0801612299 -96.8227779865 55
12957 33.0809163678 -96.8229603767 7
12958 33.0804669833 -96.8228101667 20
12959 33.0910778 -96.8189263333 55
12961 33.0894494244 -96.8216997385 42
12963 40.71686625 -73.9582872333 5
12964 33.1502984275 -96.834590435 15
12965 33.1503343579 -96.8346333504 31
12966 33.150466851 -96.8309050798 28
12967 47.5570893167 -122.2846770167 25
12968 35.805597673 -83.9898347855 117
12970 37.7639257833 -122.4689984167 41
12971 41.2599277333 -73.6840796333 21
12972 52.5083613333 13.2504129333 2
12973 40.741388197 -73.9894545078 170
12974 52.5136184667 13.3929133333 5
12975 40.7658970333 -73.2620716 1
12976 52.5139403333 13.3926129333 11
12977 52.5074435249 13.3903893828 58
12978 52.5174701167 13.3935356 21
12979 44.9750769 -93.2599139167 30
12980 44.9768057814 -93.2659113407 30
12981 44.9805548734 -93.2700848579 24
12982 44.9786388833 -93.2700634 23
12983 44.9767792182 -93.2723969221 27
12984 44.9784830371 -93.2759964466 65
12985 44.979978106 -93.2730191946 20
12986 44.9791660683 -93.2741189003 19
12987 39.9485528333 -75.1470422667 13
12988 32.7049899 -97.3890995833 15
12989 40.7646407511 -73.9708614349 15
12990 41.88898085 -87.61766195 11
12991 39.9433386167 -75.1473212167 1
12992 39.0416258425 -94.5900535583 25
12993 40.7612729 -73.9740371667 10
12994 40.764266954 -73.9739835262 79
12995 37.8679740333 -122.25733995 17
12996 52.5399041167 13.2126259667 3
12997 39.94963645 -75.1457548 75
12998 43.6644423 -79.3925285333 6
12999 43.6672854333 -79.3937087 11
13000 43.6680190642 -79.3947172165 55
13001 44.9773636072 -93.269636929 12
13002 43.6705899167 -79.3862414333 34
13003 43.6651087191 -79.3836772442 11
13004 40.7242476833 -74.0039706167 3
13005 47.6583158833 -122.3126792833 10
13006 47.6583802667 -122.3132371833 8
13007 47.6599574 -122.31315135 6
13008 47.6603329167 -122.31300115 2
13009 47.6606762333 -122.31300115 10
13010 47.6458704333 -122.2995257333 5
13011 47.6459240833 -122.2986459667 7
13012 47.6455914833 -122.3013281667 8
13013 32.2217524 -98.1997060667 2
13014 33.8060581667 -84.4231939167 5
13015 31.0655057333 -104.1421937833 2
13016 32.8909206333 -97.2585082 14
13017 37.3021352167 -121.8643212167 4
13018 32.7942538167 -96.8024682833 17
13019 33.8091589406 -84.4126904011 38
13020 52.404356 13.0383682167 37
