300 79 221 5 33.9 59 165
10724 47.6500868667 -122.3498439667 26
10725 44.9737850796 -93.2581329346 54
10726 33.0453407667 -117.2937512333 7
10727 47.46668815 -121.9307112667 20
10728 33.0462741833 -117.2940087167 2
10729 33.0462741833 -117.2937512333 2
10730 33.0464673 -117.2938799833 2
10731 33.0456197167 -117.2936654 3
10732 33.0443537167 -117.2934937333 1
10733 33.0409204833 -117.2927212667 1
10734 47.6509881 -122.3544573667 30
10735 33.0414140167 -117.2933220833 3
10737 33.04425715 -117.2937083167 4
10738 33.0447506833 -117.2937726833 5
10739 33.0446970333 -117.2943305833 7
10740 30.2673979674 -97.7493417263 189
10741 30.5273336844 -97.6305413246 310
10742 32.7691054333 -96.79802655 118
10743 30.2795082847 -97.7264785767 177
10744 47.6066549282 -122.3327100277 147
10745 30.2770159238 -97.732282877 217
10746 37.7513378048 -122.2011208534 214
10747 37.7502562111 -122.2028911114 189
10748 30.2843353168 -97.741048336 63
10749 37.3512625667 -122.0317554333 6
10750 30.2865124992 -97.7411448956 198
10751 30.2834736951 -97.7400076389 17
10752 30.2828251576 -97.7368211746 64
10753 30.2815929246 -97.7327871323 58
10754 30.2859380983 -97.7292895317 88
10755 30.2859010401 -97.7312636375 195
10756 30.2839739925 -97.7363705635 180
10757 30.2840666399 -97.7378726006 108
10758 30.2810092299 -97.7374112606 110
10759 30.2803328809 -97.7390742302 244
10760 30.2831216324 -97.7388167381 40
10761 32.9420971833 -97.12875365 24
10762 32.7797518692 -96.8083906174 78
10764 32.7791154333 -96.8086910167 12
10765 34.2293322 -119.1747522333 4
10766 36.1569347667 -86.769638 62
10767 37.4543776112 -122.1828067303 139
10768 32.9413676167 -97.1214795 21
10769 37.7268791167 -122.4414253167 11
10770 33.4247338667 -111.9404482833 5
10771 32.9417967667 -97.13083505 19
10772 44.9778853781 -93.2644884288 5
10773 32.9393506 -97.1319293833 18
10774 21.3842654167 -158.00107955 5
10775 32.7848572435 -96.7999792099 24
10777 42.3764579604 -71.1041322338 8
10778 35.6842371075 -105.9466123581 10
10779 35.6840765333 -105.9461617333 14
10780 35.6731341473 -105.9492301941 4
10781 32.7981483833 -96.8011379167 27
10782 32.7993178333 -96.8007946 40
10783 32.8003370667 -96.8006229333 5
10784 32.8025686667 -96.8004941833 8
10785 32.8046500667 -96.7992496333 79
10786 32.8070793452 -96.7962884903 65
10788 32.9147290689 -96.638327837 6
10789 32.9134833667 -96.6377162833 4
10790 42.3876388796 -71.1190134287 18
10791 21.2814967571 -157.8307700157 9
10792 21.2754883048 -157.8252661228 27
10793 33.0139911167 -97.0664620333 2
10794 32.8532302333 -97.13250875 12
10795 32.8304498469 -97.1997356415 143
10796 32.8267514667 -97.1983838 11
10797 32.8549002401 -97.1926653385 11
10798 37.7736612239 -122.4393307856 65
10799 32.8828847333 -97.2223520167 3
10800 21.367527631 -157.9387879372 44
10801 47.9798054667 -122.2086524833 10
10802 33.630548924 -117.7280016071 2
10803 33.6180996833 -117.7029705 14
10804 32.7856600167 -96.8005371 18
10805 21.3727130562 -157.9299795628 60
10806 36.2141776 -86.61599635 2
10807 32.8907597 -97.1987915 12
10808 33.495677 -82.02252 2
10809 32.8899657667 -97.2014951667 14
10810 33.502689 -82.020574 2
10811 32.8438854167 -97.2139835333 3
10812 33.494741 -82.022665 2
10814 32.8009164333 -97.2348403833 3
10815 32.807908959 -97.2515773773 2
10816 32.8037067052 -97.2551393509 3
10817 21.5258002167 -158.0380725833 46
10818 21.6773664833 -157.9487013667 21
10819 21.6390795525 -157.920473814 29
10820 21.66503905 -158.0513119667 8
10821 21.6732037 -158.0413126833 22
10822 21.6628718333 -158.0532646167 10
10823 21.6366934667 -158.0547022667 7
10824 21.6395044167 -158.0625772333 21
10825 47.7341365667 -122.1517252833 10
10826 21.5909731034 -158.1028318405 31
10827 37.9406619 23.7404894667 2
10828 -37.8184801458 144.9568533897 9
10829 37.9181957167 23.7304902 5
10833 37.7015723809 -122.4854832888 13
10834 33.505298 -82.018105 2
10835 33.501827 -82.020489 2
10836 50.1117110167 -5.26843785 1
10837 30.2011477833 -81.8206357833 3
10838 33.498262 -82.02561 1
10840 33.5029 -82.019731 3
10841 32.7809715167 -96.79828405 2
10842 42.3752618422 -71.1181256175 66
10843 21.2597736929 -157.8117665648 23
10845 20.7146739473 -156.2503266335 2
10846 20.8805559081 -156.5453481674 5
10847 36.1246317667 -86.78967555 70
10848 42.37318395 -71.1214327667 8
10849 30.2905795319 -97.7407586575 8
10850 30.2869757233 -97.7325081825 43
10851 30.2813613002 -97.7268970013 3
10852 21.2813222333 -157.8310704167 15
10853 32.8392291 -97.10847615 1
10854 47.6092209705 -122.342261374 21
10855 21.2783181667 -157.8289461 5
10856 21.277327857 -157.8290426731 20
10857 30.246861682 -97.7509617805 99
10858 30.2473575319 -97.7507579327 77
10859 30.2484083167 -97.7501249167 81
10860 21.3056015833 -157.8646302167 6
10861 30.2517449833 -97.74894475 25
10862 21.3065476575 -157.8656923771 43
10863 32.7070090903 -117.157087326 339
10864 35.6576449423 -105.9610533714 2
10865 36.10726475 -86.8154454167 73
10866 30.2291391988 -97.7548670769 149
10867 36.10774755 -86.8142867 20
10868 32.7117598 -117.15646505 85
10869 21.3067173833 -157.8589224667 26
10870 21.3057080317 -157.8596279025 33
10871 21.33267045 -157.8704023333 64
10872 32.92195915 -97.09043025 35
10873 32.92147635 -97.0900011 28
10874 32.92404055 -97.0890355 42
10875 47.7547466667 -122.1685266333 2
10876 47.7381169667 -122.1507382333 4
10877 47.7418720667 -122.1532058667 10
10879 32.9125607 -96.63717985 10
10880 21.3239987933 -157.8579998016 40
10881 47.7535450333 -122.1602654333 1
10882 21.3136374833 -157.8696727667 38
10883 21.3133692667 -157.8709173167 5
10884 32.8261184667 -97.1990060667 6
10885 32.8274059167 -97.20301865 47
10886 21.2947924593 -157.8302979469 9
10887 21.2953622483 -157.83192873 12
10890 32.9529440333 -96.86666965 12
10891 42.3750527965 -71.1175918579 70
10892 42.3744606833 -71.1157250333 7
10893 32.9528474667 -96.8167591 2
10894 42.374164097 -71.1143893003 58
10895 42.3734307167 -71.1145877833 2
10896 42.3732565602 -71.1144697666 5
10897 41.8797755167 -87.7952241833 3
10898 32.8644633167 -96.8031120167 68
10899 32.8642272833 -96.8035626333 3
10900 32.0813655833 -81.0895299833 12
10901 32.7403414167 -97.3633503833 8
10902 32.7405667167 -97.3635435 8
10903 32.8264725167 -96.8020391333 2
10904 32.7403199667 -97.3648524167 6
10905 32.73968695 -97.3649168 5
10906 32.7388930167 -97.3645734667 6
10907 32.8113555833 -96.8064165 104
10908 37.8913736333 23.7474632167 3
10909 32.7376914 -97.3639297333 8
10910 32.8420156097 -96.7826092243 5
10911 32.7347195 -97.36661195 5
10912 32.7360284167 -97.3656678167 9
10913 36.1524224167 -86.8035793167 6
10914 29.5499396167 -98.54129075 15
10915 42.0087039333 -87.8858613833 11
10916 30.2299761667 -97.7328515 6
10917 32.9546645268 -96.8294030428 36
10919 39.95220065 -75.1447033833 19
10920 21.3671179846 -157.7930662036 16
10921 39.9415486677 -75.1493060589 51
10922 21.3916547825 -157.74122715 29
10923 30.2506754911 -97.7495348454 182
10924 32.9184722833 -96.9591951333 33
10925 42.4088823853 -71.1552286148 2
10926 29.5786070667 -98.47513675 18
10927 38.9920234667 -94.5920920333 19
10928 37.38835215 -121.9772100333 11
10929 21.4310216833 -157.8319931 23
10930 21.5150392 -157.8367567 5
10931 37.4164931198 -121.8979883194 133
10932 43.0169034 -74.8029685 5
10933 21.3917946384 -157.7148878574 29
10934 21.3968892996 -157.7253806591 36
10935 32.85334825 -97.1324658333 6
10937 36.22989535 -86.51587485 4
10938 32.8894722333 -97.1502757 18
10939 37.7437663 -122.43927955 10
10940 32.9379987667 -97.0838856667 15
10941 33.49508285 -111.9914317 10
10943 49.2810845333 -122.8488206833 1
10944 21.2683298285 -157.8182923794 14
10946 30.4467630333 -97.7917528 24
10948 21.2705493933 -157.8208994865 50
10949 32.9881775333 -96.9913601833 50
10950 21.2710332833 -157.8221654833 6
10952 38.9048194833 -77.0682549333 21
10953 21.2689840667 -157.8217148667 5
10955 21.2655903195 -157.8217256069 16
10961 21.2733387989 -157.6948785782 37
10963 40.6769979 -73.9817619167 5
10964 -31.9528877667 115.8585548333 18
10965 32.82310365 -96.7705607333 6
10966 32.8217840167 -96.7856884 8
10968 37.860893 23.7531709667 5
10971 33.9168977667 -118.0122399167 11
10972 35.9177613167 -79.0450429833 2
10973 35.90847015 -79.0490984833 4
10974 43.7429602952 -81.7135190964 3
10976 35.9119999333 -79.0512871667 6
10977 33.149271 -96.8221664333 5
10978 32.9535770333 -96.8294191333 14
10979 35.9138531786 -79.0505039692 6
10980 39.0927457667 -94.59325075 7
10981 39.0955245333 -94.59202765 9
10982 32.8213012167 -96.7183113 80
10983 32.36110925 -96.88932895 20
10986 29.55393075 -95.2660775167 1
10987 41.8911051667 -87.6171684167 40
10988 29.5606148167 -95.2750253667 6
10989 29.5606040833 -95.2749609833 44
10990 41.8899035333 -87.6205158167 28
10991 37.8102636333 -122.4762940333 6
10992 38.8969991492 -77.0233923197 61
10993 42.9588711167 -78.6973857833 1
10994 29.8285353167 -97.9857301667 16
10996 36.1434198731 -86.7736673355 16
10998 36.1467602167 -86.7754799833 13
10999 35.0943017 -89.8096919 19
11000 36.1603141167 -86.7832784167 4
11001 32.8784966333 -97.15896605 8
11002 36.15775 -86.78412505 20
11003 29.7081364487 -95.3973984718 76
11004 33.9177882667 -117.9612994167 2
11006 37.7982366 -122.4356961167 1
11007 36.1575928667 -86.7843667167 13
11008 30.23417115 -97.7576994833 45
11009 36.1499118667 -86.8603992333 14
11010 42.8750520577 -78.8764071465 15
11011 37.1727049589 -93.3229672909 1
11012 38.8725586819 -77.0078086853 285
11013 30.2721083 -97.7529573333 397
11014 38.61083865 -122.87002085 22
11015 33.9439562803 -118.0836081505 2
11016 33.9451575167 -118.08152675 1
11017 37.7524781167 -122.4182510333 92
11018 33.9023923833 -118.0830287833 3
11019 21.2717735667 -157.7742075833 12
11020 32.7541890238 -97.3322474957 27
11021 32.9132473333 -97.3157358167 14
11022 40.88582395 -122.3787045333 2
11023 36.1618623333 -86.7726345167 9
11024 30.70613265 -96.4658617833 9
11025 37.3209173387 -121.9491004944 43
11026 29.5496821333 -95.2492332333 4
11027 32.95805095 -96.7327952333 14
11028 32.9601752667 -96.7324948167 13
11030 33.0243766167 -96.6921973167 2
11031 32.85253285 -97.19110965 144
11032 47.6248311833 -122.3567748 49
11034 32.9572999333 -97.30901955 33
11036 33.9794254167 -118.0374526833 1
11037 33.9795516822 -118.0373901308 2
11039 37.4382948833 -122.15833425 49
11040 37.4381446833 -122.1588277667 51
11041 47.6137590333 -122.3194169833 65
11042 37.44766115 -122.1601366833 32
11043 51.4376108865 0.240572691 5
11044 41.9655311 -87.8371953833 4
11049 33.0292104206 -96.7961490154 107
11050 33.0553829667 -96.8346118833 5
11053 30.29091595 -97.7871394 103
11054 33.7952113 -84.4035387 4
11055 38.4364736 -122.8694629667 6
11056 36.96345805 -122.0016074167 5
11057 32.0110809667 -97.094357 21
11058 47.5863608584 -122.376601696 23
11059 21.2829959333 -157.71440505 8
11060 42.7439081667 -73.91848325 8
11061 34.0706389 -118.4314193 8
11062 37.7247118833 -122.4601793167 27
11063 21.2559566411 -157.8094786406 2
11064 21.2759906848 -157.814617753 33
11065 21.2829663411 -157.8135663271 9
11066 33.8751947833 -118.1420588333 85
11067 21.2849507562 -157.8133356571 40
11068 21.2800884167 -157.8140759333 9
