300 70 230 30 47.303333333333335 52 172
11534 47.7567315 -122.1545362333 3
11535 47.7569597163 -122.1546140313 4
11536 32.954574501 -96.8252778053 25
11537 47.7540493 -122.1566390833 12
11538 47.7495539167 -122.1793842167 4
11539 38.5020053333 -122.4653077 28
11540 42.2921941922 -71.0879158974 2
11542 31.717422 -96.1759471833 6
11543 47.9804813527 -122.2073063321 17
11545 32.8641843667 -96.9586586833 24
11546 37.86984085 -122.3004698667 17
11547 37.86943315 -122.3003840333 5
11548 41.9606389426 -87.8144931793 55
11549 33.02557825 -96.8420362333 25
11550 49.2664182167 -123.0019211667 18
11551 32.8779172833 -97.2384452667 26
11552 47.7577722 -122.1770668 3
11554 47.7523112167 -122.1664667 1
11555 29.7522854667 -95.3548479 52
11557 37.7905869333 -122.4599432833 12
11558 47.7489316333 -122.1630549333 1
11559 37.7565550667 -122.4211692667 279
11561 32.9348444833 -97.2370290667 53
11563 33.497405036 -86.78809762 1
11564 32.8701710667 -97.1701884167 4
11565 40.4837071833 -79.91882085 2
11566 40.4848766167 -79.9183273167 1
11567 40.48306345 -79.9171042333 4
11568 30.2629888 -97.7267789833 99
11569 32.7172744167 -97.3723840667 23
11570 40.4833853167 -79.91811275 6
11571 32.7096451462 -97.3680925369 32
11572 32.7090883167 -97.3660111333 10
11573 40.4822158667 -79.9192070833 1
11574 40.4833316667 -79.9210953667 3
11575 32.8100681167 -96.7945504167 8
11576 37.8034400833 -122.4006772 73
11578 40.0385677667 -76.3068079833 9
11579 33.4266330636 -111.9407916069 19
11580 33.818255747 -118.1447356939 282
11581 32.79411435 -96.80152415 63
11582 37.80662655 -122.40516185 7
11583 33.6013734333 -117.8727221333 3
11584 32.8269660333 -96.7849802833 20
11585 33.6008048 -117.8727221333 6
11586 33.61213445 -117.8747391667 10
11587 47.6512885 -122.3424625333 14
11588 29.7217593909 -95.3896522522 89
11589 32.9089665333 -96.8022537167 29
11591 30.4015818147 -97.7265161276 757
11592 30.4017738271 -97.726457119 146
11594 33.0187976333 -96.79620265 10
11595 33.6281847833 -117.9092216333 4
11596 33.6336994167 -117.9150795833 3
11597 32.99592375 -96.85323715 1
11598 32.9965996667 -96.85338735 4
11599 32.5164413333 -94.2379975167 12
11600 32.5164198833 -94.2377185667 3
11601 41.8301289642 -87.6342594624 216
11602 47.7539849167 -122.1511673833 1
11603 32.9284071833 -97.086246 25
11604 32.9454544079 -97.1291828156 129
11605 47.7564566247 -122.1534848213 6
11606 30.2616369667 -97.7284955833 10
11607 33.723723947 -117.7917730808 14
11608 33.7488949167 -117.8093791 3
11609 52.3733389333 4.8871350167 19
11610 52.37200855 4.8952460167 3
11611 30.6098822152 -96.3403773308 98
11612 30.6054868181 -96.3414287567 14
11613 30.5964368431 -96.3535308838 15
11614 42.3516521268 -71.050195992 11
11615 42.3518800813 -71.0499465466 33
11616 30.6058007817 -96.3461709023 37
11617 30.6127862074 -96.3402915001 23
11619 30.6110107833 -96.3412356333 7
11620 30.6109571333 -96.3412141667 10
11621 30.6177055833 -96.3462352667 48
11622 30.6185209667 -96.3458061167 7
11624 30.6156162464 -96.3457202911 2
11625 30.6148087833 -96.3449907167 1
11626 30.6226563597 -96.3352006674 13
11627 30.2989089333 -97.83720015 3
11629 37.7756845833 -122.4228858833 6
11635 30.6160502092 -96.3402271271 263
11637 33.8539195 -118.1323599667 2
11639 37.5436091333 -122.3075938167 3
11640 33.8700449333 -118.1420159333 4
11641 32.9549288667 -96.8162012 33
11642 32.9546713667 -96.8162441167 5
11643 35.19556045 -101.9218826167 2
11644 33.8540804333 -118.1437969167 2
11645 31.5302446863 -97.1484732628 33
11646 32.7981591167 -96.8030261833 227
11647 31.5293919227 -97.1475693583 4
11648 32.9570096677 -96.8160241842 5
11649 37.7880012833 -122.4661660167 1
11650 32.9535211918 -96.8256103992 50
11651 32.9534041566 -96.8249022961 5
11652 40.4470532009 -80.0062072277 80
11653 32.9533771485 -96.8244302273 81
11654 32.9534311648 -96.8243336678 15
11655 32.9534311648 -96.8243336678 5
11656 47.7931237167 -122.21622705 5
11657 47.7577078333 -122.2068071333 1
11659 47.7580618833 -122.2085452 4
11660 43.7303596603 -81.6956663132 1
11661 36.3623964667 -86.461308 2
11662 30.2670443 -97.7358555667 104
11663 35.0526952667 -89.7331738333 3
11664 30.2305233333 -97.7987909167 5
11665 30.2308452 -97.7998208833 48
11666 32.93382525 -97.2258067 21
11667 32.78478025 -96.7830061833 97
11668 47.7272593833 -122.1427774333 4
11669 47.7297163 -122.1428418 1
11670 32.9304134833 -97.0973396167 5
11672 37.5562477 -122.24628925 4
11673 32.9336214 -97.2275233167 62
11674 32.9330635 -97.2269439667 12
11675 47.7523005 -122.1523046333 4
11676 39.8790836333 22.5854229833 1
11677 33.7350470375 -84.3897843361 310
11678 33.7491430445 -84.388153553 34
11680 33.75136255 -84.3891406 19
11681 33.7575995367 -84.4009637833 79
11682 33.7604895389 -84.400062561 71
11683 33.7571357001 -84.3963718414 153
11684 33.7573599667 -84.3945264667 273
11685 33.7341458849 -84.3712556362 11
11686 32.8249704833 -97.1866035333 21
11687 33.7629423965 -84.3950521946 132
11688 33.7627729286 -84.39260602 120
11689 33.7552142 -84.37360525 30
11690 33.7552034833 -84.3734550333 10
11691 33.7551069167 -84.3734121167 10
11693 33.7589049333 -84.3913722 42
11695 33.6187863333 -117.7036786 4
11696 33.7595262157 -84.3932819366 62
11698 40.2056694 -75.1768898833 6
11699 33.7553966 -84.3711376167 12
11700 42.3733127 -71.1210036167 4
11701 33.7806633214 -84.3927884102 17
11702 33.7724766561 -84.3928956985 56
11703 33.7766860196 -84.3984746933 136
11704 39.0370863145 -94.6077990532 25
11706 41.8185353167 -87.6484751667 1
11708 32.6784317755 -97.3981332779 84
11710 32.6751959167 -97.3989272 24
11711 40.7564248567 -73.8454198837 156
11712 40.755595897 -73.8483810425 19
11714 40.7466173167 -73.8470506667 6
11715 40.7441818667 -73.8452482167 18
11716 30.41086435 -87.2616147833 1
11717 41.9093441833 -87.8235483167 14
11718 40.7610905167 -73.8576936667 4
11719 30.4095125167 -87.2146224833 2
11720 40.826946067 -73.9281177521 376
11721 40.8282423 -73.9258432333 25
11722 40.8285319667 -73.9273452667 21
11723 39.7539044211 -104.9954473972 88
11724 40.8279794302 -73.9256434135 10
11726 47.6074289134 -122.3335683346 63
11728 40.8538124533 -73.8777780533 45
11729 32.9963958167 -96.8283891667 7
11730 28.5906422 -81.3502407 1
11731 37.2061657833 -93.2904267167 18
11732 32.9957157529 -96.8578934669 20
11733 33.59591245 -117.87038325 1
11734 -37.8178918333 144.9689555167 63
11735 40.7894950957 -73.9757771059 19
11736 40.7036054 -74.0164375167 34
11738 40.7039524755 -74.0160727501 133
11739 36.18759895 -86.7978928667 87
11740 40.7049528782 -74.0136426687 25
11741 40.70548295 -74.0134119833 4
11742 40.7074172208 -74.0113627911 86
11743 40.7118773333 -74.0105581167 29
11744 40.7116734833 -74.010365 17
11745 40.7120447331 -74.0095871687 31
11746 40.7116842167 -74.0102577167 12
11747 40.7127603829 -74.0122747421 30
11749 40.7128010446 -74.0133261681 15
11750 40.71199535 -74.01023625 10
11751 40.7118880667 -74.0102148 11
11752 40.712049 -74.0101718833 8
11753 40.704123277 -74.015225172 23
11757 39.9140059833 -75.1488447167 26
11759 33.9773333 -118.0318737 2
11760 32.7545571167 -97.3608398333 4
11761 39.9525117833 -75.1482439 34
11762 52.3710322333 4.8828220333 1
11763 32.9983913833 -96.9092845833 14
11764 32.9983270167 -96.9092631333 4
11765 39.94874595 -75.1500463333 98
11766 33.01954865 -96.917181 7
11767 33.01873325 -96.9169878833 1
11768 42.3643004833 -71.1055541 17
11769 33.0207931833 -96.9175457833 6
11770 33.0207717333 -96.9175028667 9
11772 33.0209755833 -96.92902565 9
11773 33.0253636833 -96.9391965833 3
11776 39.954227558 -75.1657104492 43
11777 33.0174243333 -96.9423937667 1
11778 39.9579694994 -75.1705813408 26
11779 32.99871325 -96.9328880167 6
11780 39.9657159009 -75.1809346676 80
11781 40.7016313 -74.01495695 16
11782 40.7018029667 -74.0148711167 3
11783 39.9651074333 -75.1793146 32
11784 40.7008291704 -74.0130579472 87
11785 33.0301809167 -96.8271017 68
11786 33.0284535833 -96.8272948167 24
11787 33.0253636833 -96.8283677 44
11788 33.0309734188 -96.8326592445 140
11789 36.1517964833 -86.7840838333 10
11790 40.7021677333 -74.01287555 17
11791 40.7018566 -74.01094435 4
11792 40.7036483167 -74.0068030333 2
11793 41.8826079333 -87.6233696833 306
11794 40.705823135 -73.9966964722 394
11795 40.7104611333 -74.00420665 35
11796 41.88644885 -87.6132631167 18
11797 40.7114347982 -74.0121889114 165
11799 37.5642728667 -122.3217988 22
11800 32.8529942 -97.2010231 1
11801 33.4190583167 -111.9360709167 5
11802 40.71247815 -74.033432 9
11803 40.7291722167 -74.034698 22
11804 33.4263912999 -111.9325947762 23
11806 33.0484092167 -117.2937726833 3
11807 40.8117304816 -74.0675711632 32
11808 47.1461105333 -122.4391078833 3
11809 40.8152496667 -74.0740728333 10
11810 28.3582381938 -81.5589272976 288
11811 40.812209574 -74.0769803524 22
11812 32.7670706022 -96.8072614074 76
11813 37.5306808833 -122.2584342833 10
11814 37.7634966333 -122.4829459167 5
11815 37.5589728333 -122.2704076667 18
11821 38.6781942833 -121.7729973667 2
11822 32.9342436667 -96.8396329833 12
11823 33.498040263 -86.7952644825 58
11824 40.7810613694 -73.9737582207 251
11825 28.2515680667 -82.7217292667 3
11826 40.7691478667 -73.9810967333 32
11827 40.7685979956 -73.9829850197 61
11828 40.7681673419 -73.9816653728 82
11830 31.6051568629 -97.1074998379 11
11831 40.7490532543 -73.9680397511 63
11832 40.7516598667 -73.9755821167 58
11834 40.7538160368 -73.983618021 364
11835 40.7532308669 -73.982180357 228
11836 30.34914135 -87.2980499167 1
11837 33.7234354 -118.0757331833 6
11838 40.7545800009 -73.9841544628 26
11839 40.7549965333 -73.9848518333 34
11840 40.2761900333 -111.6805744167 37
11841 30.4088258667 -87.21393585 1
11842 30.40822505 -87.2142148 1
11843 30.4083645333 -87.2139787667 3
11844 40.7568799674 -73.9862251282 1089
11845 32.8555583833 -97.1878266333 26
11846 35.0850530121 -106.6224861145 3
11847 40.757066887 -73.9865255356 65
11848 40.7592880667 -73.9851307833 5
11849 30.0688505167 -99.1139745667 2
11850 42.9927593174 -81.2506717443 9
11851 35.0937330667 -106.6789197833 6
11852 32.8588843333 -97.1815609833 6
11853 36.1526048167 -86.7754697667 7
11854 32.8591954667 -97.18274115 6
11855 30.3821539833 -89.0376019333 3
11856 40.04514455 -76.3227295833 2
11857 40.7636900022 -73.9828562737 70
11858 40.7615853046 -73.9834463596 24
11859 32.7468216333 -97.32758045 38
11860 40.7620775667 -73.9842724667 13
11861 29.750741591 -95.3621649742 130
11862 29.7570381263 -95.3553414345 294
11863 37.8027749 -122.4587631167 47
11865 30.6817777043 -88.014446497 14
11866 30.68693875 -88.0172038 1
11867 40.1924729333 -85.3866004833 2
11869 47.1462607333 -122.43719815 3
11871 42.9825410249 -81.2505698204 35
11872 32.75575875 -97.0739936667 41
11874 37.8003072667 -122.4378848 12
11875 40.750613794 -73.993434906 430
11878 33.1336283667 -96.6624784333 1
11879 32.7567136167 -97.0727276667 6
11880 33.1332028747 -96.6608691216 61
11881 33.1335961667 -96.6626071833 1
11882 47.1460890667 -122.4351811333 5
11883 29.6847905172 -95.4109382629 209
11887 38.5033035167 -122.4684619833 9
11888 30.2587428544 -97.7525281906 161
11889 32.7580332667 -97.0692515333 25
11890 32.7580225333 -97.0682215667 24
11891 38.59699845 -122.6022505667 1
