300 58 242 100 36.026666666666664 43 181
12226 32.7825164667 -96.8081116667 6
12227 30.07255195 -95.4338121333 3
12230 32.7850914 -96.8026185 24
12231 32.9457986333 -97.1533870667 2
12232 35.1328504 -90.0172948833 3
12233 41.8808162167 -87.6730012833 94
12235 32.9442536667 -97.15167045 3
12237 32.9441571167 -97.1520566833 1
12238 32.9095029667 -96.7485451667 4
12239 32.9207253333 -97.1362209167 13
12240 32.94041275 -97.13235855 19
12241 32.8575325 -96.7565274167 15
12242 30.1713382003 -97.7864044905 35
12243 47.6379740167 -122.3259615833 10
12244 47.6393795 -122.3259401167 3
12245 47.6397120833 -122.3259186667 11
12246 47.6397657333 -122.3259830333 14
12247 47.6400661333 -122.32587575 5
12248 32.5237476667 -92.7136230333 1
12249 32.5246381667 -92.7130651333 1
12250 32.5246918167 -92.7139019833 1
12252 32.5251424167 -92.7143526 1
12254 32.5253140833 -92.71351575 1
12258 47.6531767833 -122.3174214333 8
12263 47.6546359 -122.3214340167 11
12265 33.0404714145 -96.8296819925 13
12268 47.6545286167 -122.32207775 11
12269 41.14008665 -73.3515071833 7
12270 47.6555156667 -122.3132157167 17
12272 46.7151868333 -122.9544568 6
12273 47.7536416 -122.1536135667 3
12275 32.9446530911 -97.1297675371 48
12276 32.8360748167 -96.9860601333 3
12277 33.9757776167 -117.3390483833 3
12279 42.3497501607 -71.0786153376 26
12280 32.7352130333 -97.10579395 15
12281 32.9439318167 -97.1296977833 66
12282 37.7763605 -122.4232935833 208
12283 41.14165305 -73.2623076333 12
12285 37.8643798667 23.7514758 1
12286 29.5558941333 -95.8089566167 3
12287 32.9944860833 -97.19962835 10
12288 33.00291895 -97.17529535 1
12289 32.96895145 -96.93814515 1
12290 32.98852085 -96.8508768 1
12291 32.98829555 -96.8536448333 4
12292 42.9927635167 -81.25121355 8
12293 30.0165796167 -95.5311441333 2
12294 47.6295304167 -122.3588347333 41
12295 40.0260043 -76.2156558 4
12296 40.0256288 -76.2205266833 15
12297 30.3172338 -95.4745388 5
12298 47.6294767833 -122.3604869833 44
12299 47.62954115 -122.3598861667 15
12300 42.3615961229 -71.0816180706 113
12301 28.6011242833 -81.3251781333 46
12302 45.44701695 -122.77841805 1
12303 32.7296612823 -97.1104073524 40
12305 39.0142536 -94.5928215833 6
12306 37.8688323333 -122.2599363167 21
12307 35.6985187848 -105.9493911266 1
12308 35.6946980833 -105.95122575 4
12309 35.6951594333 -105.95178365 1
12310 35.2052056667 -89.84338045 2
12311 32.6815259333 -97.0079469667 3
12312 45.30727385 -122.9461526833 11
12313 40.7484436586 -73.9857316017 390
12314 41.66134715 -91.53325795 2
12315 26.7007362833 -80.03323315 3
12316 33.7570059167 -97.1320366833 121
12317 32.9406273333 -97.1409630667 8
12318 47.7336859667 -122.1448802833 2
12319 37.5050067833 -122.2592496833 26
12320 47.7198886833 -122.1421980833 1
12321 47.7128720167 -122.1424770333 2
12322 45.5263352333 -122.6878881333 33
12323 47.64989375 -122.35158205 53
12324 29.73691105 -95.5792093167 7
12325 37.3658967 -97.3222804 13
12326 35.1873828966 -97.444524765 35
12327 35.1905219143 -97.4467134476 4
12328 35.1944323645 -97.4490094185 31
12329 35.2058294638 -97.4423360825 75
12330 35.2058469966 -97.4425506592 31
12331 35.2048945333 -97.44158505 7
12332 35.210720959 -97.4475073814 32
12333 35.1996927629 -97.4434947968 192
12334 26.8105781 -80.1997447 1
12335 43.6509701955 -79.3648481369 2
12337 36.1284123934 -97.0643591881 3
12338 36.1257259943 -97.0665478706 37
12339 45.5217476555 -122.6734149456 85
12340 36.1257259943 -97.0651531219 19
12341 36.1243567619 -97.0704746246 29
12342 39.0917158 -94.58559035 14
12343 37.8017034583 -122.4061542749 56
12344 30.2490698167 -97.7500471473 432
12345 40.7757236918 -73.9717841148 201
12346 19.9417841333 -155.8721995333 4
12347 37.1584953046 -93.2259517908 18
12348 40.7829298615 -73.9589846134 132
12349 40.7698736895 -73.9752173424 232
12350 39.2020132706 -96.5938138962 20
12351 39.200234049 -96.5938138962 11
12352 39.1988372454 -96.5974187851 5
12353 39.1971011793 -96.5834712982 154
12354 39.7534177691 -104.998472929 111
12355 47.4211549667 -121.41145705 5
12356 40.0398766833 -76.3170862167 24
12357 40.0401663667 -76.3164424833 3
12358 33.0692660667 -117.2641181833 6
12359 39.0902674167 -94.5852255667 40
12360 32.9533141295 -96.8179607391 9
12361 32.9476118 -96.8139266833 40
12362 47.0827460167 -119.8597455 5
12363 32.9271197167 -96.8313288667 74
12364 39.0623724333 -94.5861911667 11
12365 45.5350041333 -122.6204895833 5
12366 35.5175328167 -97.52629995 2
12369 47.6081585833 -122.3414754833 52
12370 38.9559715361 -95.2501773834 27
12371 38.9630377535 -95.2463686466 34
12372 29.4745481 -94.58782195 1
12373 39.0513851526 -94.4804906845 195
12374 39.0525984667 -94.4810485833 20
12375 32.9103720167 -96.8936634 9
12376 39.0488772324 -94.4840312004 89
12377 39.0476846667 -94.4849753333 3
12379 39.0404779674 -94.3706917763 8
12381 35.673142863 -105.9533286095 16
12382 47.6205503833 -117.4018764333 1
12383 37.7830874833 -122.4067282667 12
12385 34.1498851667 -83.8182592333 5
12386 37.7827870833 -122.4066638833 48
12387 30.090276 -97.7335596 1
12388 32.7021896833 -96.2789869167 5
12389 37.2919428333 -121.8789339 9
12390 38.9358118425 -92.3332214355 15
12391 38.932506975 -92.3337578773 25
12392 38.9472198333 -92.3288869833 19
12393 38.94718765 -92.3288226 5
12395 37.7824759333 -121.9787549833 2
12396 19.9684453 -155.8497977167 1
12398 30.3707063167 -87.68244265 20
12399 30.2615438029 -97.9378581047 42
12400 30.2622163167 -97.9380512167 3
12401 33.4244227333 -111.9394612167 9
12402 19.972018 -155.8399271833 1
12403 30.2622377833 -97.9380726667 5
12404 30.2616369667 -97.9380726667 6
12405 30.2618515333 -97.9383730833 4
12406 30.2620553833 -97.9384589167 5
12407 30.2625489167 -97.9387378667 5
12408 33.4266650667 -111.9401264167 38
12409 30.2631497333 -97.9383087 5
12410 30.2630317167 -97.93798685 4
12411 30.26237725 -97.93813705 3
12413 30.2626776667 -97.9370856167 4
12414 30.2620875833 -97.9366779167 10
12415 30.2622592333 -97.9370641667 5
12416 47.6201148502 -122.3298749328 143
12417 33.74477505 -117.8144001833 3
12418 47.5489675833 -116.3579177833 1
12419 25.8975863333 -97.4978470667 1
12420 32.7561771833 -94.3451571333 4
12422 28.5930454667 -81.3512921167 2
12423 47.56082295 -116.2500715167 1
12424 37.8066372833 -122.4206542833 66
12425 37.70579695 -121.9263982667 44
12428 47.54865645 -116.3306236167 1
12429 47.6615667333 -122.31999635 6
12430 41.9479207274 -87.6558351517 476
12431 35.47769665 -97.5140476167 187
12432 32.8898692 -97.2587656833 9
12433 27.20926165 -80.3275895 2
12435 43.7428486333 -81.7089486 2
12436 32.7554368833 -94.3452429667 3
12437 47.6676821667 -117.4269819167 5
12438 38.6452245667 -90.26292085 3
12439 37.5660645833 -122.3227429333 33
12440 37.56266355 -122.32151985 9
12441 47.6274704833 -117.4022841333 1
12443 50.6114280167 -2.1307468333 1
12444 36.6660225333 -93.2571244167 2
12445 36.66573285 -93.2549357333 8
12446 36.6650354833 -93.26141595 7
12447 36.6531479333 -93.2872509833 5
12448 36.6536843667 -93.2929158167 4
12449 32.7556622 -94.3455004667 3
12450 36.6508412333 -93.2969284 2
12452 32.7552545 -94.3453931667 1
12453 50.61553715 -2.1858286833 1
12457 32.7566707 -94.3452858833 2
12458 36.6377735 -93.2827877833 2
12459 36.6383421333 -93.2804489 6
12460 36.6376447667 -93.2798266333 1
12461 36.6377735 -93.2771873333 4
12462 36.6379988167 -93.2747411667 2
12463 36.6383635833 -93.2683682333 2
12464 36.6396403167 -93.2661151833 1
12465 36.6424834667 -93.25609445 2
12466 36.6423976333 -93.2471036833 10
12467 36.6417646333 -93.2478547 4
12469 40.7869684667 -86.7722082 2
12470 32.7542996333 -94.351058 1
12473 33.5503470833 -112.4115300167 7
12474 26.7104887833 -80.1513791 5
12476 38.6418557167 -90.25511025 9
12477 38.6431324333 -90.2758169167 3
12478 47.6144564 -117.42848395 4
12479 37.4431003116 -122.1713590622 133
12480 41.49633765 -91.5032601333 2
12481 40.06557225 -75.1956439 12
12482 40.7140371482 -73.9898514748 9
12483 32.9706466167 -97.1578288 20
12484 32.9666125667 -97.2532939833 3
12485 37.4716830167 -122.2594213333 21
12486 32.8927981833 -96.9348835833 1
12488 40.7581152522 -73.9866113663 34
12489 41.20177745 -73.3821058167 3
12490 41.1130499833 -73.3462715 1
12491 47.10151075 -119.2471504167 7
12492 29.9962699333 -95.5732440833 51
12493 41.14295125 -73.2569646833 8
12494 43.7419449008 -81.7131650448 2
12495 43.7430953833 -81.7132401333 6
12496 43.74342148 -81.7121887207 3
12497 43.6624252667 -79.4258522833 7
12498 43.6637449167 -79.4211316 8
12499 43.6642277167 -79.42100285 3
12500 41.1988055667 -73.13354015 3
12501 43.6640775167 -79.4183850167 17
12502 43.6658149758 -79.4112181664 85
12503 43.6652898667 -79.41020965 16
12504 47.5433778667 -121.8384432667 45
12505 40.7745781069 -73.8720059395 1680
12506 40.7589340167 -73.9684581667 30
12507 43.6662129218 -79.4060024144 4
12508 32.84014105 -117.2722721 21
12509 43.66699575 -79.40366505 13
12510 19.9552488167 -155.8587455667 3
12514 33.4842681833 -86.7739462833 1
12515 41.835047 -87.8344917167 56
12516 33.8487052833 -84.4297599667 40
12517 35.2035748833 -89.7928476333 3
12518 26.6884837356 -80.0914371014 159
12519 35.1626551 -89.7938776 1
12520 40.7619022325 -73.9502620697 9
12521 40.7603805587 -73.9511230588 3
12522 40.7574407245 -73.9540493488 6
12523 40.7611220997 -73.9639252424 12
12524 40.7625067167 -73.9680504667 63
12525 40.7613333866 -73.9775025845 392
12526 40.7587897731 -73.9766871929 92
12527 43.7419487764 -81.7009985447 1
12528 43.7460024995 -81.7071461678 3
12529 40.7732892 -73.96420955 64
12530 40.7720875667 -73.9652395167 6
12531 40.7654858498 -73.9698690176 7
12532 35.4957532833 -97.5312352167 34
12533 30.2685516159 -97.7427113056 52
12534 20.0063180833 -155.8247566167 4
12535 40.7638606505 -73.9729321003 838
12536 40.7620566327 -73.9715480804 49
12537 35.6816089 -105.9347248 3
12538 32.8362464833 -97.1004295333 6
12539 35.6709015333 -105.9460115333 1
12540 30.2692604776 -97.7476358414 83
12541 30.2695763 -97.7464556667 34
12542 30.27041315 -97.74585485 18
12543 30.2697694167 -97.7461338 16
12544 40.0752496667 -76.3232231 5
12545 33.82811665 -84.3276429167 7
12546 36.1231112333 -115.1680254833 21
12547 33.0357921 -96.8974184833 2
12548 36.2538945574 -120.2372181416 54
12549 35.1102340167 -89.8949432333 11
12550 19.9407649 -155.8576297667 3
12551 36.1289669933 -115.1654934883 129
12552 33.5119056667 -86.7863488167 5
12553 19.9412262333 -155.8575224833 4
12554 33.93594145 -117.4038290833 17
12555 32.86711335 -96.94037675 10
12556 32.8664910667 -96.9398617667 11
12557 32.7597928 -97.3601531833 12
12558 31.8040037 -97.09225415 4
12559 33.0017709667 -97.3138475333 2
12560 33.02073955 -96.9133615333 10
12561 32.8234684333 -97.1702313333 1
12562 39.3047408128 -94.7088325024 30
12565 39.2941468602 -94.7134029865 116
12566 44.9792267818 -93.2747036219 42
12567 38.9124476833 -94.6684169667 14
12571 40.7593667674 -73.9529442787 3
12572 38.9542695319 -94.7181987762 100
12573 46.0595369333 -118.346529 1
12574 40.7664121957 -73.9694988728 7
12575 32.8597533667 -96.9583368167 5
12576 38.9063429667 -94.7774004833 4
12577 49.25121 -123.000473 8
