400 56 344 80 27.2075 42 258
13974 36.1637949833 -86.7781949 6
13975 35.7883718642 -78.6474376917 47
13976 32.8945255167 -97.2562336833 21
13977 35.92577575 -84.0365266667 32
13978 38.9718048901 -94.6074020863 22
13979 37.1603322 -93.3108758833 4
13980 35.1316165833 -89.8638725167 3
13981 41.8457114667 -87.6347208 10
13982 30.0391423667 -95.4879498333 1
13983 37.1390461833 -93.33497285 3
13984 33.5106825667 -86.7860913167 16
13985 48.0401659 -122.15093135 4
13986 48.0646491 -122.1414685167 4
13987 33.5111975667 -86.7875075333 7
13990 39.4642746333 -0.32248735 2
13991 30.2679347833 -97.7429580667 48
13992 32.83392905 -96.85845135 5
13993 52.9027191489 -0.6294393539 1
13994 52.9027547411 -0.6311774254 1
13995 35.0475651304 -106.6167783737 335
13998 52.8987844117 -0.7137733698 1
14000 52.9856245904 -0.7448923588 2
14001 30.4001998833 -87.2424530833 6
14002 52.9490839299 -0.6787759066 5
14003 52.9158523066 -0.6451007724 1
14004 52.9105325554 -0.6413295865 1
14005 35.9849882 -85.0104475 2
14006 48.0586194833 -122.1610808333 2
14007 48.05361985 -122.1779680167 2
14008 32.9255855 -97.07729815 27
14009 48.0653679333 -122.1757793333 4
14010 35.64244865 -106.0106849667 3
14011 35.962404 -83.92192125 8
14012 30.0221908 -95.5204796667 2
14013 35.9637773 -83.9248394833 4
14014 35.9644961333 -83.9247751167 4
14015 30.1833057333 -97.8479719 128
14016 35.9596359667 -83.9204406667 5
14017 32.9221844667 -97.0888638333 15
14018 47.6284682667 -122.1403741833 11
14019 32.92467355 -97.0890569667 18
14022 47.6336181 -122.1862077667 6
14023 47.6669740667 -122.1982669667 6
14024 32.9427803226 -97.1318435669 46
14026 32.7071356667 -97.1531081167 40
14027 39.4697999833 -0.3763461 12
14028 39.4733512333 -0.3784918667 4
14029 57.69954962 11.9563436508 89
14030 57.6959333182 11.9585028291 5
14031 57.6952725122 11.9584679604 50
14034 33.7807435789 -84.3866622448 13
14035 39.0335547833 -94.6168112667 7
14037 39.4755000566 -0.375187397 2
14038 39.4764518667 -0.3753376 2
14039 48.8622093167 2.336483 9
14040 40.74622035 -89.6120238167 1
14041 39.4554662667 -0.3540086667 5
14042 39.4569253833 -0.3465843167 10
14043 35.4941761333 -97.5318574833 17
14044 30.2690473563 -97.7432477474 194
14045 32.7318769977 -117.2019767761 969
14046 48.1403751627 11.5590333939 541
14047 52.7844079908 -0.1494473219 1
14048 36.16364765 -86.7761679833 6
14049 30.5345234448 -97.6931226254 159
14050 38.5628378333 -109.5493555 17
14051 30.2177023833 -97.8547310667 15
14052 49.2252945833 -123.0028223833 28
14053 33.4362351833 -111.9538378667 5
14054 32.9993355167 -96.90907 5
14055 33.58445405 -111.8943572 9
14056 47.7535450333 -122.1534848167 1
14057 32.9388678 -97.1305346333 12
14058 37.13791965 -93.2714366833 8
14059 30.5340850333 -89.686203 4
14060 30.5119836167 -97.6854944167 8
14061 37.55381225 -122.25723265 6
14062 49.2666006 -123.2496285333 1
14063 49.2674685098 -123.2500362396 11
14064 49.2673945333 -123.2535552833 3
14065 49.2667186167 -123.2549285833 3
14066 49.26926135 -123.2557439667 6
14067 49.26951885 -123.2564520833 2
14068 49.2694497174 -123.2593274117 4
14069 49.26568865 -123.2429552 3
14070 37.9246544833 23.7609171833 5
14071 32.9049563191 -97.0450043678 189
14072 51.8904744012 0.902954936 3
14073 40.1370584833 -74.4400978 51
14074 41.6789424333 -70.0264906833 3
14075 53.1545750394 -0.8059260249 6
14076 51.9067847667 0.9048914833 1
14077 36.5173176167 -82.2597743833 23
14078 41.6799294833 -69.9570965667 5
14080 30.08895635 -97.8175449333 6
14081 32.92895435 -97.1001076667 6
14082 32.9289972667 -97.1003866167 7
14083 41.3808631833 2.1734905167 3
14084 54.4437821021 -1.6673415899 11
14085 33.0439782 -97.0143628 2
14086 48.1429668135 11.5799975395 35
14088 46.0339701167 -118.3809041833 1
14090 55.5074835692 -3.6959123611 5
14091 31.1030244667 -97.3579859667 47
14092 39.2128551 -76.9387149667 11
14093 49.2490804167 -123.0006337 14
14094 33.5179030833 -86.80128335 22
14095 -37.8210650738 144.9580228329 11
14096 48.1367683333 11.5760922333 12
14097 41.6631817667 -83.6455678833 2
14098 34.00417685 -118.4317588667 5
14099 35.95870255 -83.9210414833 4
14102 41.6674411167 -70.1253461833 1
14103 47.7343082333 -122.3116922333 11
14104 28.6041605333 -81.3639736167 6
14106 32.8201425 -97.1882987 2
14107 40.7380810493 -74.0006161553 6
14108 35.9332215667 -83.9132094333 3
14109 32.6520323667 -97.1106648333 4
14112 32.9922223 -97.1808099667 4
14113 48.09607385 -122.1555876667 6
14115 34.4120872 -119.6891999167 17
14116 38.2173585833 -104.6230816833 1
14118 46.04827165 -118.38877915 2
14119 -37.8167511598 144.9603617191 4
14121 41.3833951833 2.181859 6
14122 43.6860600544 -79.6196365356 587
14124 56.3435799911 -2.8023988008 9
14125 41.4036198853 2.1743488312 68
14128 42.3666420527 -71.0169506349 1583
14129 33.0322086667 -96.9918966167 1
14130 30.16292095 -96.3788294667 17
14132 32.8904914833 -97.14649915 26
14133 41.6671729 -70.1549577667 3
14134 32.8852128833 -97.1555113667 1
14135 48.1418430667 11.5710926 11
14136 32.9413676167 -97.0873188833 8
14137 37.8114330667 23.7829542 4
14138 32.8542602 -97.1884489 22
14139 48.1489800846 11.5807700157 7
14140 32.8536880199 -97.19055444 13
14141 32.8502476167 -97.2008085167 3
14144 32.8388214 -97.1837711333 11
14145 41.6489446 -70.2249312333 3
14146 32.2506096111 -97.8120732307 10
14147 48.1612192098 11.6023564339 15
14148 40.7601773954 -73.9801606536 237
14149 48.1609296667 11.5895247333 3
14150 41.63627385 -70.22360085 2
14151 40.7587125693 -73.9785754681 353
14152 32.2400879833 -97.8089833167 9
14153 48.1590950333 11.5851473667 20
14155 35.1449203333 -90.0511550833 1
14156 35.1452529333 -90.0534081333 3
14157 48.1406307167 11.5817570667 3
14159 41.6309416167 -70.3044533667 1
14160 35.1436436167 -90.0550174667 68
14161 35.1418089833 -90.0559616 11
14162 30.1408517333 -96.3975191 1
14163 41.69264315 -83.6441087667 16
14164 30.1242971333 -96.11700295 6
14165 30.25672315 -97.7233028333 2
14166 34.4201016333 -119.69896315 2
14167 33.8195443 -118.1666064167 2
14169 34.4188678167 -119.7001218667 12
14170 34.4193828 -119.6988344167 1
14171 34.4193828 -119.6985554667 2
14172 43.6502676457 -79.3722188473 7
14173 43.6490643644 -79.3716394901 72
14174 43.6484510699 -79.3740856647 12
14175 30.2135825 -97.7280664333 10
14176 43.646919747 -79.3771353364 20
14177 43.6453534486 -79.3805766106 277
14178 43.6417975861 -79.3892240524 105
14179 34.4080960667 -119.68497275 10
14180 32.6603901333 -97.0633506667 5
14181 34.0507078167 -118.2551622333 22
14182 47.4136984333 -117.3675441667 1
14183 41.8717718 -87.6651477667 7
14184 31.5246999167 -97.1320796 19
14185 32.8370726 -96.7859244333 56
14186 32.8101217667 -96.8082404 38
14188 40.7715725833 -111.9124460167 37
14189 30.2620983 -97.7543091667 80
14190 30.262506 -97.7539873 56
14191 47.5532269333 -122.32167005 18
14192 30.2583861333 -97.7508974 110
14193 37.7748370167 -122.4376273 86
14194 -32.5238978833 115.7175564667 1
14195 41.5925645667 1.8363904833 1
14196 56.1871469365 -3.9664077759 1
14197 56.1863558498 -3.9642620087 1
14198 56.1871200697 -3.9643156528 1
14199 56.1885589111 -3.965305388 1
14200 56.1888738371 -3.9654475451 1
14201 56.1895200988 -3.9649701118 2
14202 56.1891812978 -3.9637926221 1
14204 56.1906334942 -3.96715343 1
14205 40.7316076667 -89.5791292167 1
14206 32.6350271667 -98.0693507167 2
14208 32.4416720833 -98.69454145 4
14210 40.6092774833 -89.4624853 10
14211 30.31859635 -81.66015385 19
14212 34.4150805333 -119.6942424667 13
14215 56.17966175 -4.0105462 2
14216 32.4611878333 -99.8726320167 8
14217 32.9314005333 -96.79285525 7
14218 47.57276415 -122.2217202167 12
14220 32.3431169833 -101.0628890833 1
14221 30.1541876667 -97.7938985667 95
14222 30.1541984 -97.7936625333 59
14223 35.540974219 -82.5527071953 35
14224 32.2647643 -101.4897680167 7
14225 30.1539963873 -97.7935552597 11
14226 35.6269347667 -79.7557210833 6
14227 32.2123539333 -98.1869173 6
14228 29.7903192 -95.7198858167 8
14229 47.2586990254 -122.448849678 18
14230 36.11846565 -80.2837300167 4
14231 47.2599971167 -122.4455237333 11
14232 47.6140058 -122.1331644 2
14233 37.7404618167 -122.1985244667 58
14234 47.5349879167 -122.0323133333 3
14235 47.5378525167 -122.0349526333 10
14236 41.6485288221 -83.5391378403 32
14237 40.74350595 -73.95442485 5
14238 32.9397153833 -97.183578 10
14240 33.7561154333 -117.9849457667 2
14241 49.2761170833 -123.2031297667 5
14242 30.26230215 -97.7614974833 627
14243 49.2684976276 -123.1867736578 17
14244 32.8776597833 -97.09783315 34
14245 49.2682421167 -123.1668663 11
14246 49.2682743 -123.1645488667 2
14247 49.2680635805 -123.1583797932 1
14248 49.2680705813 -123.1567597389 1
14249 38.5894668 -90.3077459333 48
14250 49.2679865718 -123.1547856331 4
14251 49.2683086076 -123.152564764 12
14252 49.2682313833 -123.1501293167 6
14253 49.2679305654 -123.1497967243 1
14254 49.2679235645 -123.1497108936 2
14255 49.2628477166 -123.1083834171 15
14256 37.5028502833 -122.2568893333 2
14257 37.5032901667 -122.2575759833 11
14259 46.0568332667 -118.3717417667 1
14263 56.1908334841 -4.0102350712 5
14264 42.3644975624 -71.0210216045 205
14266 39.78931545 -95.1079559167 3
14267 41.4783883 -73.2139635 4
14269 41.47955775 -73.2304215333 5
14270 35.1416955957 -106.6018545628 40
14271 43.64824175 -79.3852329167 33
14272 53.626625741 -1.2376731634 2
14273 47.5036624634 19.0627890048 8
14274 38.9032423333 -77.0257472833 2
14275 32.9954946 -96.99045895 2
14276 39.9487674167 -75.1464629167 3
14277 42.0494997777 -88.0498087406 12
14278 57.9883503833 11.53963565 19
14279 38.89729065 -77.0251885333 12
14280 41.4859414 -73.2181048333 1
14281 41.4859414 -73.2180833667 1
14282 41.4805448 -73.2206583 1
14283 57.9856038 11.5426397167 1
14284 29.7356986833 -95.5987358 5
14285 40.7728393801 -73.9829742908 18
14286 38.90346765 -77.0228075833 15
14287 35.1036357833 -106.6045260333 8
14290 35.0799357833 -106.6070580333 4
14291 58.0598795333 11.6470956667 2
14292 38.9026415333 -77.02450275 10
14293 29.71916555 -95.6859183167 1
14294 39.948996721 -75.1457762718 2
14295 37.1005511167 -113.5768747167 4
14296 37.10666655 -113.5839343 2
14297 37.1083080667 -113.5848140667 1
14300 37.1251416167 -113.5298609667 3
14301 37.11719155 -113.5464906667 12
14304 37.78794765 -122.4237442 9
14305 37.1277272667 -113.5194969167 8
14306 37.1301734333 -113.5263848167 1
14312 37.0775055833 -113.5836338833 1
14313 43.0786058395 -79.0761137009 37
14314 47.5048832505 19.0583387845 17
14315 35.9555804667 -83.9285516667 15
14316 35.9551425567 -83.9298176765 23
14317 38.90450835 -77.0284724167 3
14318 35.9531797799 -83.930772543 3
14319 35.9540569667 -83.9319419833 4
14320 33.0768191667 -96.8214583333 39
14321 30.2330017 -97.86503075 1
14322 35.9540395864 -83.9291095734 2
14323 46.9542896667 -119.9877405 2
14324 37.0900154 -113.58618735 6
14325 30.2329158667 -97.86543845 15
14326 30.2330338833 -97.8656530333 9
14327 38.9056456 -77.0317769 13
14328 35.9569966667 -83.9288520667 11
14329 39.0469443667 -95.6753826 13
14330 35.95799445 -83.9294958 40
14331 35.9420084833 -83.9782476333 1
14332 35.9405601 -83.9854574167 48
14333 37.08155035 -113.58030795 1
14334 35.7700788833 -83.98695945 2
14335 33.1487774833 -96.8304061833 61
14336 34.2362523 -93.7577962833 3
14337 46.0496342167 -118.3463358833 2
14338 38.9070725333 -77.0370125667 12
14339 47.11780785 -118.3679008333 5
14340 47.1174967167 -118.3675575167 15
14342 47.1174001667 -118.3675575167 1
14343 35.8127152833 -83.98234605 7
14344 35.9030199 -84.1503167 3
14345 35.89961885 -84.1664528833 10
14346 35.9017860833 -84.1506385667 11
14347 35.9128582333 -84.1031956667 5
14348 35.9155619 -84.0839695833 5
14349 35.9214842167 -84.0504527 4
14350 37.51444815 -122.2539710833 6
14352 53.2288946982 -0.5447727442 2
14353 53.2290697108 -0.5436944962 24
14354 53.2284965018 -0.5428227782 7
14355 53.2283375434 -0.5450463295 16
14356 53.2279264965 -0.5475568771 11
14357 53.2253991139 -0.5448317528 2
14358 53.2251100772 -0.543410182 3
14359 53.2249559234 -0.5429032445 3
14360 53.2242429552 -0.5434262753 4
14361 53.2236616526 -0.5430936813 2
14362 53.2228073481 -0.5435496569 2
14363 53.2222774139 -0.5439573526 2
14364 53.2221762438 -0.5443918705 2
14365 53.2249939333 -0.5425572333 1
14366 53.2259257981 -0.5419993401 2
14367 53.2263882471 -0.5416935682 3
14370 53.2281239922 -0.5410498381 1
14371 53.2278124945 -0.5407842994 3
14372 53.2271782527 -0.5411356688 1
14373 53.2284338819 -0.538995266 1
14374 53.2292607788 -0.5404651165 3
14375 53.2299126512 -0.5400574207 37
14376 53.2303252846 -0.5401995778 2
14377 53.23043345 -0.5410337333 4
14378 53.2310461792 -0.5396282673 11
14379 53.2314106358 -0.5394807458 3
14380 53.2318617871 -0.539124012 3
14381 53.2322149982 -0.5387216806 3
14382 53.2327704972 -0.5384883285 3
14383 53.2340404113 -0.53884238 3
14384 53.2349137564 -0.5410981178 7
14385 53.2345348809 -0.5386519432 2
14386 53.2342780143 -0.5362915993 5
14387 53.2336727662 -0.5386573076 2
14388 53.2296653904 -0.5394512415 3
14389 53.2301502771 -0.538110137 1
14390 53.2289636 -0.5404543833 2
14391 53.2276567449 -0.5399984121 1
14392 53.2274223165 -0.5395317078 1
14393 53.2260125076 -0.5396175385 8
14394 47.5019431 19.0349078167 5
14395 47.4965357667 19.0383410333 7
14397 35.70034145 -105.9524059167 1
14398 38.8965904667 -77.0261335333 76
14399 38.8981032333 -77.0260047833 7
14400 32.9541993 -97.13544845 3
14401 42.0444631 -87.6795161833 6
14402 43.7384176167 -79.4331908167 2
14403 40.74324845 -74.0038847833 2
14404 37.0818293 -113.5799860833 3
14405 32.66996025 -97.1348690833 22
14406 32.69343495 -97.06174135 26
14407 40.7440619035 -73.9956928924 6
14408 45.3515410333 -122.8340578 3
14409 52.9284381833 -0.0576782167 1
14410 47.5008586006 19.0537154675 10
14411 37.3895859667 -121.97989225 5
14412 37.0819044 -113.5847926 1
14413 28.419629143 -81.5787407756 70
14414 37.09211825 -113.6239314 6
14415 35.0887870667 -89.8662328667 1
14416 40.0522255833 -76.32264375 6
14417 47.6381242167 -117.4083781167 1
14418 35.63913345 -106.0121655333 3
14419 37.0971179 -113.5578417667 2
14420 30.4450786 -97.7867317167 83
14421 38.9283478167 -95.2590823167 11
14422 37.5225698833 -122.2558808167 10
14423 39.0482106605 -95.6779682636 13
14424 46.6024696667 -120.50291775 7
14425 46.9736444833 -119.97179745 2
14426 46.9521371168 -119.9939632416 3
14427 37.7526068667 -122.41844415 99
14428 47.4960715093 19.0727696395 4
14430 52.9950428 -0.7584857833 3
14431 32.7071249333 -97.3895716667 10
14432 32.7287790422 -97.3884451389 31
14434 37.1244442333 -113.6098980833 1
14438 37.1111404833 -113.5935258833 1
14440 28.5978800224 -81.2029874325 6
