500 101 399 50 28.242 75 299
16112 35.10236385 -106.6044552667 41
16113 39.9494096333 -75.17188375 104
16114 27.6201686 -97.22133665 2
16116 38.9995576167 -94.5943260333 5
16117 35.31848345 -106.5432407333 8
16118 27.702572 -97.3616172667 2
16119 40.7595737 -73.9616398 6
16120 37.7804161412 -122.5135016441 32
16122 38.1456792333 -84.6766734 2
16123 47.6170774489 -122.198009491 1
16124 47.4993667833 -122.0085442167 1
16125 47.61705535 -122.2038105167 3
16126 38.1462264 -84.6789908333 1
16127 47.6174360833 -122.2030955667 9
16128 37.7875326167 -122.5061862833 1
16129 47.61744895 -122.2028433333 13
16130 30.2123725 -97.8004404 57
16131 33.7614599167 -118.02256055 3
16132 37.8018726667 -122.3994325667 27
16133 37.78093625 -122.5116961667 34
16134 47.5003370333 -122.0216979 2
16135 35.4772813 -97.51275975 574
16136 47.6600898167 -117.4138042 3
16137 47.66005025 -117.4151647833 3
16138 39.2476859167 -94.4662205667 17
16139 39.2441551833 -94.46645555 13
16140 29.7599615833 -95.3605238167 8
16141 29.76255315 -95.3670537333 45
16145 30.3091745 -97.93954045 48
16147 30.3086081667 -97.9398341167 12
16148 30.3081531333 -97.9398080333 4
16152 37.77016455 -122.4695010333 63
16153 37.4424601167 -122.1734347167 42
16154 32.8124088333 -96.7534212667 74
16155 39.5819419167 -104.87580015 16
16156 38.5445666167 -106.9278502333 6
16158 39.2452371333 -94.45999825 3
16159 42.35259345 -71.0642733667 5
16160 43.6572694878 -70.2499508858 15
16161 43.6570637912 -70.250312984 4
16162 34.4182041667 -119.56338065 6
16163 43.6560441667 -70.25419395 4
16165 37.786564024 -122.4147896621 40
16166 26.4376391167 -82.0734553667 4
16167 32.82063405 -96.7890326833 21
16168 32.0760049667 -81.09037755 20
16169 32.82277125 -96.7881078 74
16170 32.8225850833 -96.7877675333 269
16171 32.8235227667 -96.7902515833 22
16172 37.6224493667 -122.4112486667 19
16173 32.82286325 -96.7878182333 40
16174 42.4881382 -83.14231845 2
16175 39.28498295 -76.61194095 72
16176 42.4889755667 -83.1410235167 4
16177 39.2861888667 -76.6134855 12
16180 28.0616597833 -97.03408445 3
16181 27.8418075167 -97.59295945 1
16182 42.48908215 -83.1403735667 1
16183 28.0618051667 -97.0334766167 2
16184 28.0600429333 -97.0345241833 2
16185 42.4899866333 -83.1362029833 1
16187 28.0593250333 -97.0341160833 1
16188 42.4899989 -83.1358099667 1
16189 42.4901735167 -83.13497195 2
16190 28.0527843833 -97.03392415 2
16191 39.2863203667 -76.6181232667 34
16192 42.4901220333 -83.1344175333 2
16193 42.4901493667 -83.1340075833 4
16194 39.0671746 -94.5818403 48
16196 32.0804999333 -81.0864460667 6
16197 39.2852283 -76.620056 9
16198 39.2835014783 -76.6219246387 151
16199 34.4098368167 -119.6921280167 13
16200 37.8004933213 -122.2742164135 66
16201 39.2859689667 -76.6112580333 36
16202 37.8079106624 -122.2701179981 163
16203 39.2860279833 -76.6090451667 20
16204 38.8882603408 -77.019867897 239
16205 32.0800592667 -81.0841019333 8
16206 39.2861440667 -76.6087324 58
16208 37.8094788048 -122.2681760788 22
16209 39.2861089991 -76.607118845 21
16210 32.0798827167 -81.08640435 7
16211 37.7650719833 -122.4666248333 75
16212 37.8090721333 -122.2598309833 25
16213 40.7597515167 -73.9182672333 2
16214 33.7884568704 -118.0341160297 14
16215 40.7431330167 -73.916736 4
16216 38.0183494 -84.4573330833 1
16217 29.1567400167 -96.3330143 5
16218 47.3062564 -122.58295345 2
16219 47.3060616333 -122.5828383667 6
16222 43.6567959965 -70.2476656437 8
16223 37.8735033333 -122.2685652 67
16225 37.9942846167 -84.5311689333 2
16226 47.6257402833 -122.075019 1
16228 37.9881048167 -84.5163846 1
16229 33.1267958667 -117.2544115167 24
16230 33.1269454667 -117.2545907333 13
16231 43.6317655035 -70.327026844 5
16232 30.4201035667 -97.8369649 1
16233 30.2734394142 -97.7663683891 173
16234 30.4194974884 -97.8382515907 16
16235 33.1268299 -117.2427911 2
16236 47.7137192833 -122.1803514 12
16237 39.0370238132 -94.5873606205 55
16238 30.2719267709 -97.7544701099 122
16240 39.0411205667 -94.5933796 23
16241 39.03981775 -94.5914402667 38
16242 39.6505470667 -104.9157703167 21
16243 39.5959861 -104.7981097833 9
16245 53.033152 -0.5253865667 1
16246 53.0369522025 -0.5104994774 5
16249 53.00170109 -0.4001694918 1
16253 52.9995284162 -0.410131216 2
16255 52.9978399182 -0.4087311029 3
16256 37.9752651 23.7354812667 8
16257 38.8130223 -77.5215528667 12
16260 51.1559045327 -2.5832891464 8
16261 30.26894425 -97.7292029667 5
16262 30.2693235667 -97.7287036833 8
16263 40.0196159833 -105.2737699833 8
16264 32.0787310667 -81.0908310333 1
16265 32.07385225 -81.087069 1
16266 32.07385225 -81.087069 2
16267 32.0806610333 -81.09117455 12
16268 32.0796138 -81.0891350667 24
16269 32.08100635 -81.0960405333 6
16270 32.0789759 -81.0870356667 10
16271 32.0772174833 -81.08782425 10
16272 32.07008535 -81.0903769667 3
16273 32.0709686333 -81.0916320667 4
16274 32.0715743 -81.0942791333 7
16275 32.0722165 -81.0967753 5
16276 32.0744057333 -81.0966606 4
16277 32.0737763667 -81.0937480333 4
16278 32.0726547333 -81.0914136333 9
16279 32.0729397167 -81.09311385 8
16280 32.0760675667 -81.0956896333 4
16281 30.2705855256 -97.739739418 43
16284 47.6659965667 -117.4066201167 4
16285 41.3505303833 -72.40537045 2
16287 26.4418293833 -82.0540355333 3
16288 47.66251935 -117.4173375667 1
16289 26.44625005 -82.0418369167 4
16290 47.6620037167 -117.4194861 12
16291 41.39475305 -72.4265180167 2
16292 47.6604209833 -117.4208458 6
16293 47.6601227833 -117.4210687 6
16294 38.0522954333 -84.4940257 1
16295 38.0526924 -84.4935750833 1
16296 38.0524563667 -84.4934248833 3
16298 32.0453732333 -81.0505220333 4
16299 38.0505359167 -84.4947767167 2
16300 38.0499780167 -84.4958710667 1
16301 38.0500853 -84.4962143833 1
16303 47.658996 -117.42198795 5
16304 48.5048340997 -122.6785433292 21
16305 47.6588120667 -117.4237370667 4
16306 32.4154895 -97.22372805 2
16307 32.0072371167 -81.2843 1
16308 41.2856194333 -72.34997895 3
16309 47.31464045 -122.3044002167 8
16310 42.3662811678 -71.0622739792 227
16311 42.36829065 -71.1084162 8
16312 33.0058968505 -96.9735985994 11
16313 32.72925655 -97.361691 27
16314 32.07996925 -81.0931767667 27
16315 39.0314641167 -77.4253833333 53
16316 30.2651800167 -97.7225833667 1
16317 30.2647358833 -97.7223635 18
16318 30.2296305031 -97.7551245689 15
16319 30.2352976667 -97.8762745833 10
16320 40.7336496333 -74.0021934167 32
16321 30.229452058 -97.7551527321 8
16322 42.5138019833 -83.1915183833 6
16323 42.5166211667 -83.1872868833 4
16324 42.5042414167 -83.1716561333 4
16325 42.4955407 -83.1650988167 2
16326 42.4937141667 -83.1635885333 7
16327 42.4915767167 -83.1613657333 7
16328 32.0727396667 -81.09150165 5
16329 42.4848229 -83.1464948833 2
16330 42.4851839 -83.1463752833 14
16331 42.4894412407 -83.1488710642 6
16332 34.4391013667 -119.7360815667 1
16333 39.0428444667 -94.5953470333 17
16337 37.9833491667 23.7805606333 1
16341 39.0153769167 -94.6876511333 20
16344 30.2576401333 -97.7595729833 181
16345 32.3214088667 -90.9257092 9
16346 47.8401925833 -120.0198158 2
16347 26.4529554243 -82.0142322779 3
16348 26.5182736667 -82.1896854167 3
16349 26.52251155 -82.1894173667 8
16350 40.7707886167 -73.96734525 19
16351 33.0270817167 -96.7970843 18
16352 37.718861902 -97.2945785522 7
16353 32.7533446667 -97.3325949333 28
16354 32.7535303464 -97.3328375816 34
16355 32.783310328 -96.8052738905 84
16356 32.7541890238 -97.3332560062 46
16357 32.7538784833 -97.3339295333 6
16358 30.2688805655 -97.7416706085 77
16359 32.0117003667 -80.8652519333 10
16360 32.754432643 -97.3322421312 63
16361 32.7554657614 -97.3320651054 40
16362 32.7547756333 -97.3323759167 24
16363 32.7954618333 -96.77579385 149
16365 32.7530646333 -97.3322152 15
16366 32.0227475833 -80.8449428 20
16368 38.0441415167 -84.42789315 2
16369 39.81978245 -104.7722821 4
16371 38.0777442333 -84.5046043333 1
16372 33.0128993333 -97.0714259667 27
16373 39.0215092874 -94.6612179279 13
16375 37.7788813013 -122.3938429356 153
16377 47.6329941167 -117.4093452667 1
16378 37.9913449167 -84.5230150167 3
16379 38.0651394833 -97.9207744833 8
16380 47.6058419833 -122.3352173833 17
16381 37.7975304151 -122.3990088701 12
16382 31.5573004538 -97.1191942692 11
16383 47.604600557 -122.3353493214 11
16384 47.6073948333 -122.3360139667 7
16386 50.8549469758 4.3665548074 19
16387 32.8091403 -96.7952238 73
16388 32.80923955 -96.7953781667 21
16389 47.65328825 -122.3585711667 2
16390 28.35734925 -80.6116860167 9
16391 37.1461153667 -93.25529435 13
16392 39.0850853833 -94.59284305 28
16393 29.7859543167 -95.7127268167 8
16394 32.9210627833 -96.9730085 5
16396 40.0176340012 -105.2819824219 32
16397 40.7308686424 -73.9975655079 177
16399 39.8772709259 -75.2416706085 1093
16400 47.4502760667 -122.26214345 4
16401 47.4499569667 -122.26219035 11
16402 35.9144353584 -78.7828034163 47
16403 32.7175886167 -97.1493252667 11
16404 32.0716231167 -81.0923004667 10
16405 32.7216130167 -97.1495201333 13
16406 32.721013 -97.1488878667 7
16407 32.7214571167 -97.1335299833 11
16408 32.7214199833 -97.1149256333 9
16409 47.7022549667 -117.4107949 31
16410 42.3824195167 -71.1196788333 6
16411 30.1579483071 -97.7940273285 45
16412 30.2024737 -97.8062448833 15
16413 42.3493913676 -71.0840709507 28
16414 34.0838610508 -118.3630996943 36
16415 38.8953433333 -77.03348185 27
16416 32.8817560667 -97.1507243833 4
16417 38.8922038333 -77.0270814 27
16418 32.7512295667 -97.3332785833 16
16419 48.5706015358 -122.8832602501 4
16420 30.2913619667 -97.7349957333 76
16421 47.66033945 -122.36587785 10
16422 37.8048416333 -122.2574992167 3
16424 39.1568008167 -75.5218750667 6
16425 39.15712875 -75.5227225167 3
16426 39.739245614 -104.9848794937 56
16428 30.3529393667 -97.7246975833 4
16429 30.3530251833 -97.7247834167 4
16430 44.975666924 -93.254163995 12
16431 30.2453613167 -97.7790927833 207
16433 48.5988366167 -122.9441772833 9
16434 39.2501388333 -94.4999891 5
16435 37.8914975 -122.1234027167 16
16436 37.8914630667 -122.1231241833 3
16438 43.8940183833 -78.9301291 2
16439 40.3929362167 -111.7729705 7
16440 32.63541895 -97.36953035 9
16441 32.6651922833 -97.3454075 5
16442 32.6652305333 -97.3453740833 3
16443 47.6432273167 -117.40861595 1
16444 47.659109 -117.412434 9
16445 47.6527076333 -117.4322789 2
16447 32.8094771 -97.4225125333 1
16449 38.8879346502 -77.0124650002 43
16450 43.7684390833 -79.4126712 4
16451 43.7679990667 -79.413408 7
16452 43.7620200833 -79.4107502 21
16454 30.23361325 -97.7584934167 4
16455 30.26954035 -97.7407160167 11
16456 38.896544073 -77.0327103138 28
16457 39.34655785 -89.6408843833 6
16458 29.7484381333 -95.4600559333 3
16459 40.7758092167 -111.9334799 52
16460 40.7764348667 -111.9369834 6
16461 40.7719232833 -111.9371628833 7
16462 40.7718930333 -111.9342482667 8
16464 32.68144445 -97.4018615333 5
16465 32.70495895 -97.3892390333 4
16466 32.7061694833 -97.3884925 10
16468 34.1363168833 -118.3529745167 142
16469 32.07353035 -81.0914774667 16
16470 48.0472925 -122.1790688833 2
16471 32.6587778 -97.43525535 7
16472 32.6764642167 -97.4157915167 7
16473 32.6775066 -97.4143595 19
16474 32.6769763167 -97.4149308333 5
16475 32.67872755 -97.41342905 14
16476 32.6761372 -97.4104739 1
16477 32.6804397167 -97.40842305 12
16478 32.6817695833 -97.40928015 10
16479 32.6793169667 -97.40866515 1
16480 32.6811849667 -97.4004571333 7
16481 40.8514833821 -73.9520859718 184
16482 32.67948895 -97.3945479333 10
16483 32.8148187667 -97.4255605833 1
16484 30.32453655 -97.726636 12
16485 32.8147707333 -97.4263151 3
16486 32.814541 -97.4285663667 6
16487 32.8145739333 -97.4288977333 1
16488 32.8139772 -97.4293637167 7
16489 32.8140124 -97.4293306 3
16491 26.4422831333 -82.1083450667 6
16492 47.6307735 -116.6168398333 2
16493 47.62891575 -116.6240590833 2
16494 37.2866359565 -121.9495403767 31
16495 30.3185284167 -97.7243779667 272
16496 41.0702746 -73.4764667667 1
16497 37.3353190167 -121.89810155 34
16499 48.5238954142 -122.9150819778 1
16500 34.0085313891 -118.4983634949 276
16502 30.2673701685 -97.7361023426 74
16504 30.27515125 -97.82522205 41
16505 43.65799105 -71.5052484167 1
16507 54.4891145667 -0.6149657333 6
16508 32.8886989 -97.1480795333 2
16510 41.1480387333 -73.4926175333 2
16513 41.1469218167 -73.49402215 1
16516 30.2634181234 -97.7575966669 263
16517 41.1459009793 -73.4962928295 5
16519 30.3081142833 -97.7399969 13
16520 32.5444185167 -97.3125641 2
16521 35.08644915 -89.8102992667 5
16522 43.6607376 -71.4949375 2
16523 30.2296757667 -97.8219223 25
16524 42.9909753833 -78.55164905 1
16526 43.6578650333 -71.50090735 2
16527 33.8464314313 -84.3623828888 202
16528 38.9902562 -76.32147145 3
16531 30.1611837667 -97.7917631167 33
16532 47.6737275 -116.7683990667 3
16533 38.9305206422 -77.0707440376 49
16536 54.4902771094 -0.6162536144 2
16537 47.6735092 -116.7832523333 2
16538 40.5818395156 -111.8895077705 23
16539 32.7612943098 -97.0821046829 31
16540 38.97366295 -76.24585345 6
16541 47.6732136333 -116.78616155 9
16542 30.6687398833 -88.1402388 8
16543 47.67259975 -116.7843722 14
16544 32.85043945 -97.1943237667 29
16545 38.87573305 -77.0220981833 16
16546 33.1862943 -86.8278656 3
16547 54.4890895 -0.6114193667 8
16548 34.0516490833 -118.2839614333 2
16550 48.6969779667 -122.9065397167 1
16551 35.9712475833 -83.2459184 2
16552 32.8709972 -97.1669604667 3
16553 38.8757129 -77.0221378167 6
16554 39.6498134333 -105.00872235 6
16555 37.7529224167 -122.4075517833 61
16556 48.6775139833 -122.8310599 1
16557 32.7336846667 -97.3698391667 8
16560 36.5821367 -84.1157688167 1
16561 37.9772865333 -122.0339878833 23
16562 30.2012298833 -97.8792547167 25
16563 30.2016685998 -97.8793859482 2
16564 32.7551409394 -97.4313926697 6
16565 30.1024594333 -98.0131987 39
16567 33.683951699 -117.8178097852 1
16568 34.1021696667 -118.3392036333 147
16569 33.7631307333 -84.3864898 15
16570 32.9449092667 -97.12865755 165
16571 33.7626835667 -84.3868372167 2
16572 41.14808365 -73.4917552833 1
16573 33.1896450833 -96.6913721 2
16574 41.14808365 -73.4917552833 8
16575 43.4587539167 -71.5628927833 3
16576 34.0861724833 -118.34436685 4
16577 41.1563548667 -73.4222470833 4
16578 33.6853058346 -117.8113845784 12
16579 39.0337920333 -94.59528925 10
16580 37.7797805333 -122.3893295333 21
16582 37.6910479 -97.2442392333 1
16583 26.0114173 -80.1458082833 27
16586 30.54535445 -88.2008423167 8
16587 48.0638422167 -122.14818045 3
16589 39.8629925186 -104.6736359596 74
16590 47.4682367167 -121.7155808667 2
16591 28.4684838046 -81.4670562744 28
16592 26.07833206 -80.24376994 3
16593 37.7895866167 -122.4210410167 42
16595 51.5197120314 -0.1019462783 7
16596 51.520781 -0.0998435167 7
16597 36.1314106528 -86.6692972183 684
16598 54.4301904833 -0.5318699167 2
16602 41.9060459969 -86.5980148315 4
16603 38.8840345973 -76.9951915741 26
16604 51.5020455153 -0.190243144 66
16605 36.8984642995 -76.2048840523 187
16606 40.035377 -76.33292845 2
16607 51.5006752326 -0.1924967766 50
16608 40.0387136333 -76.3302537167 2
16609 40.0390602667 -76.3305632 2
16610 39.1110627 -94.5786570833 6
16611 40.0451887833 -76.3306988 3
16612 40.0441198 -76.33003035 3
16613 40.04341635 -76.3282172667 2
16614 30.56000781 -88.19952517 10
16616 40.0384553833 -76.3250279 3
16617 42.41538455 -71.1523767667 5
16618 40.0363176667 -76.3256750333 1
16619 40.0341701167 -76.3249129833 2
16620 45.02092305 -93.43407605 1
16621 40.0316358667 -76.3279728667 2
16622 47.6662647833 -122.1022313167 86
16623 40.6069153117 -74.0447616577 78
16624 40.0294689333 -76.3298938167 2
16625 29.722148391 -95.3904032707 23
16626 27.7978897095 -97.3917770386 4
16628 37.7928921104 -122.3932834719 36
16630 29.7382032291 -95.4159808159 31
16634 30.54473656 -88.17565172 5
16635 32.9528665 -97.6617209667 1
16636 35.0622200224 -85.3074783588 27
16637 35.1246779972 -118.4683576226 3
16638 47.6168931124 -122.201705 104
16641 40.3651649333 -74.9539377167 68
16642 33.7534287833 -118.0191149667 2
16643 38.8882436388 -77.0229041576 54
16645 38.8986148551 -77.0217347145 35
16646 47.75360205 -122.2097234667 2
16648 38.8975899667 -77.0204376667 21
16649 47.7586635333 -122.2046280833 4
16650 40.3645078 -74.9533218167 11
16651 33.78202775 -84.3692037167 4
16652 40.018909623 -105.2753520012 290
16653 51.5186270167 -0.0997733 9
16655 30.5021914 -88.16944915 2
16656 32.7588379333 -97.0910310667 19
16657 28.47213798 -81.46897906 8
16658 30.4391835871 -88.1301891804 1
16660 50.9416756142 6.9595779687 11
16661 39.6732238667 -104.7895235833 1
16662 32.9429333869 -97.133409977 31
16663 36.0761931306 -79.7950959206 59
16664 39.7549560727 -105.00911057 158
16665 32.7478592027 -117.1580529213 30
16666 41.1222770667 -73.4905274167 2
16667 40.3921342 -111.7532646167 2
16668 37.7681641167 -122.2326509333 13
16670 40.41753665 -111.77396475 2
16671 30.46747922 -88.11402225 1
16672 32.9602710333 -97.0774229667 5
16673 32.96020095 -97.07715875 1
16674 35.7947230333 -78.7118697 56
16675 41.1214285413 -73.4900566936 1
16676 39.7516768333 -89.7071138667 100
16677 36.9643759833 -122.0176632833 153
16678 47.9116525167 -122.0970607833 3
16679 47.9112758167 -122.0972334167 2
16680 47.9094605667 -122.0931126167 1
16681 33.6908412833 -117.9771105333 3
16682 40.4201274833 -111.7712647833 2
16684 52.9441771822 -0.6301903725 1
16685 41.12216785 -73.4940077 1
16686 39.3898594333 -94.5529532333 3
16688 52.90670853 -0.6430327892 18
16692 30.5014060333 -88.1232127667 1
16694 32.7043772167 -117.1636083 9
16696 32.7063861753 -117.1615934372 216
16697 42.4032753 -71.1274265 9
16698 46.7287570325 -117.1945095062 4
16699 37.7882289961 -122.4018047402 28
16700 32.717209833 -117.1591687202 5
16701 30.5450967333 -88.2008499833 12
16702 32.7164606146 -117.1609604359 22
16704 53.69778155 -1.2671372167 3
16705 41.1826733833 -73.418266 2
16706 37.9096859333 23.7111044833 2
16710 51.5284357 -0.1061500667 2
16712 41.1058803833 -85.15369805 7
16713 51.5261006685 -0.1090498166 18
16714 38.90386658 -77.0611636 51
16715 41.1059378833 -85.1581383333 1
16716 28.4784618596 -81.4674854279 7
16717 28.4458269152 -81.3950443268 126
16718 51.5256460833 -0.1078351 4
16719 28.4782162833 -81.4670162833 18
16720 30.68066382 -88.12631201 6
16721 28.4789719333 -81.4679278333 8
16722 28.47900595 -81.4679419 13
16723 28.4794520688 -81.4674854279 50
16724 28.4809703717 -81.467539072 34
