600 118 482 5 26.1 88 361
17957 37.7845678502 -122.4010776621 33
17958 47.6250017333 -122.32101265 53
17959 -37.6993638 144.77576505 1
17960 39.7545924 -105.2204366833 3
17961 40.0873512167 -104.9329009167 1
17962 37.7653114833 -122.4190746167 7
17963 47.6146112385 -122.3404884338 31
17964 28.0647500333 -97.1911549333 1
17965 39.75621825 -105.2225097667 2
17966 37.7651452333 -122.4183573833 23
17968 34.385412 109.2718658667 1
17969 37.9714702737 23.726670742 16
17970 37.76492395 -122.4226958167 16
17971 47.6152459333 -122.3485711333 12
17973 28.5603719667 -81.4444664833 1
17975 33.0840116433 -96.8660991423 5
17977 40.4739939167 -74.4204183167 2
17978 32.4784424488 -99.6991145611 24
17979 32.815807937 -97.4355983734 3
17980 32.7846750333 -96.7777233 51
17981 33.0583497333 -117.2996660167 13
17982 40.4982163833 -74.4333468667 1
17983 40.75912615 -73.9758193 6
17984 30.2178034743 -97.7958617935 27
17986 42.0459145833 -88.0378675461 101
17987 47.62241125 -122.3126687667 38
17988 37.9744148167 23.7278509 2
17989 38.8882956333 -77.03947845 10
17990 37.7910201833 -122.4209302667 5
17991 32.8404812833 -97.2910852 4
17992 33.06566465 -117.2653540833 7
17993 33.0632604167 -117.2652186333 17
17994 47.6338239333 -122.31580765 15
17996 35.2068158167 -106.6583598833 4
17997 39.2879067627 -76.6120730641 5
17998 33.2571691 -103.3170646833 1
18000 49.2649271271 -123.0694806576 43
18001 32.6160497667 -97.3840859833 4
18002 38.8535690308 -77.0526428223 10
18003 49.2660105167 -123.0696630333 13
18004 49.2669332 -123.0695343 3
18005 49.2679165637 -123.0694591999 3
18006 51.4412713167 -2.6117543833 3
18007 46.9147492 -122.2765300333 5
18008 47.6619623885 -122.4356907606 10
18009 32.9043444333 -97.1855866 2
18010 32.9135459167 -97.30203865 18
18011 49.2694777198 -123.0694270134 7
18012 47.658579 -122.3500409167 26
18014 30.2555386938 -97.7623289824 28
18015 34.0491784 -118.2391276 14
18016 37.3492927029 -121.8936654703 11
18017 33.7755569167 -118.1576896 5
18018 40.7110310706 -74.0104991712 4
18020 47.45713805 -122.2579557833 6
18021 33.7789082 -118.2013960833 2
18022 38.0476503167 -84.6066161667 15
18023 51.39001795 0.50143385 9
18025 40.71563839 -74.00779598 4
18026 40.0410624 -76.3043764833 9
18027 30.227878482 -97.822458744 80
18029 40.0384706167 -76.30366165 1
18030 39.4005418167 -94.2609405 3
18032 40.0404483333 -76.3040786 1
18033 39.4103092 -94.258859 1
18034 47.6160367833 -122.3554433 8
18035 42.8525192667 -73.7558868333 6
18036 32.77482223 -97.06544512 1
18037 47.6149822667 -122.3552539833 15
18038 47.61484225 -122.3549887333 7
18039 30.2312249079 -97.8210639954 3
18047 49.2815242622 -123.1193053722 5
18049 47.6518136 -122.3529621833 72
18050 49.2806983875 -123.1204426289 4
18051 49.2808806833 -123.1210756167 26
18053 49.2800334784 -123.1203353405 12
18055 49.2818427102 -123.124229908 52
18056 49.2815347605 -123.1260216236 3
18057 49.2812723019 -123.1267082691 2
18058 37.769586783 -122.4327027798 83
18059 49.2806004015 -123.1282317638 11
18060 37.7719919741 -122.4313929638 96
18061 49.2794752 -123.1293368333 13
18062 43.2525641845 -79.8298680782 3
18065 37.7608441833 -122.4359442167 23
18066 39.2441850167 -94.4659138667 5
18068 49.2870548165 -123.1417956948 4
18069 41.9130403339 -87.6553308964 3
18070 30.5810647167 -96.3215816333 12
18071 49.28604125 -123.1428551667 5
18072 49.2874869469 -123.1448936462 22
18073 49.2814472745 -123.140411675 1
18074 47.6107923606 -122.3481810093 12
18075 47.5983139692 -122.3229467869 5
18076 49.2785847167 -123.13809155 14
18077 47.6075692167 -122.3425433833 74
18079 49.2754348612 -123.1369757652 7
18080 30.6184632667 -96.3454649333 29
18081 32.8273227167 -97.3139927167 20
18082 30.5937775333 -96.3668111 12
18083 47.5965510833 -122.32676765 88
18084 30.6163728167 -96.3979153167 1
18085 30.6225804167 -96.4170647167 1
18086 28.353319151 -81.5746343136 14
18087 30.7027075 -96.3231871 6
18088 47.5973662132 -122.3265945911 23
18089 30.2018811833 -97.87849195 28
18090 30.71203605 -96.33263245 3
18091 30.7188840167 -96.3363749333 1
18092 32.864225 -96.7121746 54
18093 47.6002841 -122.3329195667 14
18094 30.6343743167 -96.3797469167 3
18095 47.6217525667 -122.3210512333 1
18096 33.55603705 -117.7101046167 8
18097 47.6236884 -122.3206322167 136
18098 29.7502927 -95.4105421167 50
18099 37.8225610167 -122.2962532 1
18100 47.6130894167 -122.3462805333 8
18101 39.8903720333 -105.06937875 4
18102 30.1726245 -97.78573135 67
18103 47.7010222 -117.4113852333 3
18104 39.0380841667 -95.7610945333 11
18105 33.2998870922 -111.7450745197 6
18107 32.8308517 -96.76987845 191
18108 34.0630183333 -118.44708875 16
18109 34.06306855 -118.4470092833 48
18110 34.0627893833 -118.4471000667 5
18111 37.8682304587 -122.2676128149 25
18112 37.8065490723 -122.2703933716 13
18113 32.78246992 -96.78359735 11
18115 32.8541114333 -96.9223542667 1
18118 35.64035785 -106.01592075 1
18120 32.84432605 -97.2899751 18
18121 47.6688446117 -122.3328763247 60
18122 41.8963901833 -87.6555482333 9
18123 35.6731690099 -105.9534788132 1
18124 47.668794037 -122.3332893848 29
18125 38.8759326 -77.0073811667 25
18126 37.7603501667 -122.5049837667 29
18127 32.8058776855 -96.8124084473 19
18128 33.030622621 -96.7089611292 18
18129 33.0299979082 -96.7093706996 3
18130 30.73560495 -95.5847155 16
18131 30.6575599667 -96.2781285833 7
18132 30.65076415 -96.2902806333 1
18133 32.95491713 -105.74596357 2
18134 30.6503551833 -96.29723435 2
18135 29.8847026333 -97.94603745 14
18136 30.6342736667 -96.32528255 5
18137 30.6339333233 -96.3260006905 7
18138 33.1255040833 -117.2543008333 1
18139 39.0466784833 -94.5842839333 4
18140 30.635955006 -96.3195741177 8
18141 47.6132949143 -122.3400807381 65
18142 30.6464063833 -96.3320720667 1
18143 38.8984478588 -77.0208656788 66
18144 28.6063751667 -81.2965380333 4
18145 32.807818784 -96.7981445789 134
18146 29.7358882115 -95.5396842957 5
18149 32.9658630264 -97.0448970795 67
18150 38.079902 -121.2712753333 4
18151 32.9304969167 -97.2529836 2
18152 32.9305078333 -97.2530615667 2
18153 32.9307110833 -97.25294225 1
18154 32.9306414167 -97.2531542333 1
18155 30.6562845833 -96.34703735 14
18156 32.9305921833 -97.2534877667 1
18157 32.9307538833 -97.2536366667 3
18158 32.9307163667 -97.2532941833 1
18160 32.9306597 -97.2526590833 1
18161 32.93061545 -97.2526208 1
18162 30.6710684167 -96.3710187667 3
18165 30.6722809333 -96.3731128333 21
18167 32.92976925 -97.25211795 3
18168 30.6727604333 -96.37385875 4
18170 47.6107562833 -122.33846835 22
18171 30.2348476167 -97.8263843667 54
18172 38.7117425667 -84.9151187 5
18173 37.763612 -122.243274 19
18174 37.780273118 -122.4775398564 5
18175 30.6736678333 -96.37071035 2
18176 47.9602724848 -118.9853668213 4
18177 33.7210095 -118.02377055 2
18179 38.9001940454 -77.0218459171 53
18180 37.766779541 -122.2424912453 10
18182 40.0182646255 -105.2789005637 22
18184 40.0178496877 -105.2809336782 29
18185 28.3710964957 -81.5166771412 57
18186 38.8965988667 -77.0216054833 34
18187 28.2436203333 -81.6555751667 4
18188 39.96747135 -75.1711441667 2
18189 33.0984943333 -117.1974365833 4
18191 40.0194395844 -105.2793055773 80
18193 33.11080765 -117.18928615 1
18197 37.7687484 -122.4745249167 14
18198 40.1483794568 -89.3873405457 1
18199 47.53101825 -122.0365405 1
18200 33.4360971365 -111.9980835915 252
18201 43.0062017314 -81.2402299024 9
18202 37.7641027167 -122.4644968833 20
18203 40.4403896 116.5602452833 2
18204 34.7399396833 -97.2658862333 16
18205 30.26868775 -97.74555595 138
18206 37.687951 -122.4721 150
18207 34.1457214355 -118.2549819946 24
18209 47.6270832833 -117.3687558833 1
18210 33.506722723 -86.7978286743 3
18211 39.9915555599 116.3901901245 10
18212 53.0750235458 -0.8068004251 1
18217 33.0004487823 -96.7651748657 50
18218 30.6146836815 -96.3398194313 32
18219 33.57975885 -86.0694077833 20
18220 28.5459168167 -81.7109403 5
18222 33.2952935167 -105.6902356833 12
18223 30.2499467333 -97.7500222 141
18225 32.9128922667 -96.9565163333 47
18226 32.9128922667 -96.9565163333 27
18227 32.9097063167 -96.9582606333 45
18228 53.5185626845 -113.5178938455 3
18230 35.5247434064 -97.5454187393 318
18231 35.5250490195 -97.5444102287 274
18232 37.7790593782 -122.4158799648 65
18233 49.2356743036 -122.9672670364 4
18235 35.525110142 -97.5439167023 60
18236 53.5216607768 -113.6259698868 7
18237 53.5218074819 -113.6279761791 10
18238 53.5228854302 -113.6265707016 4
18239 53.523453096 -113.6271822453 5
18240 42.7529554833 -73.7422368 1
18241 42.362470412 -71.0986168441 31
18242 37.8929779833 -122.05800125 8
18243 53.5224050167 -113.6223866667 6
18244 32.9403200333 -97.1297316667 62
18245 40.14771695 -89.3636728167 1
18246 32.9098892333 -96.9572958833 7
18247 40.1460898833 -89.36212145 1
18248 32.9123505 -96.9567956667 2
18250 40.1458062 -89.3627909667 1
18251 40.1454978 -89.3628636667 1
18252 53.5236699551 -113.6212277412 9
18253 40.1468804 -89.3607710333 1
18255 40.1553018167 -89.36123745 1
18256 40.1564601667 -89.3614342833 1
18258 40.15692175 -89.3607724667 1
18261 40.1565204667 -89.35947935 1
18262 40.1562426333 -89.3598563333 1
18264 40.1550917333 -89.36193395 1
18265 47.7500580667 -122.1791371 3
18266 30.2748674667 -97.7516181167 212
18267 39.7524408667 -104.9963766 11
18268 30.2686674434 -97.7505433559 148
18269 34.090411666 -118.3532502984 3
18270 47.680334821 -122.3241245042 11
18274 37.9687807 23.72824865 5
18276 40.1444307667 -89.3642974833 1
18328 30.27055195 -97.7483066333 190
18329 39.0573335333 -94.6061795 22
18330 42.7703327333 -73.7543736 2
18331 39.0575049667 -94.6098412 10
18332 39.0570506167 -94.6110103833 12
18333 39.0559236 -94.6086213833 24
18334 52.4000807333 0.26290175 1
18336 37.7785390833 -122.4152473 27
18340 47.6821279833 -117.2836148167 1
18344 41.86817693 -87.64495259 10
18345 32.7527909333 -97.3318620667 19
18346 42.0321426392 -76.0170898438 3
18347 42.6108852 -71.2272787 1
18348 28.5649224667 -81.5893465167 2
18349 32.7553894667 -97.33184485 18
18350 28.5653753 -81.58748805 7
18351 32.7554644833 -97.3316796667 30
18352 28.5655029833 -81.5868412167 4
18353 28.5656976167 -81.5864888333 2
18354 30.6729083 -96.3073277333 1
18355 37.8914596833 -122.0587429333 16
18356 39.0145065667 -94.5903395333 13
18357 36.0018080667 -83.7782335833 2
18358 37.8940913333 -122.05900575 4
18361 33.2404494 -111.8671334167 9
18363 37.9759697833 -122.039701 1
18364 37.9766541167 -122.0377120667 2
18365 37.9779665772 -122.0334586501 22
18366 37.97779365 -122.0339323333 6
18367 37.9772936667 -122.034669 15
18368 37.7809503598 -122.3960959911 87
18369 37.97704335 -122.0358365333 7
18371 28.5278686 -81.5227594 7
18372 37.9771309333 -122.0326250667 4
18373 37.9773998 -122.0318986333 1
18374 44.6280995562 -124.0557289124 15
18375 32.90966215 -97.1887777833 6
18376 45.3158221333 -85.2583141667 6
18377 32.6856322833 -97.4094484333 12
18378 47.5515925 -122.0580939333 8
18380 32.6852692167 -97.4088948333 5
18381 32.6856052 -97.4078917833 3
18382 32.68448745 -97.4102569333 4
18383 32.6845520167 -97.4116364167 11
18384 32.6852372833 -97.4132144333 15
18385 40.7138587 -89.5749939833 2
18386 28.4492933333 -81.4770163167 37
18387 29.9601898193 -90.062171936 4
18388 40.6123275833 -89.4637795 6
18389 33.4799978833 -86.7915027667 4
18390 32.8844544833 -96.7011230333 5
18391 37.8504905582 -122.2525033523 13
18392 30.3007805385 -97.7406217711 72
18393 37.871131897 -122.269241333 9
18395 32.8340934667 -96.9941398833 8
18396 37.7603843983 -122.4146461487 50
18397 34.1006062 -118.26323091 15
18398 37.7550999309 -122.4183046818 33
18399 34.1075273387 -118.2658883929 11
18400 30.2672324 -97.7450169833 146
18401 47.6790738 -122.1778956 27
18405 30.2875086339 -97.8152208627 63
18406 42.7987463833 -73.9098449833 3
18407 33.1162874167 -96.6732032 14
18408 45.5210848667 -123.1116308167 7
18411 42.3679299668 -71.0762107372 78
18412 42.3520763198 -71.0737216473 11
18415 30.2581590238 -97.8077495098 561
18416 30.227109066 -97.8211927414 145
18417 30.2448597206 -97.7571630478 252
18418 30.24634695 -97.75721418 7
18419 42.9847264567 -81.2457931808 22
18421 37.7799398167 -122.4387800667 22
18422 32.86533335 -96.8048304667 6
18424 32.7889275167 -97.3482222 7
18426 32.7888389833 -97.3446774833 4
18427 32.7889703167 -97.3440064667 2
18428 42.3883154333 -71.1184837 9
18429 33.5062175167 -86.78080945 47
18430 47.6818370667 -122.3766909667 28
18431 32.78905885 -97.3493946833 6
18432 32.7931236833 -97.34945225 7
18433 47.4424716819 -122.3004252569 22
18434 47.7020995833 -117.4120121333 5
18435 47.32886095 -122.5805147167 1
18436 32.8615086 -96.7679131 7
18437 47.3292888333 -122.5803722 1
18438 32.8517232 -96.7681476 33
18439 47.3292724833 -122.5801433333 1
18440 32.8521387333 -96.76945035 12
18441 47.3292718167 -122.5804894833 1
18442 32.8644157 -96.7738039167 21
18443 47.32843315 -122.5818918 1
18444 37.7844623 -122.3950593333 33
18445 30.2672365167 -97.76171465 31
18446 37.7513158645 -122.4318983585 31
18447 35.54727155 -97.6145205667 16
18448 47.3314644167 -122.5828445333 1
18449 37.7893447162 -122.4014818668 470
18450 30.2641349167 -97.76622615 11
18451 47.3328510667 -122.5828202833 1
18452 30.2628017711 -97.7621519566 384
18453 47.3325299167 -122.5844567333 1
18454 30.26058915 -97.7561296 40
18455 37.7339904736 -122.4341255581 22
18458 47.3296553167 -122.5812599667 1
18459 30.26166645 -97.74795895 29
18460 40.0261115333 -76.2031412833 6
18461 36.0056137833 -83.7754868833 2
18463 39.0569758333 -94.6029496167 15
18464 29.9655191924 -95.5545201367 8
18465 36.0748271333 -83.9265555667 1
18466 44.78524865 -78.6558279167 1
18467 32.3409103998 -90.0728525678 2
18468 38.805972 -77.054903 26
18469 41.3552613518 -89.1281211376 6
18470 40.76266151 -73.97725075 7
18471 44.9364262833 -93.3774612 3
18472 30.2254768333 -97.8209907333 76
18473 32.8795105167 -97.5798027333 4
18474 32.8815527333 -97.5764879833 7
18475 32.8940145167 -97.54745105 1
18477 32.8908925667 -97.542505 1
18480 34.59825625 -118.1754814667 14
18481 37.77433496 -122.26989704 5
18482 32.81054475 -97.4312227167 3
18483 32.8072105833 -97.4271986167 6
18484 32.80564805 -97.4266135833 3
18485 47.5981685833 -122.3305977167 98
18486 32.8031977167 -97.4250484 5
18487 39.0345257333 -94.5925048167 8
18488 32.8026285833 -97.4248311833 1
18489 44.9244758833 -93.3136637333 3
18490 32.81085395 -97.41941575 5
18491 38.8058571 -77.0522372167 34
18492 32.8114339333 -97.4189454667 5
18493 32.8129351333 -97.41923975 5
18494 32.8146107667 -97.4270142 1
18495 32.8145852833 -97.4274484 5
18496 41.2655204333 -89.2185053333 1
18497 32.8111121 -97.4288476833 3
18498 32.8111121 -97.4288476833 3
18499 32.8152363833 -97.4358940833 2
18500 32.8211366454 -97.4484300613 4
18501 40.04436155 -76.306865 8
18502 38.8966150167 -77.0232304167 24
18503 32.8791953667 -97.5329281167 3
18504 32.8908917 -97.53932865 1
18505 32.8916055167 -97.5394193167 1
18507 33.5177478786 -86.8016266823 22
18508 32.9005641667 -97.5428831 6
18510 37.6995723667 -122.4825568167 11
18511 32.8681264833 -97.5962665 14
18512 41.2637260667 -89.22585805 2
18513 41.2630411333 -89.2264520667 1
18514 47.5419014833 -122.0488312 10
18516 32.7541488 -97.7158295833 13
18517 32.3420827473 -90.0669438306 3
18518 40.0447161333 -76.3083731667 5
18519 40.04150835 -76.3056346 1
18520 40.0429790167 -76.3067120833 8
18521 40.0430556333 -76.3066383333 1
18522 33.4571424333 -112.07027955 18
18523 37.89691735 -122.0599583333 79
18524 37.8643207333 -122.2493645 4
18525 40.78226387 -73.94855344 7
18526 37.8677658167 -122.2598089 9
18527 37.85737155 -122.2670210167 38
18528 37.7635538 -122.2439133 8
18529 32.8229526 -97.50223725 2
18530 32.82483265 -97.4837849333 3
18531 32.8113855833 -97.4325516 1
18532 35.9627152333 -83.9199334167 7
18533 32.8101828 -97.4277479 4
18534 32.78854265 -97.38746265 5
18535 28.3670277008 -81.5426087379 26
18536 53.074169502 -0.8076372743 11
18537 53.077173083 -0.8057248592 2
18538 53.0793644047 -0.8025330305 1
18539 53.0790711607 -0.8044856787 3
18541 53.0775179013 -0.8119368553 6
18542 53.0769732805 -0.8124303818 2
18544 37.4499699833 -122.16615705 1
18545 28.359767677 -81.5926480293 79
18546 30.8944546746 -102.9035496712 2
18547 41.99130535 -71.4849520333 4
18548 28.3597015887 -81.5915107727 15
18550 42.3441338667 -71.06817345 2
18551 30.2766684833 -97.7519365167 54
18552 47.2694630167 -122.4890989 4
18553 38.31966575 -85.7630591167 10
18554 27.9757559664 -82.5099849701 15
18555 32.7348198333 -97.4011668833 4
18556 30.269946169 -97.7419441938 141
18557 32.7464770667 -97.3727245167 5
18558 32.74768475 -97.36174445 6
18559 32.7517417833 -97.3537681167 20
18560 32.7517417833 -97.3537681167 55
18561 37.4486284451 -122.1590799093 5
18562 32.7513674333 -97.3528262 8
18563 32.4389292 -99.69082585 8
18564 32.4389292 -99.69082585 4
18565 30.2690751548 -97.7421534061 190
18567 32.8783538667 -96.8932462333 8
18568 30.2695755256 -97.7495133877 500
18570 32.8693833167 -96.9130045667 16
18571 32.9414637667 -97.1232611 20
18572 32.6821218833 -97.4125903 12
18573 32.6822316 -97.4116490333 12
18574 38.9852462167 -94.60591865 12
18576 32.6807231167 -97.3996271667 4
18577 32.68469585 -97.4129908 1
18579 32.6863672833 -97.4133200833 23
18580 41.2628741833 -89.24918745 1
18582 41.2641114667 -89.25015925 2
18583 32.6816814167 -97.4155290667 11
18584 41.2644816833 -89.2501405333 3
18585 32.68168775 -97.4147377167 13
18586 32.9416848 -97.077523 6
18588 37.8184965 -84.7360416667 1
18589 37.8113181511 -122.2670710087 42
18590 37.6116732569 -122.3899483681 21
18593 32.8711344667 -96.7679188667 127
18594 32.8121016 -97.41887805 1
18595 38.62285351 -90.19303566 5
18596 47.7564422833 -122.1567658 2
18598 47.2397923333 -122.4274097833 29
18602 28.5518325053 -81.5179409183 5
18603 33.0906426829 -96.6733253002 9
18605 32.9444856333 -97.130172 33
18606 28.55692865 -81.5164333167 12
18607 40.8030823921 -73.9639532501 3
18609 37.8422233167 -122.2514370167 13
18610 34.0705306415 -118.3612260125 4
18611 32.8115885167 -97.4218465167 3
18612 37.8502070491 -122.2525012493 37
18613 32.7954203167 -96.7397170667 16
18614 37.8673804333 -122.259032 22
18615 39.040393 -94.5940343 30
18616 37.8684167898 -122.2604620457 6
18617 37.8687597 -122.2584698667 7
18618 37.8681834833 -122.2589959833 15
18619 37.8683066333 -122.2580909667 7
18620 37.5374909248 -122.2979700565 44
18621 37.7948217317 -122.3996686935 53
18622 39.0431096167 -94.5888710833 17
18623 37.3886831667 -122.0778832 4
18624 39.0414026 -94.5915182 57
18625 37.39977225 -122.06897385 3
18626 37.3989444667 -122.0683568167 7
18627 39.0406779615 -94.5938676596 35
18628 47.5402442833 -122.0415452167 2
18629 35.5204701667 -97.6225320167 2
18630 -37.8175309036 144.9576365948 7
18631 33.1214539167 -117.2784625667 7
18632 47.4424732575 -122.3004447996 31
18633 32.9396604543 -96.7484110594 82
18634 48.0004514167 -122.1070365 4
18638 47.44017255 -122.30175399 10
18639 -31.7958199018 115.7509686988 11
18640 33.1251348167 -117.3140886167 17
18641 32.9629590896 -96.6984355713 21
18642 49.00199315 -122.756474 50
18643 35.2201261779 -80.9439504147 1270
18644 32.53794705 -92.63881081 14
18652 30.2645604167 -97.72849905 23
18653 32.9161521074 -96.9823694229 70
18654 42.3926468545 -71.291795969 3
18655 51.4717336662 -0.4898357391 502
18656 37.6380082167 -84.7640850167 1
18658 45.510106322 -122.7163410187 76
18659 30.2314945333 -97.8008940167 176
18660 45.5094743167 -122.71498735 9
18661 39.4973804833 -76.2318133 78
18662 33.3942359167 -93.9957748833 10
18663 45.5093726 -122.7137148667 10
18664 32.6661656 -97.4732706333 21
18665 32.66527735 -97.4767532833 2
18666 32.6662590333 -97.4754326 3
18667 45.5088172667 -122.71194775 17
18668 32.8620766667 -97.33605825 3
18669 45.50862165 -122.7120242167 3
18670 32.8908700167 -97.1485521 17
18671 38.32015575 -104.6187833333 2
18672 45.5087049 -122.7127104333 6
18674 40.7464139833 -89.6042843167 2
18675 32.8955118347 -96.8033225697 8
18676 47.3013276833 -122.5790959 4
18677 32.9311032667 -97.2899786167 4
18678 45.5083568333 -122.71358275 9
18679 45.5078321 -122.7149965833 9
18680 32.7515542848 -97.330340445 62
18681 39.0686298994 -94.5851182938 29
18682 40.7161026911 -89.5756530762 2
18683 40.4261272833 -111.8871341 20
18684 32.9161764 -96.9569531667 12
18685 45.5090061833 -122.7148647167 4
18686 30.27765235 -97.7514181667 331
18687 43.5957775538 1.4526307583 3
18688 32.8926276 -96.9605002 44
18689 45.5106762333 -122.71557755 8
18690 40.7182113667 -89.57341365 1
18691 39.3586639 -74.4202868833 31
18693 32.67597375 -97.4027246 18
18694 32.6759043 -97.3998049833 8
18695 40.71881245 -89.5738109333 1
18697 32.6759117 -97.4001922167 17
18698 32.6754648 -97.3991838167 8
18699 32.6754648 -97.3991838167 7
18701 35.6531151167 -97.4934815167 4
18702 32.6909813667 -97.3956810333 20
18703 37.2537090833 -122.0361829167 3
18704 32.9014688667 -96.96480605 4
18705 35.6564934667 -97.48096305 6
18706 47.8036570833 -122.14389435 2
18707 32.7304921333 -97.3610792167 20
18708 32.9178222333 -96.76784725 9
18709 32.8643331361 -96.950549319 2
18710 40.71472245 -89.5759792833 1
18711 53.0699989468 -0.820069313 6
18712 36.1642273667 -86.7814668167 5
18713 40.74692965 -89.5688145833 1
18714 30.2629871058 -97.7563261986 48
18715 30.27203835 -97.7688576 42
18716 40.7369131 -89.6223176833 2
18718 32.7284112516 -97.3884022236 15
18719 33.7080174333 -118.27743 2
18720 32.7322321167 -97.3893049167 16
18721 32.73235045 -97.3890259667 15
18722 32.73235045 -97.3890259667 3
18723 28.552459 -81.5267908833 11
18724 32.7322040167 -97.38825995 5
18725 32.7321329 -97.3882003167 8
18727 41.5278890148 -73.9611411095 3
18728 32.8358248 -96.8059993167 24
18729 33.173196501 -96.6419707385 17
18730 38.9866583333 -94.79969585 3
18731 33.0967243833 -96.8099884167 51
18732 37.3946181167 -122.0689668667 2
18733 38.03854995 -84.49368792 2
18734 38.9748643667 -94.80773635 1
18736 49.2705697995 -123.1471252441 5
18737 37.7747598367 -122.4225614061 27
18738 49.27254395 -123.1483768333 2
18739 49.2725371667 -123.1484966333 2
