600 108 492 60 30.215 81 369
19510 51.7538181667 -1.2587964667 6
19511 51.753542 -1.2590818 1
19512 51.75334175 -1.2582026333 4
19514 37.7870380167 -122.4013566333 16
19515 32.8977826928 -97.2581894428 24
19516 51.7517545333 -1.2592234 5
19517 51.7520283891 -1.2577521801 8
19518 51.7521280169 -1.2576770782 3
19520 51.752928352 -1.257596612 9
19521 53.9605883 -1.07995735 6
19522 53.9618235644 -1.0817456245 23
19523 40.83819585 -73.85980145 9
19524 51.7530577667 -1.2575826167 8
19525 38.1710375 -92.6803782667 6
19527 51.7528886667 -1.2583204167 7
19528 53.9617920042 -1.0880327225 14
19529 37.5426343167 -122.30257335 2
19530 36.0318265167 -83.9304906167 1
19531 53.9605958558 -1.0858118534 5
19532 32.942888368 -97.1169734001 13
19533 36.6515064167 -97.3421931167 5
19534 32.6223718333 -96.8475523 3
19535 30.3872283667 -97.73351315 30
19536 28.5009101 -81.5946690833 2
19538 30.23326886 -97.764903903 108
19539 32.4420889 -97.7865544667 6
19542 37.6163560649 -122.3861503601 5662
19543 36.1074127025 -86.8148767948 105
19544 47.6625554667 -122.5763243333 1
19545 51.0479884 -114.0254097167 12
19547 37.3927236167 -122.0967238333 8
19548 51.0467876167 -114.0293038333 2
19549 29.9805652667 -95.5109038167 10
19552 42.3831160667 -71.0978011 1
19554 35.4731304959 -97.5171160698 85
19555 47.625415416 -122.5198209286 5
19556 46.9413144667 -122.6077155333 1
19558 51.0455260833 -114.0319097 4
19559 51.0446110167 -114.03104155 1
19560 33.4349357962 -111.9946659659 16
19561 51.0452060833 -114.03001305 1
19564 61.1603748496 -149.9049496651 16
19565 28.5551468167 -81.3331781667 93
19566 51.04465465 -114.0275159667 3
19567 30.2862839167 -97.7647660167 27
19569 51.0447393167 -114.02916895 4
19570 51.0460169333 -114.0258143 2
19571 35.7418098833 -86.9378035333 15
19572 37.4144820735 -122.0770740509 97
19573 53.9603465224 -1.0875713825 1
19574 35.7407875667 -86.94125335 18
19575 32.5422331833 -97.3208374 34
19576 32.5426372833 -97.32092395 10
19578 37.7615074333 -122.4247361167 71
19579 37.4139494781 -121.9014027715 4
19580 30.2114320638 -97.6637578011 45
19581 39.7350957061 -104.9932157993 15
19582 47.36318027 -122.10947984 1
19583 35.76661014 -86.90378051 1
19585 46.2208679667 -119.2246334833 17
19586 37.3866209 -122.2642798667 3
19587 47.6108615829 -122.3442247996 1
19589 29.7132050833 -98.11260795 2
19590 37.3727171667 -122.2072347833 3
19592 29.76753503 -95.39563411 3
19593 30.3315208667 -97.8097480833 35
19595 30.2923254667 -97.8252691167 20
19596 30.2916171077 -97.8250229359 183
19597 30.2907068333 -97.8263250333 4
19598 32.7093648167 -117.15590255 11
19599 33.7717631842 -84.389333725 129
19600 37.5291233833 -122.28757035 106
19601 46.2518868667 -119.1130753333 4
19603 32.8829388667 -96.9635536667 23
19604 46.2714104167 -119.1836370833 7
19605 46.2773762167 -119.1868339833 2
19606 46.2740098333 -119.1855149667 3
19607 46.2717724833 -119.1872846333 3
19608 34.1086188347 -118.2716440798 44
19609 32.9329025232 -97.078280968 22
19610 37.4150876 -122.0804588667 102
19611 33.1165310167 -117.12021445 126
19612 37.3804219167 -122.0739052833 100
19613 33.1354848699 -117.1846926212 33
19614 42.3581296782 -71.0281307995 2
19615 51.7649879667 -1.2609740667 3
19616 51.7623794333 -1.27448225 1
19617 41.2574468667 -72.0310352833 2
19618 51.7637997167 -1.2802322667 1
19619 51.765646 -1.2872741167 4
19620 39.700616238 -104.9709749222 44
19621 51.7688623639 -1.2971699238 1
19622 51.7641717667 -1.2806764333 1
19623 39.04868894 -84.6481083 3
19624 28.5553385 -81.6376904667 2
19625 41.87790945 -71.3824528833 2
19626 41.8688497663 -71.3869714737 3
19627 28.4749158913 -81.4507913589 72
19629 41.8540151667 -71.3811295 2
19630 30.4005846167 -97.6840033 72
19631 46.2511073333 -119.1163540167 7
19632 40.59376045 -89.53294045 1
19633 32.9692669333 -97.0353968 7
19635 32.9691533667 -97.0357590333 4
19636 51.752121375 -1.2567383051 5
19637 32.9703492667 -97.0356644 5
19638 32.9663720333 -97.0379933 27
19639 32.96567335 -97.03850955 3
19640 51.7522652167 -1.2559453833 5
19641 32.9639146 -97.0393920833 14
19642 51.7523322167 -1.2555055 5
19643 32.9645778 -97.0388400167 29
19644 32.96367235 -97.0397736167 7
19645 32.9632594167 -97.0402137667 7
19646 33.10944145 -117.1775669 3
19647 32.9629917333 -97.0406483167 3
19648 32.9622492 -97.0413893667 26
19651 32.9607384167 -97.0430832667 8
19652 29.1761269 -82.15683085 3
19653 33.1092650333 -117.1768919833 1
19654 32.9560732667 -97.0445360167 23
19655 30.2961287667 -97.8333772167 24
19656 51.7501633333 -1.2572589333 8
19657 33.1092319833 -117.1765039833 1
19658 51.7502948667 -1.2558766 3
19659 32.8672468186 -96.7743426561 23
19661 42.9848315167 -81.2463070333 3
19662 40.7281807 -73.8390146667 4
19663 30.3065250167 -97.7355692333 36
19664 42.39804661 -71.12694913 2
19666 37.9544101833 -122.5480575 5
19667 29.4249926759 -98.4868258238 11
19668 32.785697937 -80.0067520142 1
19669 29.4261229333 -98.4866782167 47
19670 47.1395039 -91.4698763 13
19671 39.9671066333 -75.1722764667 12
19672 37.3508165054 -122.0496940613 8
19673 39.9683553977 -75.1726412773 19
19674 47.6073493453 -122.3378276825 79
19676 42.9912921833 -81.2507445 7
19677 30.2652574269 -97.74543643 28
19678 42.98177615 -81.2576229 2
19679 27.7186141167 -97.3944840333 7
19680 32.98479105 -96.909117 12
19681 33.5612086307 -86.7549133301 3
19682 37.4445658167 -122.1629589833 28
19683 27.6855274333 -97.34071335 44
19684 30.301744476 -97.744897306 320
19689 38.6683511333 -93.2511217667 2
19690 37.6584986833 -122.3788908 6
19691 38.6989144 -93.24960607 1
19692 42.9853155143 -81.2447923422 13
19693 29.5715219833 -98.4789221667 36
19694 32.5639385833 -97.3222429333 2
19695 28.3846481667 -81.4995432833 1
19696 37.6620589833 -122.3747345833 6
19697 46.220223 -119.23555415 3
19698 39.9524289 -82.9910196333 8
19699 32.6790217333 -97.1287485 11
19700 42.9864291667 -81.2504127833 6
19701 42.9836158 -81.2497422833 8
19702 32.6792389 -97.1327695 12
19703 42.98219715 -81.2517270667 16
19704 30.2727265667 -97.756431 110
19706 40.7697337758 -73.9543916458 50
19707 29.4249346333 -98.4882722667 32
19708 42.9768171833 -81.2449573333 3
19709 39.6654135167 -105.2058659667 110
19710 37.9367849333 -122.5343354833 2
19712 35.4830613167 -97.5259866333 20
19713 40.78070265 -73.97911083 16
19715 32.8996296622 -97.0389862842 9
19717 53.074781837 -0.809828639 1
19718 30.31197585 -97.8261795167 16
19719 30.3191193167 -97.8202560667 13
19720 42.4292060319 -71.3343894482 2
19721 40.7994190552 -73.9222383499 37
19724 47.6323432333 -122.3615614 35
19725 30.4859961077 -97.6618051529 48
19726 51.7707234667 -1.23690085 1
19727 42.3663282 -71.1050911833 5
19728 33.0173902259 -96.7094814777 67
19729 42.99167805 -81.2517729333 5
19731 43.0286768667 -81.2781926667 13
19732 42.9833023541 -81.2446582317 4
19733 32.9525308 -96.85152208 13
19734 29.4247029863 -98.4861445427 40
19735 43.0087417059 -81.3346148069 3
19737 42.9778047833 -81.2419064 2
19738 42.9860651667 -81.24593745 12
19739 40.83295815 -73.8602818167 6
19740 40.0163337051 -105.2578961849 41
19741 42.99661235 -81.2602394667 2
19742 42.99171815 -81.2596323333 4
19743 42.9888969833 -81.2567419167 2
19744 42.98574865 -81.2571429667 1
19745 43.01048125 -81.1754245667 2
19746 42.98159335 -81.25664115 1
19747 42.9811512333 -81.25425505 2
19748 42.9830158 -81.2472384 3
19750 43.0040205 -81.2031118333 2
19751 32.83523786 -96.99918216 2
19752 51.7535559909 -1.2591791153 9
19753 42.9878375667 -81.2474501833 7
19754 51.7530558333 -1.2607023 4
19755 51.7531372333 -1.2606049167 4
19757 42.9885446333 -81.2486632167 9
19758 34.0781651 -118.26226565 1
19759 42.9898186833 -81.2506900667 10
19760 34.0829554333 -118.2192547833 1
19761 29.5688446167 -97.9643146 9
19762 40.7250228232 -73.9991104603 223
19763 37.796042559 -122.3942828178 129
19764 37.7970768553 -122.3954415321 78
19765 29.5718929333 -97.9827876833 2
19766 29.5732331258 -97.985086441 6
19767 29.57263315 -97.9835698167 2
19768 29.5729313 -97.9826169833 2
19769 29.5727297 -97.98196745 2
19770 29.5731214333 -97.9818476167 2
19771 29.5729747 -97.9834860833 2
19772 29.5718317167 -97.9849278 3
19773 49.2787108833 -122.7976855667 17
19774 49.2753473644 -122.798743844 2
19775 49.2738861 -122.7993043833 1
19776 30.2762688167 -97.7489585833 11
19777 40.7222664105 -73.9873945713 79
19779 38.9255289667 -94.3790831 2
19780 43.7453159833 -79.4369579167 1
19781 43.7510118167 -79.4345270167 1
19783 30.3061076247 -97.7085431851 42
19784 43.7527956 -79.4342361167 1
19785 43.75201845 -79.4358787667 2
19786 47.71583735 -117.4369147 1
19787 47.61483095 -122.0340970667 24
19788 42.9858323333 -81.2429463167 3
19789 34.0695605833 -118.2548523 1
19791 47.8430181167 -120.02527585 1
19794 37.7664023833 -122.4105815333 42
19795 40.7476809 -73.9836359 25
19796 38.79257529 -104.80137312 9
19797 40.7499960848 -73.9907097816 32
19798 59.33473315 18.08529945 78
19799 59.3352058675 18.0776166916 34
19800 40.4972596243 -74.4457679987 28
19801 32.9749270104 -96.7172384262 56
19804 32.7699844786 -97.0629648569 7
19805 32.75550675 -97.33163825 5
19807 32.7529615167 -97.33039285 12
19808 32.9812900213 -96.701952668 6
19809 34.1547157596 -118.4671425819 110
19810 40.7796859741 -89.6212615967 1
19811 39.05756255 -94.6053479 14
19812 40.7342344305 -74.1645169258 234
19814 32.9762500762 -96.7213368416 65
19815 40.7036399667 -74.0161028167 21
19816 38.8960770167 -77.0198554667 18
19817 40.7040948101 -74.0137338638 14
19818 47.66484385 -117.1976002333 1
19819 40.70688015 -74.0124624833 8
19820 47.6674990333 -117.2391549833 1
19821 34.18236245 -118.3109233833 9
19822 40.7071727167 -74.0105454333 31
19824 39.6064800167 -105.9419801667 10
19825 32.7760735289 -79.9339157722 2
19826 42.9854564833 -81.2480549333 13
19829 51.7536476 -1.2589536167 6
19830 51.7535788833 -1.2564420333 5
19831 51.7544881 -1.2566660667 8
19832 51.7543629833 -1.2580448167 3
19833 51.7551300308 -1.2610673904 10
19834 51.7551298167 -1.2599041 17
19835 51.7573740167 -1.2602445333 6
19836 51.7576884833 -1.2603487 2
19837 51.75894525 -1.2610987 4
19838 37.79659595 -122.4051245333 59
19840 37.7783519 -122.3967289333 68
19842 34.1651718333 -118.3454482333 1
19850 37.7980789914 -122.3961086833 61
19851 40.7679384333 -73.9850899667 5
19852 42.9847611167 -81.2465765667 16
19853 37.7893530167 -122.4008618 4
19855 28.4326757697 -81.4701783657 59
19856 40.49651555 -74.4442569333 8
19857 41.8974177939 -87.6250380278 33
19858 32.9666682833 -96.8209652667 332
19859 32.7978448605 -96.8051612377 65
19860 30.4487176128 -97.7922195196 34
19861 32.35346555 -97.39466679 3
19862 47.75125965 -117.3960102833 6
19863 37.7276527134 -122.475858769 13
19864 37.7956085 -122.4195287 8
19865 37.72794405 -122.47721895 8
19866 32.909297895 -96.7478907108 5
19868 49.3794077537 -123.0828970671 3
19869 30.6318054337 -96.331563592 28
19873 37.7709691333 -122.41279375 83
19874 40.79969823 -73.96747386 4
19875 59.339726052 18.0356107513 36
19876 40.7985914167 -73.9637380667 1
19877 32.974991065 -96.7175318513 2
19878 32.7439437833 -117.1606355167 32
19879 38.9591941 -77.3599236 6
19881 38.9583834667 -77.3608194667 15
19882 34.1505209669 -118.4215392496 15
19883 38.9588945833 -77.3611142167 8
19884 40.761293492 -73.9768578226 25
19885 51.7690458667 -1.2977517167 1
19886 51.7676169333 -1.2697704333 1
19887 51.7681131333 -1.2665579 1
19888 33.0980449833 -96.1053089 1
19889 32.9747424996 -96.7143577337 131
19890 38.9989524833 -94.5939345333 19
19891 37.5678628292 -122.2673660517 1
19892 38.3906512167 -85.43837075 1
19893 37.780102392 -122.4165666103 47
19894 43.13940265 -93.3782804667 1
19895 53.64649969 9.92855632 16
19896 38.80239546 -104.81961393 8
19897 51.7558138833 -1.2610027667 1
19899 51.7552421 -1.2614020333 3
19900 49.2398948 -122.9977557 3
19901 49.2415526833 -122.9979618333 13
19902 49.2445035833 -122.9965152167 4
19903 39.7037758 -104.9803292667 2
19904 53.57680594 9.94823992 1
19905 37.8717452617 -122.2622215748 4
19906 40.7726869667 -73.9711328833 47
19907 42.9859246333 -81.2421323833 1
19908 33.7617539 -118.0237574333 3
19909 39.10086775 -94.5887037833 12
19910 43.9565303667 -70.5587463 1
19911 35.9050938968 -78.9434945583 111
19912 42.9858585667 -81.2507616 7
19913 39.0972785192 -94.5812451839 17
19914 42.99046065 -81.2510252833 16
19915 39.0845660833 -94.5852167833 8
19917 29.9605647477 -90.0624957211 11
19918 40.0158242617 -105.2827548981 51
19919 40.775479952 -73.9747345448 97
19920 30.4010520437 -97.7268111706 53
19921 40.7768123854 -73.9761185646 43
19922 59.3518812058 18.2288478058 2
19923 30.3997426409 -97.7269935608 65
19924 43.9696593833 -70.6021189667 3
19925 42.9792897667 -81.2473406 3
19926 40.7775056333 -73.9639888 21
19928 30.4201410833 -97.7017284167 46
19930 39.9451382157 -74.9612350844 20
19932 38.8374984 -77.0513756667 10
19934 30.2748515 -97.7648347333 112
19935 29.96471425 -90.0530912 2
19936 38.95746485 -77.3576324667 9
19937 43.4275658667 -89.7316512 2
19938 41.9746547625 -87.890689373 59
19939 29.5476693 -95.0169518333 44
19940 34.0524905285 -118.3103299141 10
19941 49.2609891833 -123.0336849333 7
19942 40.71920251 -73.99224954 9
19943 37.7678089333 -122.46431665 66
19944 40.75593585 -73.9677998833 3
19945 53.2076647045 -0.6162106991 3
19947 53.2349330212 -0.5644011497 1
19948 33.2029581667 -96.6791726333 5
19949 59.3175353681 18.0834746361 94
19950 33.2155432167 -96.6381754333 8
19951 51.7687780333 -1.2555915 6
19952 53.2272681711 -0.5457276106 5
19953 53.2282974022 -0.5489087105 5
19954 33.6621269167 -95.5566981833 1
19955 33.6613291833 -95.5557480667 2
19956 33.66083755 -95.5568520167 4
19957 33.4711161833 -95.21381745 8
19959 38.7423688309 -90.365896225 612
19961 38.6629582786 -90.5674675086 5
19963 30.45992775 -97.64937215 1
19964 32.8914312 -96.9595002833 40
19966 29.541052 -95.0205915 11
19967 32.8893385833 -96.95825915 31
19968 32.89216905 -96.9604584333 10
19969 32.8922787833 -96.9603980333 18
19970 38.6691717361 -90.5904052333 1
19972 33.0273574355 -97.4557042122 2
19973 32.9829831167 -97.1596856667 10
19974 30.2422989667 -97.76144195 15
19975 51.7602462769 -1.258354187 7
19976 32.9130739 -96.9615483167 28
19977 32.9129149333 -96.9616555667 3
19978 32.9111622667 -96.9612261167 5
19979 32.9111622667 -96.9612261167 7
19982 40.5634105833 -74.3386374167 3
19983 43.1396288167 -93.3897476833 1
19984 32.7213613167 -97.3586566 31
19985 32.72183395 -97.3586241667 30
19987 32.7227405667 -97.3580296333 25
19989 45.6235537167 -122.5813824333 12
19990 43.4143185833 -89.7208491 3
19991 32.9451651 -97.1298722167 10
19992 32.9443279167 -97.1307763667 18
19994 32.94568335 -97.1301249333 24
19995 32.9425527333 -97.13225845 5
19996 37.5396442667 -122.3001188333 2
20002 38.6394316833 -122.9011751167 1
20003 33.6495780333 -95.6570692833 1
20005 32.8810565 -97.1559966833 1
20006 32.8813126133 -97.1559754014 1
20007 32.8900939667 -97.1471674333 1
20008 38.6730587167 -122.93469745 1
20009 32.9322583833 -97.0846249167 2
20011 33.2069283167 -96.7325892833 3
20012 33.2063193 -96.7308635333 1
20013 33.1953231167 -96.7125628667 1
20014 33.1968568667 -96.7051912833 11
20015 38.8957424637 -77.0557236671 57
20017 47.6567140303 -117.4266226832 8
20019 30.3899765667 -97.8714760667 23
20021 32.8839676667 -96.9644368 14
20022 37.99775225 -84.4988901333 1
20023 32.8946422943 -97.2561595467 14
20024 41.9645719796 -87.8182375431 1
20025 34.0719924833 -118.3603844833 92
20026 32.8513551667 -96.83329845 33
20027 37.6813976333 -97.3451697167 16
20031 59.3401219795 18.0324804783 73
20032 58.0592184219 11.7804336548 82
20033 47.7103811833 -117.4065113667 3
20034 33.1980997723 -96.6819083691 1
20035 57.8866083333 11.5888132 70
20036 33.1973362167 -96.6160704667 14
20037 33.1967887 -96.6158328833 15
20038 33.1998830667 -96.6149444167 2
20039 57.8870765 11.5848509333 3
20040 57.8871138667 11.5822755333 3
20041 53.0770989628 -0.8077794313 3
20043 28.433826796 -81.3159942627 6
20044 57.8624739167 11.9979216333 35
20045 30.2249578833 -97.7628681667 8
20046 42.023247 -87.84514176 2
20047 37.7765355184 -122.4079426477 6
20048 39.8493862 -104.6744806 10
20049 42.0095748901 -87.8877639771 6
20050 37.9354373 -122.5353366167 3
20051 48.2973718833 14.29667025 1
20058 51.7524644 -1.2557712667 3
20060 51.7529882667 -1.2559672333 2
20061 51.7529882667 -1.2559672333 5
20062 51.7529685167 -1.2583908167 2
20063 30.2620048281 -97.7416920662 287
20064 32.90405235 -97.1856116167 4
20067 32.9219235333 -96.9926333333 22
20068 32.9245939333 -96.99244475 8
20069 35.22467952 -80.84285247 3
20070 32.89957654 -96.96706694 10
20071 38.0008029833 -122.4612112667 2
20072 37.5650585771 -122.3227214813 25
20073 32.9579796667 -97.3079275 13
20076 29.73798365 -98.1040811333 5
20077 29.7389110167 -98.1034822833 14
20078 42.9787896833 -81.2627680167 3
20079 42.97258225 -81.26198515 2
20080 33.3655944833 -97.01164535 5
20081 33.1007019167 -96.8266024167 45
20082 32.7125157667 -117.1547861833 26
20083 37.9728807012 -122.5256364103 1
20084 29.7387754 -98.1033692 2
20085 34.092138 -118.2649800167 15
20086 42.98259835 -81.2540777167 2
20087 51.5237587667 -0.0765014333 64
20088 42.8478747667 -73.7516342833 2
20089 29.7730010833 -95.75215735 2
20090 47.4986043688 -122.2032880783 14
20091 34.61477279 -120.1928991 21
20092 33.5081177335 -82.1084680015 1
20093 33.3814742517 -97.0320653915 4
20094 26.7073689 -80.2010772 8
20095 27.70880935 -97.3616876 1
20097 33.1746887167 -96.64128675 13
20098 33.1750675667 -96.6411950167 7
20099 33.1739910167 -96.6424424833 4
20100 33.1731202667 -96.6416902 13
20101 33.1728229167 -96.6414782 17
20102 33.1702727667 -96.64289245 19
20103 33.1685824333 -96.6424167333 18
20104 42.3651872292 -71.0610079765 26
20105 28.5512524 -81.5307001833 6
20106 28.5513167667 -81.5328964167 6
20107 33.1985549927 -96.7068862915 3
20108 38.8944994 -77.0704405833 3
20109 38.8942294333 -77.0710690167 18
20110 33.1751554443 -96.6963113721 39
20111 35.91412375 -79.0540981333 7
20112 38.91129785 -94.7688343333 86
20113 35.9134860555 -79.0551710129 23
20114 35.9133578879 -79.0549618006 4
20115 32.9870996016 -96.8405255329 2
20116 32.8655982333 -96.9313773167 20
20117 32.86357915 -96.8963805333 4
20118 45.5482857333 -122.6520945167 6
20119 37.7622443333 -122.2446107167 3
20120 29.424936607 -98.499673605 101
20122 38.9520717842 -95.2348561934 45
20124 32.9254837036 -97.0855331421 46
20125 38.6476096833 -121.5112466833 2
20126 25.7020844667 -80.3577493833 5
20127 34.055806101 -118.2357430458 216
20128 37.7992520667 -122.4487369 3
20129 37.7994767833 -122.4496098167 7
20130 35.22556436 -80.84178501 2
20131 33.070712469 -96.691467762 103
20132 34.0572516667 -118.2380802 8
20133 34.0587017333 -118.2400276 25
20134 29.9554443359 -90.0683670044 13
20135 37.93352935 -122.5357119167 1
20136 37.7530667333 -122.3934322833 16
20137 29.5635376025 -98.4784305096 4
20138 32.8206356833 -96.8020279 40
20139 37.8006736167 -122.4383276 117
20140 40.6240386167 -89.46134315 4
20141 40.6863729125 -89.5947063164 29
20142 37.7943141466 -122.4236372468 8
20143 26.11490303 -80.14952987 3
20145 32.3955620333 -91.1987666333 4
20146 37.7874369917 -122.4100649357 29
20147 37.7874198638 -122.4098061987 57
20148 58.0710537333 11.68883915 16
20149 58.0932584 11.7006016667 11
20151 58.1039723833 11.5075876333 5
20153 52.38233935 4.6331744 8
20154 58.0728244167 11.4714634 2
20163 37.8447646428 -84.3227855392 1
20165 33.5103816167 -82.0969274833 1
20166 51.7769417833 -1.2983278167 1
20169 51.77835835 -1.2990944167 1
20171 43.0136986833 -81.3058708333 2
20172 33.0725914833 -117.2662248 7
20173 39.5468780333 -74.2522189667 1
20174 32.9403379 -97.0997424 5
20176 32.7563631917 -97.1690339125 1
20177 51.5173736333 -0.0961542 22
20178 36.35631573 -94.24182367 2
20180 51.7802075667 -1.2994199667 1
20181 39.7109144333 -75.74209245 4
20182 40.74557131 -73.98466134 24
20183 30.0967362 -98.4218993 3
20184 30.0967727167 -98.4218675 4
20185 30.2348764833 -97.79353815 12
20186 34.8396524388 -87.6369826226 1
20187 39.6833081148 -75.7466769218 12
20188 36.02103145 -83.8581792167 14
20189 42.3794086333 -71.10352225 4
20190 52.3782969167 4.6314628667 4
20192 35.77223195 -83.9850751667 2
20193 43.8578480844 -70.1033198833 53
20194 47.38216263 -122.2467879 1
20195 30.35797725 -97.7299770833 9
20198 32.9441746167 -97.13303065 7
20200 32.83919125 -97.08045995 9
20201 42.3807964333 -71.0969216167 35
20205 33.089392605 -96.683730402 38
20206 52.37954435 4.6319730333 4
20207 33.1984641833 -96.7080260333 4
20208 33.19821715 -96.70719605 5
20209 33.1984354667 -96.7071823333 30
20210 34.8388791333 -87.6358709667 2
20211 47.5270925333 -122.6882489333 3
20212 32.7972364333 -96.8006229333 80
20213 35.9628237167 -83.9209377167 9
20214 39.0393779897 -94.5923066139 17
20216 35.9624208667 -83.9223020667 8
20218 32.9414286833 -97.1193905167 7
20219 37.9732065 -122.5302637333 84
20220 39.1263571833 -94.8259352 15
20221 35.9624859636 -83.9242606562 3
20222 29.9576018167 -90.0635016667 17
20224 35.9629993 -83.92099195 11
20225 37.5384407167 -77.4338797833 9
20227 33.3812726772 -97.0313948393 3
20228 35.9641097 -83.9185737667 10
20229 47.6249031333 -122.51945915 4
20230 35.9655052167 -83.9196989167 39
20232 29.9574343735 -90.0621374274 11
20233 32.9403138333 -97.0784679333 5
20234 37.5386127333 -77.4324779167 3
20235 33.0676580833 -117.2664256833 4
20236 37.5397503333 -77.4339774833 1
20237 32.9369043167 -97.0783373167 6
20238 33.0021853624 -96.7650353909 22
20239 47.6245773212 -122.5176352715 3
20240 32.9259139 -97.0778392833 13
20241 47.6245629667 -122.51760005 4
20242 38.80614145 -77.0479377667 13
20243 37.533383266 -77.4284922456 8
20244 33.0279915333 -96.7690516833 2
20245 33.0266209164 -96.7698950399 6
20246 29.9559115167 -90.0635721667 6
20247 33.0419150167 -96.7697120333 7
20248 29.9552934572 -90.0640402635 7
20249 35.9620249175 -79.0557745099 5
20250 33.1297822667 -96.73238665 12
20251 39.9330714595 -105.1331090927 81
