500 122 378 167 27.924 91 283
17343 47.5398292167 -116.1334517167 3
17344 40.0263701833 -76.2062810167 4
17345 43.0745169833 -89.3802078667 37
17346 47.621371 -122.35308685 13
17348 39.9411168121 -75.0254631042 73
17351 39.7195226667 -104.9563966833 90
17352 37.8064334333 -85.4540634 3
17355 34.0774474692 -118.4744918346 85
17357 39.7593910333 -105.01111705 47
17358 37.39802695 -121.9243643167 12
17360 52.9106668107 -0.6402942538 1
17361 52.311154 -114.0936963 1
17363 32.9885845429 -96.9927382151 4
17364 33.1790550833 -102.28128895 4
17366 39.743908 -104.9913881333 7
17368 39.7436510082 -104.9912524223 7
17369 52.9106862211 -0.6450524926 1
17373 45.5201734333 -122.6701518667 1
17374 47.5880364333 -122.0406133833 4
17375 37.7556642667 -122.4094543167 61
17376 45.5225031125 -122.6707005501 76
17377 37.7560834 -122.4095135667 2
17378 37.7573797667 -122.4095996 7
17379 37.7590554833 -122.41157525 83
17380 45.5238730571 -122.6758477092 75
17381 37.7591791667 -122.4121939333 91
17382 37.7590033667 -122.4126632 35
17383 32.6571203 -97.1322509667 2
17384 37.75902125 -122.4145796167 56
17385 37.75869495 -122.41588465 90
17386 37.7573834167 -122.4161100667 5
17388 37.7555353 -122.4153856833 4
17389 37.7546407833 -122.4154362667 1
17391 37.7533143167 -122.4160899 5
17392 37.7523533667 -122.41487485 5
17393 37.7525708333 -122.4142331333 102
17395 37.7510694667 -122.4107340333 1
17396 35.1911032167 -106.4794839 13
17397 45.5240816466 -122.6754963398 111
17398 37.7526873018 -122.4095429911 43
17400 37.7527112667 -122.4093208333 6
17401 37.7526851667 -122.4089780833 4
17402 37.7527671808 -122.4083375931 63
17403 37.7529402667 -122.4083775833 2
17404 37.75291915 -122.4073854333 1
17408 30.2673281 -97.7402144 37
17409 37.7531939333 -122.40619315 4
17410 37.7552856333 -122.4053969 12
17411 37.75675855 -122.4036222833 7
17412 37.6820000833 -122.4874514833 9
17413 37.7581422333 -122.4040159667 30
17414 37.7589509284 -122.4049043655 28
17415 37.7587839 -122.40416795 7
17416 37.7620942333 -122.4057557667 13
17417 40.645919692 -73.7779355049 325
17418 43.0726104833 -89.3849303 6
17419 37.75701005 -122.4084650667 2
17420 45.5398339167 -122.61152855 2
17421 32.7103538 -117.1555032167 13
17422 32.7104494333 -117.1555297333 1
17423 32.7098166677 -117.1554994583 3
17424 38.9131879667 -94.7628521833 29
17426 32.7082748202 -117.1592027307 8
17427 32.7082425333 -117.1596813833 1
17428 37.7601953667 -122.5081014167 5
17429 30.2670041485 -97.732180953 76
17430 37.4805882333 -122.2242650833 7
17431 38.89724582 -77.02238339 21
17432 33.2060973333 -96.7322442667 4
17433 38.6115661167 -122.8704624333 2
17434 47.7944110477 -122.2168493271 3
17435 52.2117114833 -113.8198249333 6
17436 38.8095465 -97.5947838333 1
17438 52.2488288667 -113.764897 6
17441 29.5737657167 -95.0271898167 1
17442 37.75671195 -122.41872295 93
17443 29.9209729167 -95.6056927 28
17444 37.7608082 -122.4339337 17
17446 -33.7929507685 151.2876176834 16
17447 40.62969445 14.3748807833 12
17449 40.7473254167 14.4848084333 2
17450 40.7483875667 14.4891214333 14
17451 37.3860560667 24.8799570167 3
17452 40.6261861167 14.3758249167 6
17455 51.4162109667 -1.8609305667 1
17456 32.9476481 -97.0686983667 7
17457 44.9572822567 -93.2237040997 17
17458 41.4956003833 -75.1053667667 2
17459 45.5186994151 -122.6785755157 23
17461 32.82848155 -96.82893693 5
17462 44.9703057 -93.2891680667 46
17463 42.48234707 -83.1632297 1
17464 41.9108507685 -87.6533532626 7
17465 32.89374865 -97.1044327833 256
17468 43.0718256667 -89.3797742 18
17471 34.8552783667 -82.3312695 2
17474 33.5514277 -117.72000795 2
17475 37.7765811016 -122.4247473478 62
17476 38.0251300333 -84.5019221167 1
17477 38.0249798167 -84.5018148333 1
17478 38.0256128167 -84.50155735 1
17479 38.0332839333 -84.5016217167 1
17480 38.0332303 -84.50160025 1
17481 38.0332303 -84.50160025 1
17483 38.0332410333 -84.5016431667 18
17484 42.9785302333 -81.2475305 3
17485 38.0294859333 -84.4907641333 3
17486 38.02982925 -84.4908928833 5
17487 38.0295610333 -84.4897985333 12
17488 38.0231881 -84.4747996167 1
17489 42.9891363833 -81.2488881667 36
17491 38.0160319667 -84.4694352 1
17492 30.3077629674 -97.7398145199 18
17494 45.5049734 -122.5730727 6
17496 38.4363364 -122.7190455667 1
17497 38.84097685 -97.60915055 1
17499 39.6946103333 -104.9410027 20
17500 45.5047571167 -122.5745324833 3
17501 32.8014202333 -96.80610295 8
17502 38.2575221333 -122.6499818667 9
17503 39.2498184167 -94.6605016833 13
17504 32.7817024996 -96.7973935604 31
17505 45.5120124 -122.6268745833 4
17507 38.8861158833 -76.9963784333 57
17508 38.8861068833 -76.99645595 1
17509 39.7434282703 -104.9803841114 52
17510 45.5118054978 -122.6254677773 56
17511 41.9138540634 -87.6533686415 6
17512 45.51212155 -122.6250619667 15
17513 37.7252686667 -122.4629838167 8
17514 38.8867686601 -77.0013621803 19
17515 33.7707880667 -118.01046795 1
17516 38.8870986667 -77.0027324667 6
17517 40.17234355 -105.1037046667 5
17519 45.5087679969 -122.6658940315 55
17520 30.2838023333 -97.7383406333 15
17521 30.1852620333 -97.8747413 11
17524 30.2859172531 -97.7403509617 17
17525 38.7910506555 -104.8504203558 24
17526 39.0506711667 -94.5980687833 88
17527 30.3732680167 -97.7305582833 62
17529 39.0621186 -94.5976492333 2
17530 39.0633246833 -94.6002467167 3
17531 41.0891315167 -74.0136424 1
17533 39.0619505333 -94.6000703833 3
17534 39.0600671 -94.6006985667 4
17535 39.0598278167 -94.6010412333 2
17537 30.9650614244 -95.8803892136 199
17538 39.5654024333 -74.2434147667 1
17539 39.0535165667 -74.7615481167 1
17540 37.4443000333 -122.1407458 4
17541 38.86014068 -104.91781121 1
17543 37.561095451 -122.2824990749 7
17545 45.5315076793 -122.6944434643 10
17546 47.7174735 -122.1657161833 3
17547 41.8960237 -87.6329009 10
17548 47.63060845 -122.1560861167 11
17549 30.24783225 -97.7549419833 218
17550 33.0306617167 -96.69938955 8
17551 33.7526196333 -118.1901673833 37
17552 33.7642396833 -118.1989542167 9
17553 22.277818667 114.1594907641 6
17554 33.7647896833 -118.2023547833 6
17555 22.2712958197 114.1501218081 16
17556 45.5155194469 -122.6792299747 15
17557 45.5171658358 -122.6814186573 17
17558 37.8508186333 15.2803087167 5
17559 37.8510224667 15.2826905167 5
17560 37.8516983833 15.2856945833 8
17561 37.85402655 15.28850555 2
17562 37.8526210667 15.2909731833 4
17563 37.8524601333 15.2921962667 6
17564 37.6869678333 15.10296105 2
17565 37.69831895 15.0050497 4
17566 37.6971495 15.0053715667 3
17567 33.5003306204 -86.7963695526 12
17568 39.05416875 -74.7596318 1
17570 39.0542757333 -74.7599086333 1
17573 39.0553743833 -74.7598887 17
17574 39.0549692833 -74.7604613167 2
17576 39.0548291667 -74.7609712167 6
17577 39.0556054333 -74.7623265167 2
17579 33.762041537 -118.1967759132 73
17580 33.7622465333 -118.19408095 6
17582 33.7440035 -118.1881866833 1
17583 33.75457665 -118.1964891 6
17584 32.7518159576 -97.3302519321 41
17585 37.3980819 -122.0681798167 4
17591 33.9527626667 -118.3968384167 25
17592 39.04249165 -74.7627994 1
17594 33.92475495 -118.4158870167 4
17596 42.6527513167 -73.7687743167 7
17597 42.6527674167 -73.7683926 9
17598 33.1052148762 -96.8068137875 9
17599 30.4822423182 -97.657020092 34
17600 30.2369534281 -97.7494597435 196
17601 45.52512795 -122.71655245 14
17602 39.0442360953 -94.6207433939 120
17603 38.7856703 -97.6122800167 2
17604 38.9171072668 -77.0290088654 63
17605 32.7539261167 -97.35416135 13
17606 45.5327590347 -122.6985633373 24
17607 32.7530854333 -97.3541863833 13
17608 32.7514245333 -97.35320795 37
17609 32.7280120333 -97.3636131667 12
17610 32.7276078667 -97.3631741833 39
17611 32.7276116 -97.3629281333 59
17612 45.5263967498 -122.6844120026 23
17614 40.7411212878 -73.9873410357 4
17615 38.9256668091 -94.5850372314 16
17616 47.7031359833 -117.4115319167 1
17617 47.7138436667 -117.41173365 1
17619 40.1552210833 -105.1027104667 3
17620 32.8806881667 -97.10171735 1
17621 30.31578385 -97.7415171833 76
17622 30.2720588096 -97.754137516 16
17623 33.9200237667 -118.4302632 5
17625 39.6786387604 -104.9623703957 47
17626 41.31989805 -73.9849197667 7
17627 40.6083586333 -89.4618934333 4
17628 52.24031794 -113.80191224 9
17629 47.3557259833 -122.1212508333 5
17630 32.7311278833 -97.3891168 14
17631 47.6604844167 -122.3089718167 4
17632 32.7726183667 -97.4745860833 3
17633 22.2863862674 114.1613441706 17
17634 34.1076599 -118.2653622 2
17635 43.90393775 -78.9341377 1
17636 41.9032253051 -87.6714009237 18
17637 36.03449255 -83.9314087167 2
17638 43.9054460167 -78.9303739167 1
17639 38.79792982 -97.61236506 1
17641 47.62814545 -122.1362311667 2
17642 40.1331183553 -105.1077620741 7
17645 45.5230556045 -122.6812309027 264
17646 32.9430346419 -97.0993384886 8
17647 40.7209616333 -74.0510982333 1
17649 32.9431448167 -97.0996765333 6
17650 32.9431448167 -97.0996765333 1
17651 45.5219994756 -122.6814830303 61
17652 47.6621447575 -122.2993168487 25
17653 37.7848932823 -122.4049580097 77
17654 45.5644695282 -122.6299524307 101
17655 45.52493103 -122.684006989 21
17657 38.4220385333 -96.2188651833 15
17658 39.0475004121 -94.5836793773 4
17659 38.4234068167 -96.2163148667 10
17662 37.7849102407 -122.4050652981 44
17664 39.0542365833 -74.7581916 1
17665 39.0544267833 -74.7580165667 1
17666 37.7529029064 -122.4083912373 20
17667 37.7528160833 -122.4100407833 9
17668 43.8279461833 -79.3059114167 26
17669 39.0466525667 -74.7672712167 1
17671 45.5212783333 -122.6764279833 37
17673 30.2411453253 -97.7528741956 53
17674 29.8899506079 -97.6716703176 52
17675 42.5775609 -83.3617042833 13
17676 39.0506113667 -94.5969479333 23
17677 45.5053389 -122.6154255833 23
17678 32.7508404833 -97.3293912333 14
17679 32.75252465 -97.32978175 13
17680 40.912766657 -73.7835359573 21
17681 32.75607965 -97.3317083833 19
17682 32.7210423 -117.1658933333 8
17685 30.2753598167 -97.7558666833 33
17686 37.756988083 -122.4166420424 37
17687 47.24576335 -122.4335731 16
17688 37.7574158333 -122.41049625 19
17689 47.5996252833 -122.3302026333 33
17691 52.2866215167 -113.8101321833 1
17692 32.7748434333 -97.3688097833 6
17693 38.889849 -77.01305215 22
17694 47.5991170162 -122.3318731785 72
17695 30.2845768833 -97.7346977 15
17696 37.763099645 -122.4109768867 163
17698 42.09863885 -88.2785397333 12
17699 39.7196130833 -104.9574983833 8
17700 38.7727220143 -77.1784615517 3
17701 32.9415174 -97.15086305 11
17702 30.2747651167 -97.7994114167 105
17704 33.0752971667 -117.2388744833 13
17705 37.891391192 -122.1194650233 5
17706 52.2394966 -113.8154337333 11
17707 32.76381465 -97.0977056833 17
17708 30.2263280563 -97.8921023011 21
17709 30.2980786 -97.7416551 28
17710 40.7422010764 -73.9879953861 259
17711 40.74163355 -73.9875931833 16
17712 39.7564105187 -105.0091987218 32
17713 38.8533943833 -77.05447075 6
17714 48.0935024268 -122.1883964539 70
17715 38.8533543 -77.0551503833 11
17716 30.2712619417 -97.7554813027 36
17717 37.8446808833 -84.3261843333 1
17719 41.8794576167 -87.6187403333 32
17720 32.6742622 -97.46797135 3
17721 32.6753284333 -97.4682949 5
17722 47.6595398436 -122.1938419351 4
17723 49.002005803 -122.7564239502 99
17724 32.6817138 -97.41666755 10
17725 37.7910578667 -122.4039022333 27
17726 37.7902095351 -122.4047005177 133
17727 37.79024265 -122.4042506167 30
17728 37.7901102333 -122.4039506 37
17730 32.66513805 -97.4009807333 7
17731 32.66999363 -97.39862471 3
17732 32.6848346 -97.4144268333 13
17733 30.2618294333 -97.7588578333 74
17734 38.8832291667 -77.100242 2
17735 32.82651245 -97.20343375 77
17737 37.9356300667 27.34580755 2
17738 24.7781726667 110.4894993167 3
17739 37.9760704063 23.7272183105 1
17741 47.98331618 16.85323148 7
17742 32.80902925 -97.4213562667 14
17743 37.69436345 -97.24395345 52
17746 43.7179083833 -110.66037405 3
17748 53.0819551764 -0.7997059822 25
17751 36.6150195474 -121.900498867 9
17753 32.66747665 -95.48725986 4
17754 37.401323927 -122.0652519193 6
17755 37.7847356729 -122.4070885095 21
17756 51.5028057068 0.0031113625 48
17757 51.5030794167 0.0044300833 1
17758 47.6023540333 -122.3340214667 13
17759 36.6158204239 -121.9002574682 8
17760 47.6030294333 -122.3339091167 3
17761 47.60327775 -122.33589935 22
17762 32.7404403167 -97.3560872167 21
17763 32.7364125 -97.36442455 7
17764 32.7355715667 -97.3663118833 19
17765 35.87894585 -97.3962157333 7
17766 37.7898445548 -122.3999722293 5
17767 37.7898445548 -122.3999722293 28
17768 37.7896260359 -122.397713704 5
17769 32.7398894833 -97.3646834833 8
17770 47.63556685 -122.3765224167 25
17771 47.60085335 -122.3290523833 5
17772 47.6333523333 -122.3752272 2
17773 36.6179811667 -121.9019532667 211
17774 33.0246728333 -80.1929264333 1
17776 32.5679819 -97.3181202833 2
17777 38.9220297667 -77.042059 21
17779 49.2768347901 -123.1120848656 30
17780 49.27960395 -123.1097674333 29
17781 49.2802504497 -123.106688261 18
17782 38.9219623 -77.0422426 45
17783 49.280666892 -123.1053042412 4
17784 32.9666105 -97.0440311167 17
17785 49.2795925337 -123.1035071611 8
17786 38.9219467339 -77.0424292027 26
17787 49.2803227833 -123.1008195833 8
17788 49.2794315529 -123.1020855904 4
17789 49.2787578776 -123.1053981185 3
17790 49.2777797196 -123.1088769436 151
17791 49.2776327317 -123.1077718735 6
17792 49.2745108864 -123.1096065044 7
17793 32.6810005167 -97.4145794833 4
17794 39.7619758167 -105.0357869167 13
17795 37.7938849864 -122.4044018766 36
17797 37.76644029 -122.4093997478 103
17799 37.7805263771 -122.4637305737 9
17801 52.2282594331 -113.8059568405 2
17803 49.2849469167 -123.1114196667 53
17804 37.7886180074 -122.4137011504 25
17806 47.6767314667 8.6160024 11
17807 51.5080746963 -0.1248729229 169
17808 51.5080396385 -0.1280969381 234
17809 51.5067675228 -0.1286709309 65
17810 51.5152726603 -0.1419961452 75
17811 51.5011360646 -0.1423501968 136
17812 51.5039877765 -0.1435947418 85
17813 42.4058245559 -71.1427402496 5
17815 51.5080413079 -0.076110363 12
17816 30.2223735167 -97.8370508167 62
17817 30.2878581591 -97.7426442504 120
17819 51.5085788579 -0.0760030746 42
17820 51.5080145972 -0.0761532784 137
17821 37.69406405 -97.2993000167 15
17822 51.5079478203 -0.1237893105 20
17824 32.79037749 -96.79975247 14
17825 30.4865412167 -97.6839032667 14
17826 38.8518823249 -77.0420229435 95
17827 32.9688283667 -96.9933385833 14
17828 41.9745247 -87.8630332833 3
17829 30.2667264333 -97.7432605667 49
17830 41.9743999 -87.86271025 10
17831 30.2670273144 -97.7445030212 1028
17832 32.9423067667 -97.1241601167 21
17833 30.2673363333 -97.74463275 121
17834 32.9289739667 -97.0948376667 14
17835 41.9018903 -87.6282665167 6
17836 39.7373893243 -104.9881088734 61
17837 32.8498986167 -117.2715935167 8
17838 37.7801971436 -122.483039856 25
17839 45.4865230829 -122.7832889557 12
17840 38.9707946777 -94.7345352173 83
17841 39.7420589667 -104.9875352167 2
17842 45.5341627838 -122.6987847581 108
17843 39.7422815713 -104.9887740612 21
17844 39.7435355146 -104.9904477596 20
17845 39.7441954756 -104.9905657768 31
17846 32.9388996 -97.09831555 8
17848 37.3066331952 -122.032045126 24
17849 43.0000928667 -81.2388534667 1
17850 33.6389350833 -97.1337318333 2
17851 37.8465673333 -84.3196594667 1
17852 37.7368893333 -84.3115408 1
17853 35.1031014678 -106.5670502186 39
17854 33.0043295833 -96.96576135 2
17855 33.0037554534 -96.9650584459 12
17856 33.0030491409 -96.9639050961 17
17857 33.0057309167 -96.96817445 20
17858 33.0037695667 -96.9680297833 17
17859 33.0040221 -96.96883995 4
17860 33.00455915 -96.9696901667 22
17861 33.0023293261 -96.9717264175 57
17862 33.0027847333 -96.9667397667 6
17863 33.0014115537 -96.9662332535 19
17864 45.52187 -73.5751604667 1
17865 33.0023563192 -96.9654607773 10
17867 33.0007705 -96.9654974 20
17868 33.0017644333 -96.9650359167 10
17869 33.000607 -96.96276445 35
17870 32.9999089058 -96.9614481926 36
17872 33.0002013393 -96.9619524479 85
17873 37.7139224505 -122.4504590034 7
17874 32.64525461 -97.10575097 2
17875 38.02101705 -84.4167104833 9
17876 43.0104078862 -81.2421962537 6
17878 38.0206683167 -84.4208467 2
17879 30.298222981 -97.7182042531 50
17880 32.9421973167 -97.0739849333 3
17882 45.5398076667 -122.6109758333 24
17883 34.2179394667 108.9589617667 2
17884 37.7554418833 -122.41859805 10
17885 37.4991462333 -122.2521443333 7
17886 33.0570994351 -97.0148992538 17
17887 32.8156276333 -96.7531253667 21
17888 34.1961143486 -118.3539104462 555
17890 33.1346143667 -117.1923903333 17
17891 40.7043998119 -74.1907167435 74
17892 40.5488633295 -89.6065843105 7
17893 47.6629884573 -117.3994731903 2
17894 47.62779565 -117.3668455167 1
17895 37.98904895 23.7318205833 6
17896 48.2158516613 16.3524198532 12
17897 37.9865276667 23.73497485 3
17898 32.7876795548 -96.7972640991 16
17899 36.1143350833 -86.8102953 5
17901 53.0764592681 -0.8065161109 3
17902 39.0542498833 -74.7604915333 1
17904 39.0540891 -74.7600142 1
17905 39.0540429833 -74.7597895333 1
17906 39.0543619333 -74.75999535 1
17908 30.2731425924 -97.8166975933 1
17911 42.5263616833 -87.8941731333 7
17912 35.1959399167 -106.4342991333 9
17913 47.6323071897 -122.359892149 33
17914 37.3824505 -122.0686078833 11
17915 37.3785080167 -122.0691116167 8
17916 37.37164535 -122.0681612167 13
17917 32.40097624 -99.40029776 1
17918 47.6405772167 -122.2604649667 87
17919 38.9613055833 -94.6688194 22
17921 32.9789581 -96.7145578 34
17922 28.53475236 -81.37711042 3
17924 32.90997505 -97.26927995 9
17925 32.4499008264 -99.7357428074 1
17926 32.7541748 -97.3333543833 17
17927 40.7137590667 -74.0092444 6
17928 32.7519251167 -97.33642535 8
17929 47.6106422759 -122.3437795043 13
17930 47.6573446333 -117.4224437 3
17931 37.7786438646 -122.393682003 127
17932 32.8696853333 -97.2076906333 6
17933 39.05021725 -94.606889 28
17934 37.7754972667 -84.3190907 1
17935 40.3761726167 -105.52572895 4
17936 40.3761635833 -105.5253319 1
17937 40.3761687167 -105.5250736333 1
17938 40.3761494333 -105.5248666667 3
17939 40.3761785 -105.52406385 1
17940 38.9002519167 -76.8453050167 5
17941 40.3765297333 -105.5223683833 2
17942 40.3828316293 -105.5191755295 40
17943 28.3707142 -81.52209915 76
17944 28.3697465416 -81.5202820301 78
17945 38.9117269 -94.759369 13
17946 47.6153164833 -122.03741565 29
17948 38.8043231667 -77.0407276667 7
17949 38.8045918833 -77.0395161667 14
17950 47.75338525 -122.1609878333 2
17951 39.1026768833 -94.5837299667 6
17952 40.7136189136 -73.2414992312 3
17953 39.7553912333 -105.221464 14
17954 40.74597358 -73.98503684 2
17955 34.2597188833 108.9426637 2
17956 32.9826294833 -97.0683653667 6
