500 112 388 5 24.246 84 291
14913 35.7101047 139.7493553 3
14915 30.2212858167 -97.8407835833 4
14916 32.9298877667 -97.0912027333 33
14917 28.3637423419 -81.5605473518 26
14918 32.0778679833 -81.0923194833 13
14920 40.7755948941 -73.9534592443 3
14922 30.4076027833 -97.71341085 77
14923 28.3721172667 -81.5145850167 16
14924 32.7513170167 -97.3328161167 21
14925 42.3739886167 -71.1248230833 4
14926 38.8944398293 -77.0251357555 26
14927 30.269362405 -97.7425396442 34
14929 30.2689754833 -97.7425289 42
14930 37.6037871833 -122.3955488167 3
14932 28.3727532341 -81.5145581961 9
14933 37.3150098167 -82.9425716333 1
14934 37.3150420167 -82.942636 1
14935 28.3730936 -81.5153574833 15
14936 40.7812285333 -73.9604115333 28
14937 40.7840073 -73.9583086833 17
14938 40.7842865162 -73.9578688145 40
14940 32.04351425 -81.0440397167 4
14941 37.2978973333 -83.21306705 4
14942 37.2980046167 -83.2129812167 3
14943 28.5482535683 -81.3818049431 1
14944 28.3718139468 -81.5146493912 58
14945 28.3713466601 -81.5157651901 96
14946 32.7486983923 -97.3653459549 44
14947 35.6664168833 139.7036933833 2
14948 30.2458655833 -97.7799296333 60
14949 28.3667350437 -81.5555477142 76
14950 38.9622402167 -94.66863155 44
14951 30.2687072667 -97.7412199833 85
14952 32.0793592833 -81.0897874667 22
14953 47.6669204167 -122.3519897333 5
14954 47.6678431 -122.35229015 6
14955 47.6682400667 -122.35218285 10
14956 47.6682400667 -122.35218285 10
14957 47.6682615167 -122.3517966167 13
14958 35.9076976667 -84.1331291167 1
14959 47.6688194167 -122.3524832667 19
14960 47.6687657667 -122.3520541167 9
14962 47.6686906667 -122.3509812333 9
14963 47.6688623333 -122.3502516667 9
14964 47.6690125333 -122.3502731167 9
14965 47.6696240833 -122.3505520667 9
14966 47.6696348167 -122.3506593667 6
14967 30.31971215 -97.7299976333 3
14968 35.9388542167 -84.005692 3
14969 47.66987085 -122.3510885167 9
14970 47.6709973667 -122.3508524833 5
14971 37.5066804833 -122.2612237833 1
14972 47.6710510167 -122.3506808167 15
14973 47.6711475833 -122.3503804167 6
14974 47.6712226833 -122.3498868833 7
14975 47.6698064667 -122.3500156333 8
14976 47.6694095 -122.3492002333 14
14977 47.669034 -122.3482561 15
14978 47.6687657667 -122.3487281667 10
14979 47.6667594833 -122.3504233333 8
14980 40.7247519333 -73.9880490167 9
14981 37.5054144833 -122.2600865333 1
14982 32.7042496167 -97.1632146833 12
14983 37.5050926167 -122.2599577833 4
14984 47.6627361667 -122.2979378667 10
14985 47.6630795 -122.2984099333 46
14986 47.6627790833 -122.2988605333 5
14987 47.6614100833 -122.3381127667 69
14988 35.667876 139.706676 6
14989 47.7576005333 -122.2425556167 6
14990 47.7578473 -122.2431135167 1
14991 32.8653216333 -96.8049788333 71
14992 30.2725267333 -97.7411127 24
14994 30.2725374667 -97.7413487333 22
14997 30.2720761167 -97.7411770667 20
14998 37.7659535333 -122.40668535 28
14999 32.0798742667 -81.0940361 7
15000 32.07864045 -81.0944008667 11
15001 41.6514980667 -72.6562142333 1
15002 32.0788335667 -81.09487295 3
15003 32.0770204 -81.0938858833 5
15004 32.0758616833 -81.0930705 12
15005 32.07361935 -81.0939717167 8
15006 32.07354425 -81.0943365 2
15007 46.07770085 -118.3380317667 3
15008 32.0800030167 -81.09152555 25
15009 46.7333936667 -117.0171618333 3
15010 30.2626132833 -97.7573347 99
15011 46.7306685333 -117.00057505 18
15012 40.0076365333 -76.3593578333 1
15013 41.67872785 -83.5996913833 2
15014 30.4472712665 -97.7908462286 139
15015 30.2486828754 -97.7502214909 55
15017 47.6453661833 -122.33636855 28
15018 37.8336494135 -122.2922194004 20
15019 47.6457593902 -122.3351454735 80
15021 47.6208508 -122.3398447 6
15022 47.6214408833 -122.3619890167 12
15023 37.7824215609 -122.3925822973 458
15024 37.85361885 -122.2901058167 91
15025 37.7650415833 -122.39973305 38
15026 47.6122891833 -122.3440289333 12
15028 37.7624344667 -122.3975443833 54
15029 37.7625310333 -122.396214 2
15030 47.60967135 -122.3423767 26
15031 37.7626919667 -122.3960423333 28
15032 47.6095426 -122.3420548333 70
15033 47.6085844446 -122.340644002 30
15034 37.7610035809 -122.3910212517 20
15035 47.60989665 -122.3418831667 22
15036 30.2454714354 -97.778352499 159
15037 37.7820866214 -122.4006128311 123
15038 37.5049618551 -122.2698524594 1
15039 47.6113986833 -122.3433852167 8
15040 37.79535055 -122.4065566 16
15041 46.06814145 -118.3039355167 1
15042 46.06750845 -118.3046221667 1
15043 46.0657274667 -118.31760405 16
15044 57.6927553186 11.9554531574 105
15046 57.6937745451 11.9587254524 8
15047 39.9816298333 116.3213753667 5
15048 40.430811638 116.5645980835 10
15049 53.0924197916 -0.7907420397 1
15051 53.0921137506 -0.7900366187 1
15052 53.0927677092 -0.7903075218 1
15053 30.2236890667 -97.8388953167 39
15054 30.3927433333 -88.8700175167 1
15057 30.3931081167 -88.8721632833 3
15058 30.3932797833 -88.8667345 5
15061 32.8988707 -97.03506945 7
15062 53.0735023693 -0.8111107349 2
15063 53.0742210674 -0.8095389605 1
15064 53.0742178446 -0.8084446192 2
15065 53.076367422 -0.8098313212 4
15066 53.0766381257 -0.8081173897 5
15068 53.0782059184 -0.8113360405 5
15069 53.0776951433 -0.8145332336 3
15070 53.0772471333 -0.8147692667 3
15071 53.0762127333 -0.8148980141 2
15073 53.0748752979 -0.8166199923 1
15075 53.0760129263 -0.8102416992 3
15076 39.0463858879 -94.5851182938 15
15078 30.401271818 -97.7266260982 17
15079 40.7423961659 -74.0075433254 207
15080 30.3460975679 -87.3080921173 2
15081 34.1466450667 -118.1509208667 3
15083 46.0479605167 -118.39004515 1
15084 42.3711776667 -71.1144590333 14
15087 53.2293426648 -0.5456069112 3
15088 40.0178106587 -105.2825725079 54
15089 43.6700795032 -79.3896156549 9
15090 30.4381290754 -84.3044471741 37
15092 30.4485976667 -84.3108844667 1
15094 30.4488444167 -84.3096399167 15
15095 33.0051995525 -96.9777238369 11
15097 30.4381198253 -84.2812621593 13
15098 30.4355299333 -97.7675914667 67
15099 30.4384481833 -84.2809510167 4
15100 45.6521952 -118.6716771 2
15101 30.4381475757 -84.2819809914 12
15102 30.4381290754 -84.2835688591 6
15103 30.4350256833 -97.7668619 49
15105 45.6470333476 -118.6792516708 2
15106 45.6430757 -118.68285655 5
15107 30.4401648 -84.2821311833 8
15108 40.5691106446 -89.6467101574 8
15109 42.3827219 -71.1198449 11
15110 30.35223125 -97.716372 38
15111 32.9412066833 -97.1154069833 5
15112 44.7811317333 -117.8172969667 2
15113 37.7651383999 -122.4042753875 19
15114 37.7860549204 -122.405269146 119
15115 37.7898144667 -122.4054193333 8
15116 37.7631603735 -122.4009588211 18
15118 43.6631441 -116.6873788833 1
15120 -32.5338327833 115.7188010167 1
15123 39.9212896459 116.3903188705 5
15124 39.9204111 116.3910484167 2
15125 37.7605354667 -122.3880600833 8
15126 37.7608144167 -122.3882102833 16
15127 37.7608036833 -122.3884677833 7
15128 47.8721201333 12.4263310333 4
15129 39.9065387167 116.3913059167 9
15130 39.9049937667 116.3933873167 8
15131 52.9417634 -0.8026885833 1
15132 29.8306488833 -95.71926355 2
15133 30.4438769667 -84.2980742333 3
15134 30.4406820842 -84.2950057983 34
15136 30.4407656167 -84.2914438167 1
15137 30.4409694667 -84.29112195 3
15138 30.4400467833 -84.30202245 3
15139 30.4404230863 -84.3025267124 4
15143 30.4392206667 -84.3056058833 3
15145 39.6292197667 -104.8971176 1
15146 30.401659 -84.3353033 1
15147 30.4105639333 -84.3440580333 2
15149 30.41012405 -84.3433284667 1
15150 30.4101026 -84.3430280667 1
15151 30.4099845833 -84.3439507333 1
15162 30.4392313833 -84.2773246667 1
15163 30.4397463667 -84.27743195 1
15164 30.4417634 -84.2791271167 1
15165 29.4244766167 -95.2318096 1
15166 38.97162795 -95.2360367667 40
15167 30.4859232833 -84.1628265333 1
15168 29.4391644 -95.2833724 4
15169 40.7070708167 -74.0119528667 54
15170 32.89136345 -97.1471074 9
15171 37.7648913833 -122.3978233333 29
15172 29.648908296 -82.3495030403 2
15173 29.6488165833 -82.34954595 10
15174 29.6499246223 -82.3487091064 74
15175 29.6495783167 -82.3501896833 5
15176 29.649197344 -82.3511767387 21
15177 29.6484303333 -82.3537087333 4
15178 40.5912637667 -122.3772883333 18
15179 29.6481157408 -82.3456084728 24
15180 29.6487964062 -82.343352735 15
15181 29.6489269443 -82.3428404331 13
15183 29.6483768185 -82.3479366302 63
15184 28.370312958 -81.5220737457 41
15185 30.2714323833 -97.7397394167 25
15186 40.5934631667 -122.39355325 2
15187 30.27670025 -97.7340531333 10
15188 30.2768397167 -97.7337956333 8
15189 38.8986074833 -77.0711946333 20
15190 30.26420115 -97.7708101167 37
15191 32.6834571333 -97.1345257667 20
15192 32.8657431667 -97.1745631833 16
15193 28.6255431167 -81.3179039833 3
15194 39.6077728167 -105.0216364833 2
15195 39.0424597167 -94.5883584 31
15196 38.9842557833 -94.6683526 46
15197 37.7774119333 -122.3944544667 15
15198 37.781628727 -122.3939502239 169
15200 30.31971215 -81.6609477833 8
15201 30.3206348333 -81.6590380667 5
15202 30.3238969069 -81.637365818 80
15204 40.6907270893 -73.9555359496 3
15205 30.3252482333 -81.66041135 33
15206 30.3253340667 -81.66041135 50
15207 30.3252804167 -81.6607761333 8
15208 30.3151202167 -81.6771697833 2
15209 41.1412346333 -73.2589387833 2
15210 30.4040729833 -81.6433954167 33
15211 30.4037725833 -81.6441464333 6
15212 30.4042875667 -81.6443824667 7
15213 30.4041910167 -81.6446614167 5
15214 30.4037296667 -81.64489745 7
15215 30.4039764333 -81.6449832833 4
15216 40.6883902407 -73.9629448821 6
15217 30.4039657 -81.64560555 8
15218 30.4041910167 -81.64545535 7
15219 42.2103220974 -71.1472034454 27
15220 30.4053282667 -81.6450262 8
15221 30.4046416167 -81.6446614167 6
15222 30.40323615 -81.6443181 7
15223 30.4031932333 -81.64378165 6
15224 30.4026246 -81.6440820667 5
15225 30.4026138667 -81.6452193167 8
15226 32.5916290167 -83.5879111167 3
15227 30.4014015167 -81.6455841 10
15228 37.0925045 -85.3049111333 2
15229 30.4021525333 -81.6441679 7
15230 30.32027005 -97.7392458833 15
15231 42.7954602167 -89.6299624333 5
15232 30.3119444833 -97.7149128833 44
15234 34.4171941167 -118.5577583167 9
15235 29.9914848667 -81.4700174167 4
15236 47.7167022167 -122.1657156833 1
15237 32.8306353 -96.71595095 20
15240 29.9916565333 -81.4676785333 13
15241 29.9918603833 -81.4675283333 2
15242 29.9923861 -81.4675498 2
15243 29.99289035 -81.46909475 3
15245 30.2642977167 -97.73298025 556
15246 30.26445865 -97.73287295 65
15247 37.7773582833 -122.3931241 17
15248 41.3419389667 -73.1604909833 1
15250 29.8854391662 -81.2885150313 11
15252 35.9267842667 -84.0334796833 8
15253 32.7919469333 -97.3495040667 3
15254 28.4209572315 -81.5784108639 35
15255 30.2955357104 -97.7416491508 470
15257 30.2955508167 -97.743752 11
15258 47.6503056986 -122.301607132 30
15259 28.4159372998 -81.5822839737 81
15260 29.8977777072 -81.311981678 35
15261 34.0726697333 -118.37184905 24
15263 30.3069770333 -97.740705 12
15264 37.830056528 -122.4046897888 6
15265 29.8917174333 -81.3140416 7
15266 30.3069200766 -97.7112168074 17
15267 37.7685436209 -122.5056266785 6
15268 37.8585970333 -122.4830317333 34
15269 32.7894849833 -97.3492760833 1
15270 44.1653441268 -79.8007822037 2
15271 34.6489691667 -118.1427240333 16
15272 33.4487381668 -86.730312109 24
15273 35.94925045 -83.9143037667 9
15274 35.9885283431 -83.6047554016 30
15275 30.2358233833 -97.85900115 20
15276 35.660398 -88.85570525 3
15277 43.5771203 -116.5636754 8
15278 30.4030215667 -97.70474195 11
15279 36.5693342667 -121.96478605 12
15280 37.7930760333 -122.4127364 24
15281 39.5673143833 -74.2375588333 2
15282 35.6600224833 -88.85596275 6
15283 40.5714007161 -89.6487379074 4
15284 41.64345145 -83.5378503667 2
15285 37.7786014651 -122.420348525 81
15286 46.0681951 -118.3682441667 1
15287 46.0711991667 -118.3342766667 2
15288 37.7601814167 -122.4206542833 11
15289 37.7586579167 -122.4212121833 3
15290 46.0583031167 -118.3468294 1
15291 34.0784955 -118.36150645 37
15292 35.6365799833 -88.838346 2
15293 35.2724218333 -89.6458411167 6
15294 44.1986743802 -79.6512115002 3
15296 41.7921960333 -91.5743494 1
15297 35.1532459167 -90.0650382 19
15298 29.2285904202 -81.0101366043 20
15299 30.4807841667 -97.7870535833 34
15300 41.7866492167 -91.5684270833 1
15301 30.4401433333 -97.7013731 134
15303 29.1920042 -81.0683727167 19
15305 29.1921973167 -81.0676860667 2
15306 29.1920578333 -81.0680723167 3
15307 44.4995855041 -80.1968210936 2
15308 32.9676318167 -96.993227 4
15310 44.5030295833 -80.2186918167 2
15313 41.9580779502 -70.6621313095 25
15314 29.888767 -97.93940305 4
15315 39.567883 -74.2372584333 5
15317 29.8887455333 -97.9406261333 3
15319 29.1866183167 -81.0721707333 4
15320 39.5690202667 -74.2360353333 1
15321 40.0597189818 -105.2818000317 8
15322 38.6795783 -90.5059289833 2
15323 29.736557 -95.6003665833 12
15324 28.488729 -81.42980575 16
15325 41.95554255 -70.6646633 4
15326 30.2510462058 -97.7493242919 348
15327 43.8427142633 -79.5405220985 26
15329 29.8869507545 -97.9373538494 9
15330 29.8886060667 -97.9372143667 10
15332 35.1598548833 -101.9219899167 18
15334 29.8881125333 -97.9500675167 32
15335 36.9301772 -85.0408959333 1
15337 29.8910714601 -97.9254984856 22
15338 29.8272049333 -97.981503 81
15339 29.8236536833 -97.9862022333 58
15340 47.6670598833 -122.34924315 3
15341 47.6675534167 -122.3492646167 10
15342 47.6678752833 -122.3500370833 13
15343 47.6679611167 -122.3504877 10
15344 47.6674246667 -122.3531699167 9
15345 39.5523691167 -74.2442321667 1
15346 47.67002105 -122.3522043167 7
15347 37.3115122167 -122.0660233333 1
15349 37.7866923667 -122.5073003667 3
15350 47.6710402833 -122.3496294 6
15351 28.3678257333 -80.60181855 3
15352 39.5702219 -74.2367649 1
15353 33.0678623581 -97.0810049772 3
15355 33.0742367687 -97.0776951313 10
15356 37.86969065 -122.2525548833 4
15357 30.29611945 -97.8324151 211
15358 32.8618884 -97.3132038 19
15359 32.6433312833 -97.1331954 16
15360 47.6708579 -116.7862129167 3
15361 -37.8124624217 144.9688696861 2
15362 -37.8169422167 144.9547533 1
15363 30.2533561905 -97.7633281052 9
15365 28.5234268528 -80.6818449497 73
15366 28.5235022655 -80.6830894947 18
15367 28.5227575627 -80.6831002235 4
15368 28.5245486111 -80.6820166111 8
15369 35.0989472833 -89.8592376667 4
15370 43.6607515667 -116.69246435 1
15371 28.5253097975 -80.6815901399 7
15372 30.261599404 -97.7585805953 428
15374 28.5235399718 -80.6814050674 3
15375 27.7712702667 -82.6606392833 6
15376 28.5265187292 -80.7825028896 7
15377 37.8694546167 -122.2519540667 6
15379 52.6756648912 -0.1683139801 1
15382 40.0980336654 -75.4417419434 5
15383 28.4015572 -81.4275956 25
15384 46.04745625 -118.3892726833 1
15385 37.9961299833 -84.49627875 4
15386 39.2025876 -96.3051009167 2
15388 42.9524806121 -85.6118631363 3
15389 30.31368255 -97.7198266833 133
15390 28.4095393727 -81.46479249 109
15391 32.7275312555 -97.3616176844 192
15392 47.71027565 -122.13151215 5
15393 47.1178829667 -118.3688449833 2
15394 37.8494668 -122.2521471833 14
15395 37.8586721333 -122.2438216167 17
15397 37.7578747167 -122.2516322 8
15398 37.79010415 -122.3884248667 12
15399 39.8141741667 -75.5514121 1
15400 28.4752931276 -81.4675068855 161
15401 28.4732794667 -81.4657044333 13
15403 38.0652909885 -84.4786190987 5
15404 28.4797382333 -81.4694595333 32
15405 30.3073418 -97.7418637167 109
15406 28.4761466198 -81.4672225714 17
15407 32.7811753667 -79.9295496833 45
15408 28.475708086 -81.4694058895 20
15409 30.2796828667 -97.7418208 29
15410 28.4737515333 -81.46727085 43
15411 47.4251997333 -121.4158344167 32
15412 38.4977138 -94.95865345 2
15413 28.4696698089 -81.4733862877 13
15414 47.6264711262 -117.5360298157 117
15415 47.6284468167 -117.5369524833 5
15416 47.4951946667 -121.7869234 12
15417 42.9923987333 -81.2517070667 10
15418 37.8716325667 -122.2532200667 39
15419 37.8717537309 -122.2559022903 7
15420 37.8716194 -122.25640265 2
15421 37.8738427 -122.25667475 2
15422 37.8733491833 -122.2592926 4
15423 37.8725874333 -122.2596573667 8
15424 37.87214755 -122.2580695 4
15425 37.8714823667 -122.258327 28
15426 37.8703558333 -122.2595286333 13
15427 37.8698301167 -122.2593998833 1
15428 37.8695940833 -122.2590780167 7
15429 37.8692468045 -122.2594106197 12
15430 37.86928295 -122.26012945 10
15431 37.8690181279 -122.2610092163 25
15432 30.2836632667 -87.5632238333 3
15433 47.5297307833 -121.8265771833 4
15434 47.5286579 -121.8255043 4
15435 32.9192832167 -96.9574707333 17
15436 38.9662423333 -94.6658873667 13
15437 33.0423903333 -96.7543601833 8
15438 39.0511071667 -94.4807481667 25
15439 47.75343775 -122.2122573833 1
15440 30.4040177992 -97.7243757248 41
15441 30.4033654333 -97.7246117592 24
15442 37.5632321833 -122.25008725 7
15443 30.400907455 -97.7268353105 34
15444 30.4003880907 -97.7269653976 124
15445 37.4320087414 -122.2015553713 69
15447 27.83343315 -82.8341031 4
15448 28.5393283119 -81.383972168 149
15449 28.5390644068 -81.4027690887 16
15451 40.7616340629 -73.9678573608 82
15453 28.0129802167 -82.4703741 2
15454 28.0128163061 -82.4699020386 12
15455 28.0131840667 -82.4708676333 2
15456 28.0134308333 -82.4705457667 3
15457 28.0136454 -82.47039555 3
15458 28.0134952 -82.4700736833 3
15459 37.1589570321 -93.2827985287 16
15460 28.0137956 -82.4702024333 1
15461 28.01392435 -82.4703311833 4
15463 28.0144929833 -82.47024535 5
15464 28.0155766 -82.4706101333 2
15465 28.0166494833 -82.4702239 1
15466 28.01414965 -82.47151135 1
15467 28.0136454 -82.4715757333 1
15468 28.01329135 -82.47151135 2
15469 28.01329135 -82.4715328167 2
15470 43.60124945 -116.5986728667 9
15471 28.0128514667 -82.4711894833 2
15472 28.1539893 -82.75818585 2
15473 27.9759833693 -82.5033652782 52
15474 38.280766 -95.2420234667 1
15476 48.4713792667 -122.3395013667 1
15477 30.4469454167 -97.6447033833 3
15478 30.2702114098 -97.7497132123 378
15479 30.2583003 -97.7485156 204
15480 30.5089058 -97.7710581333 31
15481 32.6493998 -97.3478799833 4
15482 48.39215755 -122.6471829333 6
15483 29.9436128 -90.1335310833 19
15484 48.28574895 -122.6515603 1
15485 48.2211077167 -122.6863217333 1
15486 48.2210755333 -122.6876521 1
15487 48.2224059 -122.6882314667 2
15489 48.2226312 -122.6880598 2
15490 47.6867784333 -117.4656812 1
15491 30.4404116167 -97.6198649 30
15492 48.15764665 -122.6781034333 10
15493 45.5214131464 -122.6917934418 77
15494 47.6532730167 -117.4244979833 1
15496 47.6537167667 -117.4228418 1
15497 47.6532014667 -117.4226852 1
15500 47.66028345 -117.4162336 4
15501 47.6650934833 -117.3983727667 3
15502 47.6650250833 -117.3953521167 2
15503 39.5971926333 -110.79059615 1
15504 28.0368626 -82.4214720667 13
