500 108 392 10 23.118 81 294
15505 28.0352318167 -82.4211931167 11
15506 36.07655575 -83.9268626333 2
15507 28.0342125833 -82.4213004 16
15508 29.7284138167 -95.43988465 14
15509 32.66099095 -96.8909597333 2
15510 52.2284781833 5.1681876167 4
15512 28.03371905 -82.42325305 20
15515 29.9587941167 -90.0609612333 19
15516 52.2254633833 5.08158445 2
15517 32.7434527833 -96.8238615833 3
15518 28.0369484333 -82.4244332167 22
15519 29.9601244833 -90.0635361667 6
15520 38.9841806833 -94.6695971333 7
15521 29.9575495667 -90.0619912 277
15522 28.0376029 -82.4251198667 5
15525 38.6656689167 -109.5875106833 1
15526 38.7018160833 -109.5665287833 3
15527 52.2301197 5.1736807667 2
15528 41.6576564167 -83.5404253 4
15529 37.7364814167 -89.1825485167 7
15530 34.0647388345 -118.3756899834 12
15531 28.0330842067 -82.4210429192 75
15532 47.39419725 -122.0981964167 1
15533 35.6086529333 -97.45884995 10
15534 47.30734585 -122.1504258833 1
15535 47.3220707167 -122.1456577333 7
15536 30.2665498833 -97.7376827333 18
15537 30.2665825289 -97.7369606495 169
15538 30.2671645333 -97.7368421833 47
15539 37.9891715167 -122.3107787333 48
15540 47.68646835 -122.3177003833 4
15541 -32.5274435833 115.74689275 2
15542 53.0754425045 -0.8118724823 3
15544 52.9471898231 -1.145721674 174
15545 52.9478201238 -1.1490100622 6
15546 52.9506216185 -1.1534370482 2
15547 52.9493263437 -1.1526525021 4
15548 52.9527232264 -1.1508500576 10
15549 52.9533387833 -1.1506241 17
15551 52.9539765667 -1.1495120667 3
15552 52.9534504025 -1.1485782266 4
15553 52.9566013581 -1.1478567123 30
15555 52.9534213157 -1.1491656303 3
15556 52.2266822217 5.1812875271 206
15557 30.3103898167 -97.7749928667 1
15558 28.0391693 -82.4239182333 11
15559 29.74007605 -95.4699039333 11
15560 37.2044564833 -108.6860000667 2
15561 47.4581567273 -122.2583055496 75
15563 32.8913559833 -97.1476754167 21
15564 32.9427085167 -97.1329591667 40
15566 37.753302709 -122.4164150335 4
15567 37.8072488167 -122.2562026833 4
15568 44.2307799167 -76.4784829667 3
15571 53.0608538969 -0.8545410633 1
15572 29.7397434667 -95.47303675 14
15573 38.72744415 -120.8039121833 1
15574 35.1439902167 -106.5962957667 4
15575 35.14346835 -106.5945201833 6
15576 35.1436355333 -106.5938344333 5
15577 35.1437241 -106.5936995667 1
15578 35.14391155 -106.5934645333 1
15579 35.1441020833 -106.5934329167 11
15580 35.1455149167 -106.5917179833 4
15581 35.1406471833 -106.5996679333 2
15582 35.140727 -106.5999650833 3
15583 35.14062045 -106.6000354 2
15584 35.1405560833 -106.6001897833 1
15585 35.14043045 -106.6002807667 2
15586 35.1398305167 -106.6001 26
15587 44.2309388833 -76.4810912 1
15588 42.4908906333 -83.1339940167 29
15589 42.3567581167 -71.1378049833 4
15590 30.2313745667 -97.79745475 469
15592 42.4881052 -83.1468214 4
15593 30.2024382148 -97.8082323074 165
15594 35.9422219167 -83.98212375 35
15595 38.9569028 -119.9430116 25
15596 39.2470382 -94.6609539333 37
15598 39.5650174667 -74.2453342333 1
15599 47.3324001 -122.0665455 3
15602 47.3537724 -122.0400565667 1
15603 47.6761304167 -122.3816687167 6
15604 47.3748399667 -122.0473955833 1
15605 36.0044423167 -83.77147355 5
15606 30.4374741333 -97.78126495 33
15607 47.62614485 -122.3391727 18
15608 47.4865087167 -122.1740431333 6
15609 36.0367654 -83.9276026667 14
15611 53.073572467 -0.8125416934 3
15613 53.0785072245 -0.8125966787 3
15614 35.9102271 -75.6694686333 8
15615 53.0803440183 -0.8109363914 1
15616 53.0817441182 -0.8083078265 1
15619 53.0843862999 -0.8048853278 3
15620 37.7544671681 -122.4060856092 2
15621 30.24775385 -97.7507042833 26
15622 26.1382234 -80.1214027333 1
15623 43.7404837879 -81.69901371 1
15624 30.2488589167 -97.750082 40
15625 43.7307783029 -81.7054724693 1
15626 30.3894326 -97.7429877833 14
15627 33.4338735 -104.5233901333 1
15628 30.2491601801 -97.7500498295 23
15629 43.7343133901 -81.7124032974 2
15631 43.7444368493 -81.7244625092 1
15634 33.3940484 -104.5227408667 3
15635 33.3938455502 -104.5230674744 18
15636 36.0110665667 -84.2538364 3
15637 36.0117534 -84.2558483333 2
15638 30.2066292653 -97.81650424 70
15639 30.2340508833 -97.7925398667 5
15640 29.8801449167 -95.7214131 5
15641 30.2428132 -97.7826466833 95
15642 30.2433879667 -97.7830699333 18
15643 35.9640846703 -83.9178086396 20
15644 35.9649098333 -83.9182672333 32
15645 35.9660985667 -83.9191017667 18
15646 44.9886006667 -93.2548914 50
15647 30.26073575 -97.74935245 33
15649 30.2608644833 -97.7494382833 12
15650 30.2611327167 -97.7519917333 4
15651 29.7714367167 -95.3668122667 12
15652 44.9807679833 -93.2535572333 24
15653 30.2602348501 -97.7509617805 292
15654 30.26985525 -97.7548456167 47
15655 30.26892185 -97.7551460167 23
15656 46.7939146833 -118.7539401667 1
15657 30.3045458167 -97.7645437333 36
15658 30.3122528833 -97.77413055 38
15660 30.2637290833 -97.7458763 27
15662 30.264557803 -97.7447766066 44
15663 47.3058728 -122.52128915 3
15664 48.0540808667 -122.1593793333 6
15665 30.0563425167 -94.7604649167 1
15667 41.948774539 -87.6579165459 11
15670 47.3806070833 -122.2635772 3
15671 32.83658925 -96.6718937833 2
15672 47.3060239167 -122.5195893 7
15673 47.39702415 -122.3284022167 11
15674 48.07412745 -122.1439415333 2
15675 47.3727128667 -122.32374005 4
15676 48.0715168 -122.1384399667 3
15678 30.2795831833 -97.7594679667 313
15679 36.05244285 -83.99391005 2
15680 32.17511145 -104.4443003167 4
15681 30.3045201167 -97.7260494167 164
15682 32.8101328833 -96.75330745 29
15683 45.6436850333 -118.6830253333 2
15684 38.8505371091 -77.0410251617 1175
15685 47.3045104167 -122.2580232833 1
15686 32.8129885667 -96.7527737 4
15688 37.7969376 -122.43553465 27
15689 33.3616550064 -97.1728384495 16
15690 39.2526958167 -94.6649961333 10
15692 30.2731890667 -97.7505764333 12
15693 41.90421215 -87.6290658333 11
15694 44.0253212 -116.9567972 1
15695 41.9015867 -87.6281040167 26
15696 47.6687562 -122.3843281333 50
15697 47.6687296667 -122.3851659833 10
15698 47.6689092167 -122.3853545333 2
15699 47.6682801167 -122.3856276333 13
15700 47.668264 -122.3856449833 33
15702 35.2409081833 -106.6910533833 1
15704 41.91025625 -88.18283435 4
15705 37.8785484167 -122.26869315 24
15706 39.9783354 -83.0011830833 4
15707 32.68159065 -97.1133421 24
15708 32.6809897333 -97.1136299667 16
15709 32.6806143333 -97.1069453333 22
15710 48.0517773667 -122.1772548333 1
15711 32.8078585667 -96.7977355333 90
15712 43.97430025 -116.9127709 1
15713 44.72907635 -116.4380922333 2
15717 33.50539515 -86.7904536833 4
15719 30.1987071 -97.88766275 26
15720 41.1019522167 -73.41694885 6
15721 38.8906762 -77.04698455 25
15722 29.7363062167 -95.5700360333 2
15723 53.0910538656 -0.8523845673 2
15725 32.7051516 -97.1630151 13
15726 29.6216920833 -95.28296385 1
15727 32.17960665 -97.7971353667 4
15728 45.9100102333 -122.7460065 3
15729 32.8543808333 -97.26364125 3
15730 30.2351152833 -97.8744292167 28
15731 38.8923700333 -77.0457721 23
15732 41.1011794 -73.4170310333 1
15733 41.1224184833 -73.4031334833 17
15734 42.4000887434 -71.1124956608 8
15735 42.4000822667 -71.1123348333 14
15736 39.5641609667 -74.2398524333 1
15737 42.4002636167 -71.1127648167 3
15738 30.2376043667 -97.7934908833 1
15739 32.7020200667 -97.1553496167 9
15741 29.6283253667 -95.2312354833 2
15742 37.8308987667 -122.2858713833 69
15744 38.88987 -76.9901666167 36
15746 37.5268771333 -122.2676994833 10
15747 38.9106259833 -77.0384346833 14
15748 37.7275518214 -122.476927042 97
15749 41.1993026333 -73.13238385 3
15750 30.4053132648 -97.8743433952 254
15751 30.1465881333 -97.9681840167 2
15752 30.3936366 -97.8749600333 2
15754 44.1164456974 -71.1815786362 12
15755 30.3056469667 -97.7457243167 4
15756 30.3057069 -97.7453910167 8
15757 42.34722055 -71.0982615333 23
15758 32.8906706833 -97.53898675 2
15760 38.91552685 -77.0417902333 11
15761 32.8988992667 -97.5452555 2
15762 32.8981379833 -97.5453171 3
15764 47.977774 -122.2097256 4
15765 47.9777460667 -122.2098741667 1
15766 47.9775719 -122.2101304833 2
15767 47.97918865 -122.2046355 5
15768 47.9787046718 -122.2029876709 27
15769 38.8851350833 -77.17498755 11
15771 39.0384446619 -94.5896565914 14
15772 38.8865684333 -77.1767692833 4
15775 42.3697134748 -71.0196483135 110
15776 38.8809530833 -77.1716297667 3
15778 30.26651575 -97.7384759667 16
15779 37.770543471 -122.4505362192 3
15780 35.97396375 -75.6292867 2
15781 37.8255348167 -122.2534504833 15
15782 37.5793144833 -122.3493424167 3
15783 39.9677810667 -83.0069656667 64
15784 39.9721169833 -83.0039197833 123
15785 46.9285469333 -124.1729288 2
15787 47.0069429167 -124.1618716833 1
15788 47.62135675 -122.52297315 13
15790 47.4427590829 -122.3010096603 26
15791 47.4432239801 -122.3014705375 39
15792 32.9834398551 -97.1609194795 6
15794 47.69849165 -117.4113600333 1
15795 32.9134786167 -96.9579741167 28
15796 29.7849951793 -95.4919409752 10
15797 30.5177342833 -97.6893997167 14
15798 33.0038646667 -97.2266108167 8
15799 32.3450604333 -97.41251035 3
15800 36.13484515 -115.16246025 42
15801 37.7215860978 -122.4474549294 104
15802 32.34516875 -97.38892535 3
15804 32.3471500333 -97.3857680667 7
15805 32.3486805333 -97.386148 5
15806 32.3383271794 -97.3871469498 6
15810 38.7964531833 -104.7006156333 106
15811 47.0075590167 -124.1626004 1
15812 47.0064999667 -124.16641945 1
15813 37.7597235167 -122.43490665 9
15814 57.6968984833 11.9800754333 98
15815 41.9017910833 -111.3957238167 2
15816 57.69859285 11.9773137 6
15821 57.69862915 11.9701260667 10
15825 57.6977837976 11.9652378559 8
15826 57.6975139167 11.9645564333 46
15827 37.7707516167 -122.4170234 9
15828 39.2631208667 -94.66891745 2
15829 47.6151609 -122.32771405 64
15830 46.9518493167 -124.13198645 2
15831 32.8625016333 -97.2105934167 3
15832 30.3160107 -97.7081966333 21
15833 47.0071767167 -124.167263 2
15834 36.0508540833 -83.9993219167 4
15835 47.00716765 -124.1605478167 4
15836 47.0314843833 -124.1583432667 1
15838 38.9918892167 -104.7944491 20
15839 32.8388241 -97.3165900333 11
15840 36.04980045 -83.99986435 6
15841 32.8212128667 -96.7881516833 32
15842 32.8210264667 -96.7882911333 9
15843 47.7540397333 -122.1723463833 2
15844 38.89684115 -77.02023785 22
15845 -37.8201582405 144.9576365948 1
15846 39.0549475 -74.76108475 2
15847 47.6821481833 -117.4646259167 1
15848 32.8553942 -97.19894775 4
15850 47.0172783667 -124.1656476167 1
15851 38.9642710333 -104.795777 5
15853 42.9835337167 -81.2625599 2
15854 40.8210958333 -96.6535156667 1
15855 46.9330305 -124.1725278 2
15856 40.8208488849 -96.701220274 21
15858 40.8205066833 -96.6980942333 1
15859 32.86685585 -97.3053503 6
15860 30.4820823667 -97.6572561167 15
15861 40.8201333167 -96.6981061 1
15862 40.8190157667 -96.6985235 1
15863 47.24319815 -122.3574240833 6
15865 40.8083407 -96.7010328 8
15866 30.2695292333 -97.7192159833 6
15867 41.2626463951 -95.9281110764 20
15868 47.0075852667 -124.1645836333 1
15869 47.32981335 -122.5798264833 1
15871 47.3308061833 -122.5818172833 2
15872 57.7005497333 11.9747112167 9
15873 47.3308445667 -122.5817576167 2
15874 40.80239505 -96.69742405 2
15875 47.3298860833 -122.5829323833 1
15876 47.33112015 -122.5824687833 1
15877 40.8006641667 -96.6817333 1
15878 57.6968795333 11.9723307167 8
15879 40.78129155 -96.70719225 1
15880 47.32937375 -122.5782994833 6
15881 36.0990996765 -115.1751065254 220
15882 61.1450751167 -149.8764026667 1
15884 47.6592959833 -117.42388995 30
15885 41.2254732027 -95.9316515923 22
15886 30.2650877833 -97.7412311 5
15888 41.0176994333 -96.31897425 5
15889 41.0181246333 -96.316635 1
15891 41.0252002 -96.3084784 1
15892 41.0252164167 -96.3085018167 2
15894 37.7220204167 -122.4367846167 6
15895 40.7244409 -73.9924251833 38
15896 41.07456325 -96.2785563167 1
15897 47.3389330667 -122.5905879833 2
15899 47.3394854 -122.5906905833 2
15900 47.33990945 -122.5893972333 1
15901 47.3372962167 -122.5932988667 2
15902 42.3920868 -71.1055293 1
15904 32.7691432999 -97.3374724388 9
15905 37.75836745 -122.4213599333 22
15906 32.9657550091 -97.0425796509 179
15907 37.7596465333 -122.4215313 20
15908 32.8796403833 -96.7359071167 97
15909 37.7594765667 -122.42114205 11
15910 38.5808085 -90.4041843833 2
15912 36.1431471333 -115.15733305 54
15914 39.0631328833 -74.7478781667 3
15916 53.0762035333 -0.80911655 3
15918 27.6078159 -80.3824355833 1
15919 47.6154629167 -122.3355288 7
15920 40.8307411167 -96.67228145 1
15921 40.8114258667 -96.7044917 2
15922 40.80238785 -96.71223555 2
15923 27.6063448833 -80.3811053 1
15925 27.6066572167 -80.3817168 1
15926 27.60753165 -80.3826099833 4
15927 30.48289775 -97.6756024333 31
15928 32.93550005 -97.0781892667 18
15930 40.6692280333 -95.8729800333 1
15931 32.9351434167 -97.0787008167 2
15933 32.9393115333 -97.0781054333 7
15935 47.9368471333 -124.3941749833 3
15936 34.8638328 -111.76314235 4
15937 43.0129133833 -81.20081445 32
15938 47.9413806 -124.39764215 6
15939 47.9461529756 -124.3933439255 4
15940 47.9479976667 -124.3841769167 5
15941 39.1229174667 -94.5992492 14
15942 47.9503065956 -124.378452301 4
15943 39.1183862333 -94.6004056 2
15944 47.9500994667 -124.3775125667 4
15946 32.7516663167 -97.3302707333 27
15947 47.9532722667 -124.3856385667 3
15948 57.6864376833 11.9203681833 4
15949 41.2248018667 -95.93245375 8
15951 47.5479229 -122.0558408667 9
15954 35.02572785 -85.15665255 2
15955 47.54755805 -122.055653 15
15957 35.9780096833 -75.6360242667 14
15958 47.9494522333 -124.3843710667 2
15959 47.5295714167 -122.0392699167 6
15960 47.5297611833 -122.0386754167 5
15961 47.5219673667 -122.0347688833 2
15962 47.52169205 -122.0344204333 2
15963 47.9365400833 -124.3927604667 2
15965 38.9495578833 -74.9071575833 11
15966 32.7547890476 -97.3296940327 58
15967 32.88002835 -96.7354154167 23
15969 30.4631711167 -97.7897018833 20
15970 32.9376880667 -97.07756875 12
15971 38.96412165 -104.7957133833 2
15973 32.7443038387 -97.377641201 12
15974 41.5274801 -73.2043333 1
15975 32.754516105 -97.332277 32
15976 47.3001288333 -122.3302066333 3
15977 32.7306788937 -97.3400232196 54
15979 29.7375640333 -95.48255185 6
15980 35.8184964833 -75.5635637167 7
15981 32.7072415538 -97.360316813 41
15982 47.80531715 -122.11460955 6
15983 32.7070339165 -97.3603355885 5
15984 32.9432873167 -97.13148045 25
15986 32.6831826167 -97.1146253667 13
15987 38.9799431167 -94.6077466167 7
15988 37.61566805 -122.3932706 205
15990 47.5926566667 -122.3159549 38
15991 39.0392526167 -94.58607985 59
15992 40.7634218398 -73.9738762379 24
15993 47.7560813167 -122.1529943333 4
15994 34.8631608 -111.7633068833 3
15995 30.7419832572 -81.6553688049 19
15996 40.9852193082 -111.8933433294 39
15997 34.9147101833 -111.90243685 1
15998 40.721437025 -73.9978015423 39
15999 42.6542103 -73.76619465 20
16000 37.785102377 -122.4004902459 218
16001 38.9178666167 -78.1915939667 1
16002 37.7881916086 -122.4012136459 74
16004 37.7900826167 -122.4055598 9
16005 37.7895756333 -122.4075550167 8
16006 32.6478731833 -97.0587818 27
16007 46.7304116825 -117.158010006 41
16008 37.7858090278 -122.4010634422 277
16009 37.9952287667 -84.5246887167 5
16010 34.8567083333 -111.7635893167 5
16011 32.9418210833 -97.0870882833 5
16012 39.0369176833 -94.58717035 17
16013 39.0385965 -94.5873387667 22
16015 37.4924198833 -122.2177186 15
16016 37.78659375 -122.4002099333 27
16017 -37.8183699665 144.9608767033 2
16018 32.8073141667 -96.7975584667 22
16019 37.78588245 -122.4038454 110
16020 -37.8098856688 144.9647927284 22
16021 -37.8100128133 144.9644815922 3
16022 -37.815030609 144.9685907364 1
16023 -37.8148526187 144.9691915512 2
16024 -37.8143440727 144.9706721306 1
16025 -37.8141830323 144.9714016914 2
16026 29.7818164167 -95.7508710333 3
16027 29.6253807384 -82.373803854 7
16028 53.9612649457 -1.0894435644 3
16029 28.3108346333 -97.2745047333 2
16030 28.2862931833 -97.2881829167 1
16031 35.8402077167 -75.6191928667 3
16032 28.0420861167 -97.0306799333 14
16033 47.2443386333 -122.43583985 9
16034 35.7964532 -75.5482071333 2
16035 32.8046563333 -96.7998916333 1
16036 28.02208425 -97.0507042333 2
16038 32.8042280606 -96.7995702106 64
16039 28.0228148167 -97.0507477167 4
16040 32.8073803 -96.79843195 52
16042 45.3059236 -122.9476509667 4
16043 36.37819435 -84.2484341167 4
16044 43.6459745383 -79.4646799564 11
16045 32.793894661 -96.8040132523 31
16046 26.42410145 -82.06916805 1
16047 47.6658714581 -122.3969864845 67
16048 34.8694551833 -111.76126235 1
16049 38.0390024167 -84.5050120333 16
16050 38.0383265 -84.5075225667 2
16051 47.6107917 -122.3423179333 25
16052 30.3531812667 -97.7534050667 14
16053 38.0235207 -84.5017719167 1
16055 38.0227061995 -84.5052051544 5
16056 38.0218948203 -84.5034241676 1
16057 38.0151629333 -84.5034027 1
16059 37.9867529833 -84.5299243833 7
16060 35.68583655 -105.9465104333 1
16061 47.60383825 -122.33880335 43
16062 26.4458278833 -82.0465739667 2
16063 35.68508265 -105.94650625 2
16064 47.60373135 -122.3386264333 9
16066 47.6044255667 -122.3391538167 14
16067 53.9622717164 -1.0820889473 48
16068 45.5214432148 -123.0860352516 13
16069 47.6685786 -122.3861450833 10
16071 47.6027999 -122.3333941333 1
16072 47.60379355 -122.3337338833 2
16073 42.8966156333 -71.32980315 2
16074 39.0421072 -94.5888829667 48
16075 47.33749905 -122.5938965833 3
16076 47.6758762833 -117.2834190667 1
16077 27.7225506833 -97.3797710333 2
16079 35.2333403333 -101.8322861167 3
16080 32.8528815 -96.7681569 81
16081 42.9023250137 -78.8686716557 34
16082 42.8811137567 -78.8773190975 7
16083 37.7623988431 -122.4352937937 27
16084 40.6707594333 -99.03914955 6
16085 39.9755415487 -83.0069446564 66
16086 47.6690147667 -122.3634357 9
16088 40.7475803167 -73.94023025 7
16089 40.74697615 -73.9527388667 9
16091 40.9700844167 -98.3180470833 1
16092 32.088801248 -81.0990035534 6
16094 57.71447865 11.9320748833 6
16095 43.6579991228 -70.2508735657 7
16096 57.7134127667 11.9372503833 5
16098 37.3919951333 -122.08025435 13
16099 37.3942993 -122.0995719667 10
16100 57.703064 11.9278886667 13
16101 57.6828774667 11.9504336333 46
16102 32.8558409167 -96.73269675 26
16103 47.6709273667 -122.1182820167 35
16104 43.6630950833 -70.2098861833 3
16105 39.6524329167 -105.0089179833 16
16106 57.693145237 11.952931881 30
16107 32.4370121667 -96.8377237167 9
16108 37.7989741 -122.4597242 21
16109 28.0553756833 -97.0407083167 1
16110 42.2693915167 -89.0906942333 15
16111 30.4254896333 -97.7535173 67
