500 96 404 100 28.09 72 303
16726 28.4804234079 -81.4675176144 9
16727 28.4803019167 -81.4679129667 7
16728 28.4799424547 -81.4676597714 6
16730 35.68017015 -105.9501041167 3
16731 28.4795823333 -81.4678604667 9
16732 32.6772741667 -97.4055105667 16
16733 28.4783594 -81.4680201667 4
16734 28.4766582403 -81.4677174389 13
16735 28.4766888903 -81.46728158 11
16736 28.47668545 -81.4675090333 5
16738 28.4765886667 -81.4674919333 3
16739 28.4764846 -81.4673546833 4
16740 38.8951679 -77.0160640167 2
16741 28.4740293806 -81.4658224583 14
16742 33.1112774833 -117.29514845 11
16743 28.47402375 -81.4653027 27
16745 35.9329249667 -84.0037979667 4
16746 39.7069584167 -74.1319892833 1
16747 35.0550844 -85.3096701 12
16748 35.1015653978 -118.4223496914 1
16751 29.7860232167 -95.7365726667 9
16753 30.2709220333 -97.7879393667 25
16754 33.1274051167 -117.2525836333 9
16755 33.1262686833 -117.2542718833 6
16756 38.8948058 -77.0023938667 4
16758 41.9532165167 -73.5117554167 2
16759 39.7168595518 -104.9529826641 128
16760 50.93858235 6.9395361333 6
16762 30.164288 -95.4628374833 11
16763 42.4903540667 -83.1444212667 7
16764 30.1639387167 -95.4632494833 6
16765 42.4787937333 -83.1425166167 11
16766 30.1641305 -95.4641733667 4
16767 30.1635484167 -95.46410485 4
16768 30.1638249833 -95.4642265667 5
16769 30.1642933117 -95.4640460014 19
16770 32.7089410019 -117.1591150761 62
16772 30.6811779503 -88.2442259789 47
16774 50.9371215167 6.96074795 22
16775 29.5518345476 -95.0982999802 67
16776 48.5008541333 -122.6150630667 1
16777 38.8849615667 -76.9975913833 2
16778 48.5013867333 -122.6147985833 3
16779 39.0822376833 -94.5962611 19
16780 38.9096357437 -77.0434498787 165
16782 39.0971102833 -94.5833872333 51
16784 33.7955542681 -118.0307686329 4
16785 41.3889800698 -73.5197889805 8
16786 28.4719594667 -81.4731270833 8
16787 28.4734069325 -81.4735794067 45
16788 41.53639715 -73.2113531 2
16789 33.7636718833 -118.03531815 1
16790 52.8184876857 -0.1288318634 2
16791 42.36168432 -71.07091867 50
16792 28.4720728667 -81.4687092667 12
16793 33.6407762995 -84.439201355 337
16795 43.5640712193 -70.1990157366 5
16797 33.0993091333 -117.2001019667 3
16798 38.9000343079 -76.9843554497 10
16800 48.2210838 -122.6866901833 1
16802 40.7123678333 -74.0081857667 30
16803 40.7390304833 -73.9887598 6
16806 37.9637984833 -84.39204775 1
16807 36.17044025 -115.14439525 109
16809 37.7687449167 -122.4108963333 4
16811 36.0100392167 -83.9742261333 1
16812 40.73838125 -73.9880529167 32
16813 39.7438077493 -104.9915313721 39
16814 36.1014489107 -115.1305550337 63
16815 40.61162085 -89.4609162333 5
16816 37.7212914667 -122.43729055 5
16817 40.415938471 -111.7683148384 8
16818 40.4138240333 -111.764114 2
16819 40.410074 -111.7638730667 1
16820 40.4139958167 -111.7536524833 2
16822 40.4154485333 -111.7533894833 2
16823 40.4153122833 -111.7628422333 1
16824 37.783827637 -122.4829094926 13
16825 40.421707 -111.7601914333 2
16827 40.4216395 -111.7581179167 3
16828 40.42514135 -111.7613198167 1
16829 40.4262229 -111.756864 2
16830 42.5176228 -83.18332885 4
16831 42.5254803167 -83.18432455 3
16832 42.52616505 -83.1843972333 2
16833 42.5456623667 -83.2131235667 8
16834 42.5474863333 -83.2163875167 4
16835 42.5463128833 -83.2140461833 4
16836 42.5462753 -83.2140254167 2
16837 42.4955220167 -83.1636231667 11
16838 37.7852846833 -122.4327201667 60
16840 28.47616465 -81.4674492 1
16841 28.4780428167 -81.4674051833 5
16842 41.8933989167 -87.6902672667 3
16843 43.0097368833 -81.3333886667 1
16844 28.4780418333 -81.4669420333 7
16845 39.7552653789 -104.9910485744 178
16846 28.4804593167 -81.4683072667 6
16847 38.9128581954 -97.2126746178 4
16848 37.3880266 -122.0695429167 10
16849 37.3911123667 -122.06925955 8
16850 38.9156674833 -97.2232486667 1
16851 37.3950080833 -122.06946325 11
16853 29.7848973 -95.4639611 20
16854 38.9263433667 -97.2131685333 1
16855 37.4247423167 -122.0688047167 5
16856 28.4805251167 -81.4689866333 1
16858 28.47879445 -81.47165077 1
16859 40.70275727 -73.9927259686 7
16860 31.7281830167 -98.9832329667 8
16861 32.3661557167 -88.6718429 29
16862 32.7325232333 -97.3440133167 18
16864 40.0473084167 -76.2911047 1
16865 34.0488903633 -118.2609128952 28
16867 28.4781919833 -81.4691606333 6
16868 28.4768114902 -81.4692234993 13
16869 28.4768282833 -81.4690852333 3
16870 28.4768306333 -81.4690152167 3
16871 28.4765945826 -81.4686173201 9
16872 28.4766307167 -81.4687510667 5
16873 28.4766619333 -81.4688657333 4
16874 28.4767709667 -81.4686665 4
16875 28.4767709667 -81.4686665 4
16876 28.4768449333 -81.4687248 3
16877 28.4768502 -81.4687468667 4
16878 28.4766948667 -81.4688653833 3
16879 28.4767361 -81.4689110333 3
16880 39.7503369345 -104.9991112947 32
16881 28.476954 -81.4687799667 3
16882 28.476954 -81.4687799667 3
16883 28.4770119333 -81.4688887 3
16884 28.4769643333 -81.4691343167 3
16885 28.4770084 -81.46927845 3
16886 28.47699395 -81.4693651 6
16887 37.7995614167 -122.4006181167 34
16888 28.4768506667 -81.4692498833 10
16889 28.4768384 -81.4692855333 4
16891 37.7240505333 -122.45654865 1
16893 42.4751719333 -72.6146845167 9
16894 42.6508223667 -73.7629545833 12
16895 32.31169035 -90.9006302667 26
16896 32.3126267667 -90.9001476667 11
16897 38.9003195833 -77.0582957833 6
16898 47.7563192333 -122.1600592833 1
16899 47.7564508333 -122.1587537833 1
16901 47.7525076333 -122.1617639167 1
16902 40.5011461833 -74.4154148667 18
16904 40.732397089 -73.9992284775 12
16905 30.2747907333 -97.7742833 42
16906 39.25066399 -94.65278649 7
16907 40.74137425 -73.9881052167 279
16908 37.4271373833 -122.0735324167 3
16909 39.5333094 -104.7921222167 3
16910 33.0280014833 -96.8374752833 39
16911 47.6116783333 -122.3411282333 9
16912 48.0014047 -122.1762502167 4
16914 40.09362625 -76.3538518333 1
16915 36.0279505 -83.9269654667 1
16918 34.1407343333 -118.371804 1
16919 40.7113372081 -74.009206295 31
16920 48.0581086 -122.1603050667 1
16923 39.7399456167 -104.9471216833 20
16924 39.8502458833 -105.0783597833 1
16925 32.7338465667 -97.6334512 8
16928 37.44563525 -122.06315205 2
16929 37.4131069333 -122.0690126833 3
16930 37.4029794333 -122.0695053333 6
16931 37.7647172833 -122.4035716167 54
16932 37.7630942667 -122.4084580667 67
16934 37.8374909444 -122.4787793418 14
16936 57.7049497506 11.9710636139 20
16937 37.7477256833 -84.2945643333 4
16938 37.7314148333 -84.2919824 3
16940 37.7344753833 -84.2992558833 1
16941 37.7372249464 -84.3014431 3
16942 37.7502039 -84.2987462 1
16943 36.1366760167 -86.8005744833 42
16947 37.776422099 -122.3943257332 679
16948 47.6765930667 -122.1240485833 6
16949 40.8864475667 -73.4990220833 4
16950 37.3924952667 -122.0692610167 11
16951 37.3966566167 -122.06800575 5
16952 37.3986082167 -122.0681895167 7
16953 37.4061336 -122.06931505 3
16954 30.5000610352 -97.6761398315 6
16955 39.7427023048 -104.9892997742 3
16956 40.0438615 -76.2983305 16
16957 47.7558918333 -122.16714595 2
16958 33.9015416333 -116.5456619333 5
16959 47.7559432066 -122.1559523662 7
16960 32.7115110021 -117.1607228636 6
16961 40.07411795 -76.3251946667 2
16963 39.6895486833 -89.6886862667 10
16965 40.726720115 -73.9861553907 1
16967 38.8995082787 -77.0365619659 44
16968 37.77760145 -84.318569 1
16969 38.8974625725 -77.0387721062 27
16970 41.8906622 -87.68558145 1
16971 34.058080792 -118.4197935557 95
16972 40.7157182167 -74.0169648833 5
16973 37.723175 -122.453907 4
16974 47.70257855 -117.4090699 47
16975 40.7161293 -74.0156772333 6
16976 37.7505000814 -122.4182949289 65
16977 47.6554300667 -122.3090505833 1
16978 32.70704195 -97.1548235167 8
16979 32.8496772104 -96.768758297 324
16980 38.9096746169 -77.0328343077 24
16981 20.8731960833 -156.6782254667 2
16982 20.8719328833 -156.676867 1
16983 32.8309947 -97.3920007667 33
16984 37.75033045 -122.4339611833 6
16985 32.94043135 -97.1312314333 20
16986 47.6560109333 -122.30902885 12
16987 47.6562660167 -122.3095189333 10
16988 47.6563070833 -122.3099209667 16
16989 47.6576627965 -122.3057806492 3
16990 47.658370989 -122.3064351082 5
16991 40.7162283816 -74.0086654781 3
16994 47.6596102667 -122.3072423833 5
16995 47.6604408167 -122.3065076667 2
16997 47.6555309348 -122.3105013371 4
16998 47.6561200667 -122.31109075 5
16999 47.6562825163 -122.3115634918 2
17000 39.0145673333 -94.5911586667 7
17001 37.7575598423 -122.3925232887 98
17002 37.7640015333 -122.3935313 4
17003 36.0809449235 -115.1468467712 187
17004 30.2561088167 -97.74634525 405
17005 21.0132960333 -156.6377348 2
17008 38.8320106507 -77.0957314968 7
17009 32.8097529667 -97.4251163833 6
17010 53.2245014879 -0.5428522825 2
17012 53.2332617706 -0.5384105444 2
17013 37.4861951333 -122.2322730333 83
17014 37.4071413 -122.0691976167 5
17016 38.0371356 -84.4512391 11
17017 39.1523361206 -75.506187439 92
17018 32.82050625 -96.7875605667 27
17020 31.3891995 -97.2114199 5
17021 33.10163465 -96.8242932333 3
17022 39.7554633342 -104.9913489819 3
17023 30.3610086719 -97.6981612301 19
17024 32.3498357333 -97.3823529 4
17025 42.3957310768 -71.1218941212 13
17029 28.4855534391 -81.4316189289 187
17030 43.7054586333 7.3356056167 1
17031 32.7201964333 -117.1685590833 5
17033 34.0389477 -118.14428323 3
17034 32.757337976 -97.3330199718 26
17035 33.0318780333 -96.7706118667 5
17036 47.6010313167 -117.4127628 4
17037 32.9275536333 -97.0860728 7
17038 32.9283211333 -97.086422 25
17039 32.93012455 -97.08973265 15
17040 32.9307513833 -97.0913228667 2
17041 42.39596515 -71.1288553833 1
17042 37.5217096167 -122.2741221833 3
17043 41.09758685 -73.9559318167 83
17044 32.6606001667 -97.1354065 5
17045 42.3462225998 -71.0977756977 319
17046 42.347324798 -71.098151207 35
17047 37.9526567333 -84.5290875333 7
17048 42.39655135 -71.1297405833 3
17049 30.4173564833 -97.7454868333 6
17050 39.0711162667 -94.5799355833 27
17051 40.5480030602 -74.3353356595 40
17052 41.5247308333 -87.88184885 2
17053 41.5353325409 -87.5158875778 15
17054 40.71419513 -73.99048709 4
17055 30.3614376564 -97.7161327933 48
17056 38.8990740929 -77.0390725136 16
17057 38.89892075 -77.0386415833 14
17058 33.0685857 -117.2654103 11
17059 39.7592957 -104.9854823167 12
17060 47.64208445 -122.1365033 11
17061 32.73034757 -97.27419364 4
17063 37.4061544039 -122.1058058739 33
17064 37.4290661833 -122.142318 11
17068 37.7889358667 -122.4344831833 36
17069 37.7694226667 -122.42815735 20
17070 43.5068680333 -80.5470416167 1
17071 37.7872153167 -122.4337242833 12
17072 20.8721322167 -156.67761645 12
17074 20.8766496 -156.68115235 13
17075 43.7038064 7.3309493 1
17086 43.7276244 7.36088275 3
17093 32.3930964833 -97.3321735167 2
17094 33.096558 -117.1996992167 9
17095 32.3969214388 -97.3270654678 10
17099 32.9534899004 -96.8250495316 98
17100 0 0 116
17101 30.4832644667 -97.6767234667 17
17102 43.7391079063 7.4280211329 28
17103 39.0401826 -94.5919199333 29
17104 39.0399202833 -94.5918488333 18
17105 42.3144612667 -71.10322865 37
17106 32.7628622167 -97.16829805 8
17107 39.0373466167 -94.5873202167 26
17108 32.75370515 -97.3307050333 10
17109 32.7541912795 -97.3308366537 37
17110 32.7552807935 -97.3304021358 51
17111 39.7566345578 -104.9910378456 5
17112 37.8818239 -122.2814173667 5
17113 37.8813569667 -122.2818817 7
17114 28.6854314667 -81.3367226333 27
17115 47.67376 -116.7879794 9
17116 38.4574773667 -122.7304246667 1
17117 32.8671659667 -96.94476945 17
17118 42.3473168686 -71.095136404 16
17119 47.6734759667 -117.20865685 11
17121 43.12307769 -87.90812069 1
17123 39.7733896471 -86.1516488259 8
17124 47.5838394667 -122.33439765 4
17125 47.5859524667 -122.3346528167 5
17127 32.7823226332 -96.7995393276 42
17129 47.5856645 -122.3345476 3
17132 32.8068888833 -97.4265757833 7
17133 32.8061496167 -97.4252584833 5
17134 32.8113241667 -97.4295503833 6
17135 32.8117345506 -97.4301373959 6
17136 47.58620655 -122.3347574 1
17138 32.8126250167 -97.4355600833 5
17139 39.0909026333 -94.5863546833 4
17140 32.8131570167 -97.4364085667 3
17141 32.8263755667 -97.4804384167 5
17142 41.9796288 -87.8676652833 35
17144 40.0661257 -76.34037685 6
17145 40.72208055 -74.0026417833 1
17146 37.9879117 -84.4269704667 3
17147 38.0285203333 -84.48158025 2
17148 29.7028639667 -99.7527578333 1
17149 32.7314437868 -117.1504354477 21
17150 32.7314437868 -117.1545553207 23
17152 47.6555207667 -122.30574755 12
17153 37.7758196 -122.4090319833 137
17154 32.7999607833 -96.8009867167 16
17155 37.530393 -122.2987844 5
17156 47.6665622 -122.3834582 36
17157 32.8747406006 -96.5201339722 14
17158 38.43979575 -122.7173679167 7
17159 37.7141770694 -122.2108411789 753
17160 39.00644296 -94.5768513 6
17161 20.8760469333 -156.68054785 25
17163 20.8754098833 -156.6801046 5
17164 20.8765641833 -156.68092525 2
17165 45.5889060639 -122.5931739807 1240
17166 43.7410032667 7.4286675333 4
17168 32.8370841833 -97.85745625 3
17169 39.0945890419 -94.5813310146 54
17170 33.0096036839 -96.9678264856 6
17171 39.0461942424 -94.5853221416 2
17172 29.7284490508 -95.4367733002 13
17173 38.8912749963 -77.0260047913 256
17174 29.7552960167 -95.0886367 7
17175 35.9915033667 -78.9062911333 41
17176 32.73106005 -97.3696999667 22
17177 40.5139421833 -74.40319775 4
17178 45.51870445 -122.7055416333 31
17179 29.75000125 -95.0804455833 7
17181 38.8961110667 -77.0283125333 13
17182 30.4790016667 -97.6716637167 32
17183 32.7920468 -97.3486977667 8
17184 32.7905624167 -97.3490223 12
17185 32.7904956833 -97.3487432333 3
17186 38.8912415936 -77.0300924778 213
17187 32.7893785833 -97.3490389333 11
17188 32.78878835 -97.3485162 6
17190 32.7887677 -97.3466240667 3
17191 32.7881968333 -97.3462366833 2
17192 45.536550509 -122.4073505402 69
17193 29.7536543833 -95.0881990667 2
17194 47.6722734 -117.25429655 3
17195 29.7617865667 -95.0807845333 5
17197 39.7562056613 -104.989836216 9
17198 29.76480095 -95.0789756 8
17199 38.9777368937 -76.4870529514 11
17200 32.5884153333 -92.6050411 4
17201 32.5858951167 -92.6127743333 5
17202 38.97912565 -76.4913479167 11
17203 38.9798364667 -94.6327464667 13
17204 32.5843379667 -92.6125553667 5
17205 38.9838985875 -76.4888763428 21
17206 29.78540835 -95.5344168167 25
17207 38.97907954 -76.48112195 2
17208 30.2691029532 -97.7493953705 456
17209 37.8326513333 -122.4798823833 27
17210 45.5779582488 -122.1177148819 52
17212 37.8964499833 -122.51560235 63
17213 45.5895761167 -122.0752002 2
17214 32.7087922667 -117.1565851333 58
17215 45.6416928949 -121.9431567192 10
17216 37.7773888296 -122.3951518536 228
17217 32.7551860537 -97.3329663277 39
17218 45.6623918114 -121.9014000893 14
17219 32.7556106167 -97.33242095 19
17221 45.6278443502 -122.0211338997 5
17222 32.7532190519 -97.3329341412 21
17225 32.7560793108 -97.3305416107 35
17226 32.7520703 -97.3287955167 14
17227 32.7519707167 -97.3288639 16
17228 32.7480171154 -97.326708734 18
17229 32.7474170459 -97.3265504837 21
17230 32.7475634667 -97.3269758833 33
17231 32.7478659704 -97.3260569572 24
17232 32.7482697667 -97.3282103833 48
17235 38.992276 -94.59521285 33
17236 38.9927760833 -94.5952756 58
17237 32.8049505167 -97.41267625 3
17238 32.8097529333 -97.4239921167 2
17239 32.8096544167 -97.4233028667 4
17240 32.8102890167 -97.422016 4
17241 45.5160757664 -122.6563560963 95
17242 32.800394397 -96.7778124336 142
17243 33.0166397095 -96.9788818359 8
17244 29.5604463667 -95.0398437167 2
17246 38.8021812 -97.6103576333 1
17247 38.8023019667 -97.6103157167 2
17249 30.2641547061 -97.7407586575 252
17250 32.8419023667 -97.5979166333 25
17251 29.7198077667 -95.3886332667 40
17252 30.3653182983 -97.7283248901 30
17254 38.7847064 -97.6097505333 3
17255 29.54685252 -95.02000528 7
17256 45.3839386085 -122.7507537603 13
17257 38.5131821 -122.9838251833 1
17258 32.7210524833 -117.1682354833 7
17259 32.7227825 -117.1684656167 10
17260 40.0383309333 -76.3399824333 1
17261 42.0293140333 11.962502 1
17262 45.5192481857 -122.6778781414 60
17263 41.902277041 12.4538719654 49
17264 41.900981411 12.4832877517 55
17266 33.10431215 -96.8234203833 3
17267 38.1810848833 -83.4336545167 1
17269 39.0935326667 -94.5931743 59
17272 33.1020515333 -96.8235331667 4
17273 33.1018455167 -96.8240798333 2
17274 33.10185165 -96.8238267167 3
17275 33.1018210667 -96.8235550167 3
17276 33.1017733167 -96.82337005 3
17278 33.1017180833 -96.82339795 3
17280 41.890202108 12.4923348427 101
17281 33.1017045333 -96.8236819833 3
17282 33.1016948333 -96.8238442333 3
17283 33.1016674 -96.8241492167 2
17284 33.10163075 -96.8243376333 2
17285 33.10138885 -96.8245078167 2
17286 33.1014818833 -96.8245555 2
17287 33.1012599333 -96.82427725 2
17288 33.1012717333 -96.82440955 2
17289 33.10083965 -96.8247404667 2
17290 33.1007934667 -96.8250118667 2
17291 33.1016405833 -96.8248987 2
17292 33.1013713667 -96.8248676333 2
17293 33.1011749 -96.8248918333 2
17294 33.1010539167 -96.8248477667 2
17295 33.1002544 -96.8245621167 1
17296 33.1003062167 -96.8244929333 3
17297 33.1012963 -96.8255268667 1
17298 33.1013285833 -96.82529055 1
17299 32.8731391333 -96.7632669833 2
17300 32.7556661833 -97.800635 11
17302 42.3492347666 -71.0808858275 20
17303 45.5188873508 -122.6793050766 125
17304 45.519203 -122.679675 22
17305 32.7566669667 -97.74277965 5
17307 38.9051441032 -77.0375275612 141
17308 38.9030976667 -77.0367986833 17
17309 38.9021511333 -77.0365212 17
17310 38.9012376833 -77.0364219167 11
17311 38.9007130167 -77.0364551167 12
17312 33.1759219167 -96.8431985333 4
17313 37.7766187 -122.3900647833 52
17314 32.84207685 -97.5982242667 16
17316 37.7784353667 -122.3877088167 19
17317 44.9061177833 -93.1979237167 11
17319 43.0747187983 -89.3845081329 33
17320 38.8948636333 -77.0396826167 13
17321 38.8929528333 -77.0396287167 14
17322 32.68210925 -97.4606225667 12
17323 40.66637345 -73.4750846833 16
17324 40.0533909667 -76.3229885667 5
17325 33.1769928167 -96.8425380333 42
17326 33.1769928167 -96.8425380333 6
17327 32.52149095 -97.3466754167 38
17328 33.1765694667 -96.8414738167 2
17329 51.47069346 -0.45792812 187
17330 38.76980415 -75.31049045 16
17331 32.5429686 -97.32079945 6
17333 38.4534910667 -122.76998105 1
17334 42.40618385 -71.142167 2
17335 28.5947080107 -81.3507974317 10
17336 40.0261616833 -76.2035083833 15
17337 32.9618106 -97.0418338 43
17338 28.5950551167 -81.3511388 1
17339 45.5327986167 -122.2487340667 1
17340 39.7567121333 -105.00876475 38
17341 38.7152868333 -75.0870291833 45
17342 41.3743156833 -73.4220154333 1
