600 138 462 120 21.80666666666667 103 346
20252 37.7682181667 -122.4578406 13
20253 38.8057407333 -77.0435174167 8
20254 37.7680241546 -122.4580791593 12
20255 29.95535495 -90.06403395 4
20256 47.69967355 -122.6239428167 1
20257 29.9550941167 -90.0643326833 5
20258 45.3517848833 -122.62631535 2
20259 37.3270437667 -122.3867126833 3
20260 29.9544192 -90.0647102333 13
20261 33.05296015 -117.2623798667 2
20262 33.0527659167 -117.26298465 2
20263 35.9052438034 -79.0106490254 14
20264 38.8045302833 -77.0423197167 6
20265 33.0536289 -117.2626420667 8
20266 29.9522594 -90.0654297333 7
20267 33.0542135 -117.26192025 2
20268 38.9113274333 -94.3866986 3
20269 37.80489575 -122.41579848 3
20270 47.3598806167 -122.6071157 3
20271 47.3598806167 -122.6071157 2
20272 26.0272402833 -80.1149283833 7
20273 32.8833084478 -97.0996933716 3
20274 37.7668728347 -122.4559950829 44
20275 47.3389137 -122.59041535 1
20276 47.3316729167 -122.5830234167 1
20277 32.8826304 -97.09642899 2
20278 47.32956925 -122.5811677667 2
20279 41.9315764097 -87.6834082603 17
20280 32.97534735 -117.2648947667 10
20281 39.0424266333 -94.5900480167 36
20282 37.7968525833 -122.2792482333 15
20283 37.7821720028 -122.4106044787 40
20284 30.35952565 -97.7338569833 142
20285 32.8935130333 -97.23789435 10
20286 30.2844064667 -97.7203022667 113
20287 39.8476897506 -74.9788570404 4
20289 32.8983472333 -97.2382042667 13
20290 30.2640704819 -97.729572561 135
20291 47.6153489441 -122.1983528137 39
20292 29.95042604 -90.06506103 7
20293 37.6993504667 -122.4820832833 5
20294 37.7908857667 -122.38902575 55
20295 30.2938311838 -97.716653645 146
20299 39.7250863 -104.98279315 11
20300 32.6789088333 -97.1042758333 13
20301 29.7371225837 -95.4191350937 60
20302 40.72614741 -73.99379259 5
20303 40.7067340458 -73.9904308319 281
20304 37.7134641341 -122.3863649368 61
20308 39.0068125623 -94.5284056664 34
20310 51.7623488333 -1.2709528 1
20311 51.7850395667 -1.2860350333 2
20312 51.7831970833 -1.29348825 3
20313 41.8188319817 -87.8781688213 56
20314 51.7624652 -1.2791815667 1
20315 33.1791098741 -96.6989564896 1
20317 38.17887065 -83.55535885 1
20318 42.9329222667 -81.2239057667 18
20319 33.1734533333 -96.68319905 4
20320 36.3630867 -94.28840953 4
20321 33.1659642167 -96.6636553667 22
20322 32.7766090667 -79.9269142333 17
20323 33.1442162667 -96.6777065333 19
20324 33.14288275 -96.6776676667 6
20325 33.14397685 -96.6743161667 41
20326 33.1415246 -96.6794266333 72
20327 33.1021063833 -96.6839214667 7
20328 33.1014973833 -96.68326615 24
20329 33.0900104 -96.6839685167 28
20330 33.0899336833 -96.6841291167 2
20331 33.0899056061 -96.6846013069 46
20333 33.0909769 -96.6802828 39
20335 33.1322975167 -96.6594074667 8
20336 29.7426498167 -95.4021984667 70
20337 33.1326119 -96.66238695 6
20338 39.6892238284 -75.5201911926 12
20339 51.5372620167 -0.1068485 5
20340 32.8521945167 -96.7246989 41
20341 33.1757697167 -96.6967440833 5
20342 37.4227132532 -122.083418069 33
20343 33.1879558167 -96.6929509167 7
20344 30.3583972053 -97.7349543571 10
20345 30.3011968676 -97.739194894 120
20346 33.6241817 -97.1492551 15
20347 34.9315084 -101.6353529667 2
20348 33.6248579193 -97.1509945393 2
20349 47.6716662333 -117.1975643333 2
20350 37.7904893273 -122.4054193497 88
20351 47.6652216333 -117.1970931667 3
20352 36.9025536333 -106.5787111667 2
20353 47.6150571833 -122.34129785 89
20355 43.2915633167 -70.5893396167 1
20357 47.4979085092 -122.2043395042 24
20359 32.7568307 -97.0666449333 18
20360 38.0469841167 -84.4963211333 1
20361 51.5374094333 -0.1095699833 6
20363 30.2146121663 -97.8920888901 7
20364 35.4918875754 -97.5033724308 56
20365 40.5937393667 -89.60392375 1
20366 40.5941428333 -89.6006471667 1
20368 40.6047169667 -89.6170161333 1
20369 37.69586741 -97.33538317 1
20371 29.9192187764 -95.6104148238 4
20372 33.5453917608 -82.144709524 2
20373 32.92157286 -97.26228487 2
20374 34.0553128 -118.3833635333 2
20375 39.0011719 -94.5763498167 6
20376 39.0023820333 -94.5746689 5
20377 37.6053938333 -97.3244477333 9
20378 29.95860605 -90.0641617333 3
20379 30.29180651 -97.73103213 4
20380 37.6659079667 -122.4691708167 5
20381 29.9639765167 -90.0585354833 31
20382 38.789059 -97.6146459333 2
20383 28.3291061833 -81.5158387667 10
20384 28.33076895 -81.5158158833 3
20385 38.8021415333 -97.6122524 6
20386 28.33113265 -81.5159038833 3
20387 32.9686473167 -96.9932340833 12
20388 29.8875222833 -95.6388103 8
20389 35.9011292167 -84.1529028667 11
20391 29.8878486833 -95.6428539167 4
20392 28.3289502167 -81.5156629667 2
20393 29.9588289667 -90.0656002 6
20395 51.7590866833 -1.2602838833 7
20396 51.7579581167 -1.2626426167 2
20399 51.7567971833 -1.2599143667 1
20400 51.7550625167 -1.2592390167 6
20401 51.7529888333 -1.25365455 6
20402 51.7531148167 -1.2536578333 2
20403 51.7533894333 -1.2542501167 2
20404 33.215775083 -97.165542841 2
20405 42.3588104959 -71.1112765968 2
20406 36.62352055 -95.1477853167 17
20407 32.79627197 -96.77833652 15
20408 38.8791144333 -97.6117936167 3
20415 35.7848560667 -95.4058731333 4
20417 33.8783575 -117.8807606 20
20418 35.1835795833 -97.4992659833 10
20419 58.0151674167 11.5142358 3
20425 31.5975551167 -96.1515064167 2
20426 36.46001815 -94.5210242167 3
20427 38.8642687667 -99.0211604167 4
20428 38.88440275 -94.6687970167 2
20429 38.89460245 -99.3185325667 2
20430 26.7081689652 -80.164190009 2
20431 58.0169837167 11.5131512 5
20433 51.55550045 -0.17583175 9
20434 48.8445431333 -123.3226928167 1
20436 32.9183286667 -97.0160547833 2
20437 39.8985512686 -84.221405983 97
20438 39.3617500167 -101.0541958333 18
20440 29.7855080167 -95.82484185 1
20441 34.7438797333 -98.5316641333 10
20442 39.3298991737 -102.0498347282 20
20443 38.9183163167 -94.6477742333 7
20444 38.9170364 -94.64805995 33
20445 38.9176080333 -94.64779645 8
20446 38.9175659 -94.6476484833 8
20448 39.2877463333 -103.0617722333 1
20449 32.9213745833 -96.9562856167 1
20450 39.0006850167 -94.63260725 19
20452 39.00454555 -94.62864855 2
20453 42.3664555621 -71.0905015469 18
20454 39.604069 -74.20982105 1
20455 33.2165756 -96.67945785 6
20456 30.2648496997 -97.7312850952 271
20457 31.8029405167 -97.1019720333 14
20458 40.5190652833 -111.9336581333 1
20459 42.9894969 -81.2509408833 8
20460 42.9904997667 -81.2513158833 6
20461 48.4433581667 -123.37021895 1
20462 33.0196574833 -96.7066047833 11
20463 34.0758294167 -118.2612258333 6
20464 34.0758426667 -118.26049415 2
20465 42.98604577 -81.25359249 5
20466 34.0770579333 -118.25918375 8
20467 45.3914244961 -122.7492737084 15
20469 40.0194642337 -105.2731150389 77
20470 40.0198360258 -105.2713152766 1
20471 39.0406556 -94.5943928833 26
20472 32.9929212167 -117.2720514667 47
20473 37.7981553167 -122.4062794 67
20474 33.2178972833 -96.67786775 6
20475 51.5110599 -0.1585929 51
20476 51.5129959 -0.15873965 81
20477 33.2783149833 -96.5687906833 2
20478 51.5149655348 -0.0977504253 34
20479 51.5144227333 -0.0992488 21
20480 51.5138571951 -0.0982654095 114
20481 53.0728803473 -0.8134067059 3
20482 51.5095320753 -0.0984558463 77
20483 51.5080079195 -0.0993275642 261
20484 51.5080613409 -0.0971496105 83
20486 30.2521635333 -97.7635026667 80
20487 51.5086639667 -0.0785350833 6
20488 51.5075437167 -0.0758928667 2
20489 51.5082027167 -0.0763605667 10
20490 51.520112952 -0.0976538658 45
20494 51.5203921 -0.1007544333 1
20495 51.5197827667 -0.1021101833 8
20496 30.3944781333 -97.9090467 23
20497 41.89242315 -87.6429879 4
20498 25.75263381 -80.25630617 3
20499 39.7339943833 -105.1628941333 4
20500 41.8913004167 -87.6098435833 20
20501 30.2909130396 -97.7418422699 26
20502 39.1572118667 -75.5200439 4
20503 39.0510872833 -94.5859225167 52
20504 39.9278756333 -105.1339129 3
20505 39.9277607333 -105.1337110667 4
20506 39.1581802368 -75.5258560181 10
20508 39.9272272 -105.1330556333 1
20510 39.9274429667 -105.1330075167 1
20511 39.9282136 -105.1330265667 6
20513 51.5167748748 -0.2059748769 21
20516 51.5156197667 -0.2045444333 17
20521 40.7478357333 -89.6300383167 1
20523 47.6711371333 -117.2363452667 4
20524 42.0465679005 -88.0370092392 133
20525 33.6239898167 -97.13238 1
20526 39.0576128 -94.6058821167 12
20527 40.0214916057 -105.2610933781 19
20528 51.5144419667 -0.1346039667 9
20529 40.0187863755 -105.2763015032 95
20530 51.5122874272 -0.1313309963 61
20531 40.0187350223 -105.2765321732 22
20532 40.018761726 -105.2764302492 14
20533 37.7880644265 -122.3990678787 3
20534 51.51490002 -0.20488351 6
20535 41.3598217 -71.9636614667 8
20536 51.5098726246 -0.1345422864 205
20537 41.3546531667 -71.9681126167 7
20538 33.6747928833 -95.5219871833 3
20539 37.1124195391 -76.4955282211 10
20541 45.5087328167 -122.8279199833 11
20543 40.0184577146 -105.2764758468 5
20544 40.0186672361 -105.276888907 10
20545 40.0186117746 -105.2772000432 14
20546 33.5925545833 -96.1924234833 2
20547 40.0181064565 -105.2781549096 3
20548 26.1216377833 -80.3305446 15
20549 40.0192177406 -105.2763551474 2
20550 40.0198216471 -105.2773100138 5
20551 49.2518425 -123.00141195 3
20552 38.648191 -90.3317309333 13
20554 28.3560205333 -81.5594105333 34
20555 30.2085415 -97.9725319667 102
20556 51.7539594333 -1.26236515 20
20557 33.2210385333 -96.6361772833 9
20558 35.9622005833 -79.0350303 2
20559 35.9624550667 -79.0539100333 8
20560 45.49009325 -122.7969314833 8
20561 38.9791107178 -94.6303634644 22
20562 41.2300189833 -73.1843324833 13
20563 40.0163337051 -105.2565443516 22
20564 32.98748015 -96.8539237833 7
20566 47.6620275333 -117.3458022333 4
20568 33.9408677604 -118.4069108963 186
20569 32.9003957667 -97.2566500833 7
20570 39.7417618381 -105.5165469646 32
20571 38.969016773 -94.6081697174 21
20572 37.5753991333 -122.2970605833 3
20573 30.2975448167 -97.7838264 29
20574 40.0190369784 -105.2595806122 30
20575 26.1584794833 -80.4457093833 1
20576 38.8811775667 21.6017587333 1
20577 38.8796101167 21.6017278167 1
20578 33.2164572479 -96.6437351704 7
20579 33.2180710167 -96.6424296667 9
20580 33.2175834667 -96.6443698833 5
20581 33.2189961 -96.6348362667 8
20583 41.81410945 -87.8783059 24
20584 32.9556631167 -97.0977014833 26
20585 41.8787000494 -87.6396560669 383
20586 42.3652203333 -71.0568585 22
20587 41.8821988114 -87.6374673843 44
20588 42.36112365 -71.06572835 19
20589 42.3611633667 -71.0671341167 8
20590 42.3611834167 -71.0694955833 13
20591 42.36112641 -71.0705834627 68
20592 32.9387612167 -97.09789045 1
20593 32.9387712833 -97.0978687667 1
20594 32.9387507667 -97.0979223167 1
20595 32.9388300667 -97.09802525 1
20596 32.9388809833 -97.0980425833 4
20597 32.9391140333 -97.0979229833 23
20598 32.9560899667 -97.0972496333 10
20599 47.6497319833 -117.4127737167 2
20697 39.0905786333 -94.58599585 1
20698 38.9636883668 -77.0901000466 4
20699 38.6472531833 -90.3139439167 4
20700 38.6472613333 -90.3105615 7
20701 38.6471116167 -90.3094493167 2
20702 38.6481640833 -90.3077237 7
20703 38.64810375 -90.30773815 4
20705 38.64796045 -90.3049024833 3
20707 39.710418 -105.08243355 4
20708 38.6464976167 -90.3035076833 1
20709 38.6435248833 -90.29810035 1
20711 51.7550815 -1.2528356167 14
20712 38.63982765 -90.2940578333 5
20713 38.6398558167 -90.2939733667 3
20714 51.7550149667 -1.2517873667 4
20715 51.7553060167 -1.2517134333 3
20716 36.50275653 -121.93624657 4
20717 51.7575339667 -1.2521285667 1
20718 32.9407164 -97.1071527167 4
20719 32.9406739 -97.1066530333 2
20720 32.9406986667 -97.1065873 1
20721 32.9406626 -97.10627075 5
20722 32.94065445 -97.1056906667 3
20723 32.9388804833 -97.1035488167 3
20724 32.9388820833 -97.1036712 3
20725 45.5175330167 -122.6592904167 42
20726 32.9394723833 -97.1080468833 21
20727 32.93963935 -97.1051633 11
20728 32.9396411 -97.1055664667 10
20729 32.9393951167 -97.1065675833 10
20730 32.9393980667 -97.10699575 14
20731 32.9394232333 -97.1071969 7
20732 32.93939025 -97.10724115 7
20733 41.70245335 -74.8816579167 1
20734 32.9395646667 -97.10890625 5
20736 32.9395419 -97.1088656333 4
20737 32.9415422667 -97.1159539833 5
20738 32.9427764833 -97.1157483833 13
20740 38.6464759167 -90.3106429833 2
20741 26.6854258232 -80.1870632172 21
20743 45.5224596306 -122.6371930835 17
20744 36.1665152 -86.7771156 6
20745 38.64837635 -90.33226135 4
20746 40.0136714103 -105.2791205049 10
20747 40.015647599 -105.2785813808 3
20749 40.0204255483 -105.2567106485 1
20750 40.0194395844 -105.2565443516 28
20751 40.017418314 -105.2563083172 5
20753 40.0175785388 -105.2562975883 172
20754 42.3764229742 -71.0606485605 112
20755 37.785537697 -122.4216413498 78
20756 40.0166952433 -105.2558845282 15
20757 40.0175333472 -105.255471468 19
20758 40.017073213 -105.255535841 15
20759 40.0175333472 -105.2553641796 4
20761 32.9375199167 -97.07881075 4
20762 32.9371041333 -97.0785137333 5
20763 32.8518815216 -97.1318629875 7
20764 37.7762297833 -122.4244872167 7
20765 30.26346951 -97.74229508 5
20767 38.90894535 -77.2566528167 2
20769 40.01863437 -105.2554821968 55
20770 40.0188972982 -105.2554875612 2
20771 33.0740643167 -97.0785360833 56
20772 30.2482519333 -97.771659 122
20773 40.0216251185 -105.2561903 54
20774 33.2197909667 -96.63635075 14
20775 33.22014735 -96.6361699833 11
20777 33.21791955 -96.63829615 6
20778 32.9372968 -97.0784243333 5
20779 32.9373099833 -97.0784159333 4
20780 32.9373101333 -97.0784128833 4
20781 45.529666295 -122.685624361 95
20782 35.6422660667 -106.0119826 5
20783 32.73568985 -97.358983 37
20784 38.35592765 -77.5109723333 1
20785 33.6252191333 -97.1510189667 8
20786 34.60238535 -118.15219395 7
20787 30.3341112252 -97.8082752228 56
20788 40.01575985 -105.2548502 20
20789 49.2259292 -123.003686108 3
20790 34.6033972333 -118.18172975 1
20791 49.2259292 -123.003686108 6
20792 33.1732670667 -96.6998855 4
20793 49.2286834833 -123.00237885 2
20795 32.9106001833 -97.3143746167 13
20796 46.7235062167 -117.0165780333 1
20797 40.4825521286 -88.9525061846 81
20798 34.61124795 -118.1485195 4
20799 32.8913139667 -97.25852865 34
20800 40.6076423667 -89.4637291 6
20801 40.60852195 -89.4642198167 3
20802 38.6503317833 -90.3369057833 6
20803 34.61314155 -118.1481057667 5
20804 37.0928065333 -76.4603197 2
20805 39.0348097333 -94.58351425 16
20806 40.0196244537 -105.2723479271 4
20807 49.2700982333 -123.1031265167 8
20808 49.2597317167 -123.0447187 26
20809 49.2592708333 -123.0448960667 6
20810 49.2648967167 -123.01409375 4
20812 49.2728102 -123.2022839333 2
20813 37.7825003496 -122.4326252381 77
20814 40.7458507822 -73.9980053902 3
20815 49.235365 -122.8536503667 16
20816 49.2341050726 -122.8662657738 17
20817 49.2344639167 -122.8691468833 2
20818 49.23710795 -122.8722244 1
20819 39.7442419833 -105.1629045167 1
20821 32.7144402115 -117.1592830229 11
20825 33.19851625 -96.6512816167 3
20826 33.2030545 -96.6377778667 4
20827 33.2097503167 -96.6370769667 13
20828 26.6812416167 -80.183087 6
20829 30.2660172 -97.7386388833 7
20830 30.2906860692 -97.7343052626 76
20831 28.4182231167 -81.5842200833 124
20832 49.268294606 -123.0004191399 24
20833 28.4202967277 -81.5821659565 79
20834 36.0084467205 -78.9220288396 3
20835 39.7673926333 -105.2344242333 23
20836 39.7681633333 -105.234747 13
20837 51.774326 -1.2633343833 3
20839 33.5263442971 -82.1209945678 17
20840 36.0089023604 -78.9220127463 3
20842 40.3782712184 -105.5157530308 13
20843 30.2789801689 -97.7423036098 218
20845 38.9290499087 -95.2593273615 28
20846 33.0185079333 -97.20286095 12
20849 38.63333255 -90.2857571 1
20850 38.6347576 -90.2800601667 1
20851 38.6357834 -90.2792315833 3
20852 38.6433264667 -90.2852947 5
20853 48.42309915 -123.3654034138 25
20855 38.6412378833 -90.2882536167 3
20856 38.6421549167 -90.29119595 5
20857 45.5294342952 -122.6896590612 1
20858 38.6428793167 -90.2911051 6
20859 30.2813 -97.7412293 9
20860 32.80385744 -96.83182036 16
20861 40.3095951333 -105.65130305 1
20862 40.3102689667 -105.6527809833 1
20863 51.75269025 -1.2580664 3
20865 39.0340266937 -95.6969486896 2
20866 42.3460649997 -71.1277641356 8
20867 48.4222641 -123.3668770333 3
20868 36.4065323333 -93.7187117 2
20869 48.4228350667 -123.36854305 4
20870 36.40747385 -93.71787565 2
20871 48.421689 -123.3681807167 12
20872 34.0784486 -118.2629137667 9
20873 48.4208335 -123.36779045 5
20875 37.8750154833 -122.2687351 13
20876 48.4205047167 -123.3698697 3
20877 36.4079407667 -93.71759375 7
20878 48.4198527167 -123.37013005 16
20879 36.5552741833 -121.9225673167 3
20881 48.4199269 -123.3679918333 110
20882 37.1825413333 -76.5361695 14
20883 36.4084545 -93.7166680333 7
20884 48.4155863 -123.3559193 22
20885 37.1426100667 -76.5219389833 11
20887 47.6081160868 -122.3369908333 131
20888 46.7296468167 -117.1772050833 3
20890 36.4087573 -93.7173356833 2
20891 48.4090766333 -123.36896425 8
20892 36.4081358333 -93.7176225167 2
20894 32.8090184771 -96.796947599 12
20895 37.7276504326 -122.4492274426 1
20896 37.7280828149 -122.4523961998 2
20897 48.40838315 -123.35765735 1
20898 39.6789195086 -105.9052848816 32
20899 37.7241552333 -122.4571827667 3
20900 37.7361728432 -122.4800169468 35
20901 36.4067199167 -93.7185557667 3
20902 48.41321055 -123.3249154833 2
20903 42.3663980913 -71.054610908 108
20904 37.736175 -122.487644 4
20905 37.736181328 -122.4887502193 3
20906 40.3665173386 -105.5810916424 45
20908 37.7328806817 -122.5029659271 114
20909 26.6810399696 -80.2249564508 5
20910 40.3764390667 -105.5226328333 2
20912 48.4137591 -123.36988035 2
20913 48.4143598833 -123.3684083167 1
20914 26.6822802833 -80.2255066833 3
20915 26.6830275833 -80.22509015 3
20916 26.6827938833 -80.22125665 7
20917 26.6865296333 -80.2226362 4
20918 30.2645624362 -97.7311885357 132
20919 26.68203115 -80.2170151167 2
20920 26.6631406 -80.2013251 12
20921 30.2454509167 -97.7513566333 62
20922 30.2450661333 -97.7515263333 154
20923 42.98560885 -81.24136345 7
20924 32.7742538452 -96.6008758545 2
20926 36.4063403167 -93.7198469667 13
20927 36.406045 -93.7192778833 4
20929 48.4245417667 -123.364497 1
20932 48.4222732326 -123.3599746227 3
20933 37.8564252833 -122.2528446167 10
20934 40.7718024333 -111.9324472333 10
20935 36.5689629333 -121.9497396333 12
20936 47.6071707 -122.33883795 14
20937 39.7368355 -105.1603385 9
20938 26.0948451 -80.2513995 6
20939 39.7142846474 -105.2112954855 9
20940 48.4290225786 -123.3672058582 7
20941 37.8568336333 -122.2529910333 4
20942 48.4291832833 -123.3668104667 1
20943 38.8928101333 -94.7648836 4
20944 48.4293392167 -123.3671679833 6
20946 36.40718675 -93.7204912667 2
20947 48.4297949941 -123.370885849 17
20948 40.0173936639 -105.2775621414 109
20949 48.4272094167 -123.3660530667 5
20950 40.0203967912 -105.2671444416 46
20952 37.85933635 -122.2668751667 16
20953 40.0194272598 -105.2733188868 4
20954 32.76940765 -117.16537205 34
20955 37.7868446758 -122.3939963363 34
20956 48.4291364839 -123.3849942684 27
20957 32.7967965333 -96.7968412667 68
20959 48.4227059333 -123.34335345 6
20960 36.4070861833 -93.7209699 3
20961 48.85757715 -123.3508055333 12
20962 45.5124307333 -122.6562830833 61
20963 37.79369193 -122.4129135 12
20964 49.2436235333 -122.9731205833 3
20965 49.2409310333 -122.9715017667 1
20966 49.2384042 -122.9662167 2
20967 49.250058 -122.9893625167 1
20968 45.5123897833 -122.6532805333 70
20969 33.2776079667 -96.5711465333 1
20970 51.5121356833 -0.1573930667 5
20971 53.0138586197 -0.4258543253 1
20972 51.5129951333 -0.1596625167 43
20973 51.5118185833 -0.1526492167 8
20974 51.5114935371 -0.151437521 57
20975 51.5117351333 -0.1505406167 33
20976 38.47081232 -77.48274338 1
20978 51.5037825167 -0.14894915 23
20979 32.8822868833 -97.098068 19
20980 39.3440306997 -84.2677652836 63
20982 46.2359026969 6.109085083 141
20983 51.508862655 -0.1284563541 86
20984 38.8787381167 -94.6641971167 52
20985 46.2103906656 6.142333746 66
20986 38.0168160333 -84.4184133 7
20987 37.4436088667 -122.16070865 184
20988 28.3727815542 -81.5156042576 27
20990 42.9831568914 -81.2961457203 3
20991 30.4129485667 -89.0732137333 45
20992 26.6688062833 -80.2034295167 4
20993 51.506423 -0.1203204833 50
20994 51.5053749833 -0.1169793 91
20995 51.5033065875 -0.1194870472 196
20996 35.64767861 -97.45872962 4
20997 30.56999802 -97.40937966 15
20998 51.5060638333 -0.1175707833 11
20999 33.1408166167 -94.9684636333 1
21002 51.5083818667 -0.0785318333 12
21003 32.9184023667 -96.9259569667 67
21004 30.4369739333 -89.09374285 9
21005 51.5071222321 -0.074300111 36
21006 51.5055704 -0.0754215 159
21007 32.8931631833 -97.2484133167 6
21009 51.5099254833 -0.0760625 21
21010 35.75205175 -96.68869315 9
21011 35.7520573333 -96.6886899833 8
21012 32.8985370667 -97.2481009 8
21015 32.9266007167 -97.2535923 4
21016 39.9562187833 -75.1388153167 12
21017 32.93470125 -97.2369865667 13
21018 36.5666271667 -121.9437702667 2
21019 51.5296251296 -0.1274907589 63
21020 45.5407533 -122.6778247 14
21021 51.5285025167 -0.1270466167 17
21022 40.0261808281 -105.2495062351 26
21024 51.5275398 -0.1305932833 11
21025 34.1456349131 -118.1512239575 25
21026 32.7552546 -94.3453360167 2
21028 32.7564143333 -94.3466472833 1
21029 32.7571426 -94.3474694667 1
21030 32.7574908333 -94.3451869167 1
21031 32.7617039167 -94.3492609333 1
21032 45.5201110791 -122.6636202078 79
21033 36.7058444005 -105.4098701477 12
21034 36.5852778907 -105.4484939575 4
21035 50.0908513716 -122.9318618774 17
21036 40.6381857699 -111.5180969238 13
21037 49.2358623 -122.93331535 1
21038 39.1917862889 -120.2483224869 93
21039 38.9295024164 -119.9149131775 20
21040 35.65077445 -121.1859178333 19
21041 40.5759887732 -111.6451692581 40
21042 40.5758909849 -111.6119098663 1
21045 40.5895473728 -111.5768480301 24
21046 40.6109878149 -111.601266861 17
21047 32.7284157643 -97.3883780837 18
21048 33.2111668167 -96.61534075 5
21049 32.8609973667 -97.2633191 9
21050 33.19879215 -96.64070045 6
21052 32.89078766 -97.15215218 1
21053 30.1872484 -97.8576443667 20
21054 38.5776487 -92.1693033 4
21055 41.16235405 -73.3748340833 1
21056 39.10797415 -94.5805412833 51
21057 47.6685517 -117.3969798333 1
21058 38.8813551493 -76.9950414592 6
21059 33.50892675 -82.1079949167 1
