400 77 323 133 43.4725 57 242
14441 37.1108937167 -113.5841917833 5
14443 37.1078252667 -113.5834622333 3
14445 31.9372236667 -102.2082781667 37
14446 41.1402475833 -73.2664489667 7
14447 32.6928126667 -97.0617628 8
14448 41.5784668833 -83.69343995 6
14449 47.6279640167 -122.3343729833 13
14450 47.6279211 -122.3340296667 5
14451 39.03365135 -94.5931863667 37
14453 38.8927864513 -77.0229256153 138
14454 41.6651666 -83.6543440667 1
14455 41.13997935 -73.2578015167 15
14456 43.771078323 -79.3657922745 5
14457 41.1408483833 -73.2592177333 6
14458 37.7238965 -119.64482545 19
14459 38.5801274813 -121.5140891075 53
14460 38.5404682 -121.7386651 20
14461 33.7783536552 -84.3841302395 87
14463 -31.9518363333 115.8556151333 3
14464 -31.9509673 115.8521819 1
14465 40.6113374167 -89.4633436167 8
14467 -31.9515144667 115.8518385833 1
14468 33.0074250667 -97.0195770167 17
14469 32.81000375 -97.42547035 6
14470 33.6386325813 -84.4371414185 3420
14471 -31.9575440833 115.8652710833 3
14472 46.0503101333 -118.3462929667 3
14473 49.2016375 -122.9121851833 11
14474 46.0454928833 -118.3886933167 3
14475 51.4586397926 -2.5849413872 59
14476 51.4580247761 -2.5902494788 1
14477 37.1596884667 -93.2887101167 19
14479 33.5756564 -111.8865680667 2
14480 35.9233239296 -79.1059398651 2
14482 37.1797513833 -113.0064868833 2
14483 39.0393912667 -94.58919525 28
14484 30.2766939506 -97.7504628897 29
14485 33.5019600333 -111.9286894667 7
14486 40.02654075 -76.3243389 5
14490 33.5129463667 -86.7885375 4
14491 30.267432716 -97.7407988906 109
14492 30.2677222876 -97.7412736416 300
14493 32.9544138833 -96.8237543 37
14494 39.0126013667 -94.5905685333 17
14495 32.8966498333 -97.2579503 23
14496 30.3150430187 -97.7355873585 145
14497 30.31446575 -97.7337527167 30
14498 37.8081607667 -122.2698497667 26
14499 47.5749421 -122.4189162167 24
14500 49.2381048167 -123.03067445 15
14501 46.0828077667 -118.2524585667 1
14503 46.06073855 -118.3472800167 2
14504 52.5745153333 -0.2500891667 125
14505 32.94249415 -97.1288180333 28
14506 47.3177075333 -122.304461 24
14507 41.91643785 -87.6877682167 2
14508 52.5737157972 -0.2443599701 36
14509 -31.9338809676 115.9603500366 35
14511 29.7370719833 -95.48925875 26
14512 41.4145731833 -73.3105015667 2
14513 41.4637649 -73.2863187667 1
14514 32.7504399111 -97.3335456848 40
14515 37.4157602871 -122.1525514126 385
14516 30.2585389774 -97.7596950531 111
14517 37.8024744833 -122.4021148667 47
14518 28.37035775 -81.52125835 32
14519 35.6608267069 139.7275972366 16
14520 40.7603419577 -73.980474472 34
14521 30.4181706833 -97.6703238333 30
14522 37.7765536167 -122.44166135 52
14523 47.445091 -122.3034095667 16
14524 32.8927767167 -97.0969104667 4
14525 46.06743335 -118.3376455167 2
14526 46.0678195833 -118.3374094833 2
14527 46.0682272833 -118.3376240667 4
14528 46.0683023833 -118.3369803333 1
14529 46.0684525833 -118.3369588833 1
14530 46.06832385 -118.3353710167 2
14531 46.06948255 -118.3353710167 2
14532 46.07037305 -118.3344697833 1
14533 46.0699009833 -118.3344697833 1
14534 46.0696113 -118.3350706 4
14535 30.3325760333 -97.7398037833 2
14536 46.0687315333 -118.3343195833 1
14537 46.06784105 -118.3341908333 3
14538 46.0672616833 -118.3362936833 3
14539 46.0672724167 -118.33773135 4
14540 46.0672724167 -118.3395338 6
14541 46.0671973167 -118.3397698333 3
14542 46.06750845 -118.3402419 8
14543 30.3186178167 -97.7310061333 69
14544 46.0668969 -118.33884715 2
14545 38.8964408906 -77.0219011637 23
14546 30.3087902 -97.7340531333 4
14548 30.3050212303 -97.7390742302 29
14549 46.0581099833 -118.36972475 2
14552 46.0505568833 -118.38807105 2
14553 46.0383582 -118.3873200333 1
14554 30.3307521333 -97.73175715 319
14557 37.7616405333 -122.4242806333 51
14558 -31.9510789374 115.8599388599 17
14559 -31.9548404167 115.85803985 2
14560 -31.9557952833 115.8596277167 2
14561 -31.9544541833 115.86321115 2
14562 -31.9469225333 115.8739614333 1
14563 40.7464241833 -89.6120882 6
14564 32.6730179667 -97.0907735667 51
14566 28.3738341121 -81.5469861031 73
14567 28.3730694746 -81.5477585793 121
14568 28.371400941 -81.5475788713 78
14569 -31.9469118 115.82295655 2
14570 -31.9471693 115.8241367333 2
14571 28.3699353474 -81.5464282036 69
14572 28.3682455236 -81.5470612049 66
14573 28.3676885366 -81.5481448174 64
14574 28.3678773461 -81.5493679047 61
14575 39.63777065 -104.7919321 3
14576 31.2365088065 121.5027165413 37
14577 40.7241296667 -111.8990778833 3
14578 30.2741077033 -97.741419822 40
14580 40.6667011845 -111.8913987279 1
14581 28.3681794405 -81.5517282486 62
14582 40.5943429333 -111.8909883333 3
14583 40.5621666033 -111.8948078156 20
14584 28.3689747944 -81.552734077 59
14585 40.51327585 -111.8899369167 4
14586 28.3704073605 -81.5520823002 73
14587 37.3359525167 -121.8927526333 86
14588 40.5270838667 -111.8849372833 1
14590 28.3715047826 -81.5512347221 58
14591 40.5227172333 -111.8541240667 3
14592 40.4950261 -111.8407130167 1
14593 40.4903054167 -111.8541669833 1
14594 41.3546419 -71.9713497 19
14595 37.89384125 -84.2709517333 1
14596 33.8041844816 -118.066431284 33
14597 26.0066664167 -80.3366231833 6
14598 33.8039081142 -118.0622577667 4
14599 29.73843455 -98.1041336 112
14600 32.9438996167 -97.1302342333 45
14601 32.9442214833 -97.1303844333 21
14603 34.06191945 -118.4100651667 11
14604 52.6495859983 -0.4785275459 21
14605 29.7198843833 -98.1214714 9
14606 30.7130634667 -94.9544692 3
14608 37.7826046833 -122.4076080167 462
14609 47.6120424167 -122.3423337833 4
14610 37.7656531333 -122.2416973 16
14612 52.6516900004 -0.4758694768 1
14613 46.89069985 -117.36415385 1
14614 52.6515386718 -0.4769396782 13
14616 28.3753256113 -81.5494215488 128
14618 33.7772924363 -118.0256509781 3
14619 32.97382235 -97.0914387667 4
14621 52.6528615586 -0.4773259163 5
14623 52.6739165906 -0.5327510834 8
14624 33.18962215 -96.6874980833 1
14625 47.9805564833 -122.2086095667 3
14626 33.77729415 -118.01861285 4
14627 30.4730560183 -97.8010761738 101
14628 32.7548161163 -97.3307400942 230
14629 30.32957195 -97.73997545 2
14630 30.33109545 -97.7401685667 46
14631 30.3300118333 -97.7398037833 3
14632 33.7415349333 -118.0182695333 1
14633 33.7465667667 -84.3739700167 28
14634 32.9197005975 -97.0854091644 132
14635 34.0432405333 -118.2635521833 24
14637 34.0430230998 -118.2671570778 293
14640 60.1790177667 24.9509167667 4
14642 39.9601829 -75.2068877167 2
14644 29.458369 -98.7002921 143
14645 32.8614377833 -97.2634863833 7
14646 42.410295 -82.9130244167 5
14647 43.70929955 -79.4411087 9
14648 38.9170074333 -77.0417976333 14
14649 29.4565451 -98.6987686 24
14650 29.4558262667 -98.6991119333 12
14651 29.4554400333 -98.6989617333 9
14652 43.6989784167 -79.4360017667 35
14653 29.4555795167 -98.6983823667 12
14654 43.6839151333 -79.415102 14
14655 29.4559335667 -98.6989617333 9
14656 43.67558955 -79.4063687167 2
14657 29.4586694167 -98.6992835833 8
14658 29.4598174 -98.70001315 18
14659 43.66874455 -79.3978071167 11
14660 29.4563627167 -98.69930505 12
14661 29.4564378167 -98.69960545 22
14662 29.4548070333 -98.6999058667 16
14665 29.4540882 -98.7004852167 10
14666 29.45246815 -98.6979961333 12
14667 29.4531548 -98.6978030167 9
14668 29.4529187667 -98.6966228333 10
14670 32.8854489167 -96.9712328833 6
14671 30.3176736667 -97.72167205 19
14672 38.9162850204 -77.0423609018 104
14673 29.4530153167 -98.6958289 16
14674 29.4537878 -98.69580745 12
14675 30.3388094833 -97.7396535833 9
14676 28.3675752508 -81.5505373478 58
14677 40.5884528 -89.4772911 3
14678 29.45555805 -98.6964082667 18
14679 30.3587329333 -97.734375 4
14680 30.35925865 -97.7348470667 28
14681 34.7813308167 -92.1281933667 4
14682 29.4526402099 -98.7004745007 36
14683 30.3733456 -97.7311778 4
14684 30.3539478667 -97.72952555 3
14685 38.9231765167 -77.0427417667 6
14686 28.3705186833 -81.5469431833 78
14687 40.7719051833 -111.9517350167 3
14688 39.0419769167 -94.5854830667 35
14689 41.8976175667 -87.5998735333 1
14692 33.6237215833 -111.9274020167 1
14693 33.62415075 -111.9277667833 7
14695 38.8941442833 -77.0213484667 18
14696 30.3042733667 -97.7264571167 83
14697 30.3047132333 -97.7265429333 150
14698 28.4167488086 -81.5812432766 391
14699 30.3048527167 -97.7264142 22
14700 30.3041660667 -97.72658585 172
14701 47.7582979167 -122.1895980833 2
14702 49.2768251833 -123.0814647667 10
14703 30.3239393167 -97.7400612667 36
14704 37.7875828667 -122.4041318833 13
14705 36.40815495 -93.7372398333 12
14706 30.3274261833 -97.7479362333 12
14708 47.44585275 -122.2604084 7
14709 34.04432415 -118.26584815 59
14710 37.7858259859 -122.4065190554 1176
14711 39.0986107299 -94.5831656456 108
14712 30.3218687333 -97.7741467953 98
14713 39.0988105594 -94.5829939842 26
14714 30.3359448833 -97.7583646667 10
14715 49.2730700833 -123.1005620833 36
14716 36.4042282 -93.7383556333 3
14717 33.6237537833 -111.9285178167 13
14718 49.2734328939 -123.103415966 28
14719 30.2358233833 -97.85271405 5
14721 28.3597683833 -81.5605688 128
14722 28.4194475026 -81.5850520134 81
14723 33.62868905 -111.8876194833 3
14728 37.7521988269 -122.4202921987 37
14729 52.6517648509 -0.4799625278 1
14730 52.6514768385 -0.4810407758 21
14731 52.6521277112 -0.481826663 2
14733 52.6523734131 -0.4810273647 1
14734 29.4567704167 -98.6978673833 25
14735 29.4560194 -98.6980175833 16
14736 35.7140349014 -83.5129702091 20
14737 30.3899645667 -97.7330875333 294
14739 47.7055741869 -117.4829435349 1
14742 52.6537548506 -0.4769209027 5
14743 36.39170765 -93.7206315833 3
14744 49.2726103838 -123.1350070238 43
14745 29.4535624833 -98.70042085 10
14746 32.8125572167 -97.42967605 3
14747 39.25119995 -94.6650695667 7
14748 38.9151942667 -77.0415186833 57
14749 32.6808500167 -97.1102786 19
14750 49.1839615337 -123.1337785721 18
14752 47.299023422 -122.2458386421 29
14753 32.679466 -97.1309638 22
14755 52.9122050559 -0.6430274248 1
14756 35.6395195428 139.7304725647 5
14757 39.9481989009 116.4535224438 8
14759 33.7722945167 -84.3781757333 26
14760 34.06713365 -118.4010958667 19
14761 34.0667045 -118.4043574167 7
14762 34.058543795 -118.4069752693 5
14763 31.2344906106 121.482707262 13
14764 41.9114255565 -87.6788941026 11
14765 31.241755914 121.4947772026 5
14766 34.0669512667 -118.40064525 34
14767 34.0692687 -118.3979630333 2
14768 34.0718328833 -118.40038775 9
14769 34.07304525 -118.3996582 15
14770 34.0697622167 -118.4057736333 37
14771 54.4542503333 -3.2115054 3
14772 28.3659137112 -81.5286827087 41
14773 38.91433595 -77.0414757667 9
14774 37.0735681 -85.3390502833 1
14775 37.0755851167 -85.33531665 1
14776 32.0799493667 -81.0940146333 8
14777 32.69994735 -97.3602175667 41
14779 38.9105808667 -77.0383214833 4
14780 30.2953684167 -97.7440094833 23
14781 33.7888383833 -118.0294275167 6
14782 32.6990997667 -97.3604536 4
14785 38.9102410081 -77.0383214951 19
14786 32.6986598833 -97.3597884167 4
14787 37.14707135 -84.1152334167 4
14788 32.7059876833 -97.3587799 66
14789 37.1471893667 -84.1148900833 7
14790 32.7307498333 -97.34019755 70
14791 37.5617408667 -122.2691416667 16
14792 47.9482734167 -122.30392455 32
14793 37.7735173667 -122.4372839833 24
14794 37.287544 -83.22021245 2
14795 47.9502367833 -122.3060274 5
14796 47.6682615167 -117.4263381833 1
14797 47.6661676973 -117.4227762222 26
14799 52.7930471968 0.1048153639 1
14801 30.3228664333 -97.7279806 10
14802 30.4023521754 -97.7259528637 155
14804 37.4332951752 -122.0889616013 18
14805 47.6594424167 -117.4225831 4
14806 47.6595818833 -117.4238491 6
14807 47.9746985333 -122.3514318333 23
14808 39.9532899845 -75.1604640484 90
14809 32.7810056897 -96.7986273766 59
14810 30.4018524827 -97.7264034748 164
14811 30.4004667474 -97.7271813154 33
14812 30.4001660009 -97.7263981104 125
14813 37.43162155 -122.0872449833 7
14814 47.9664867201 -122.2034919262 13
14815 35.8835685167 -78.78413915 5
14816 47.92171955 -122.2896122833 11
14817 37.76335715 -122.5096821667 5
14818 33.04187535 -97.0255851667 3
14820 47.7649382076 -122.2094625235 2
14821 37.4246370667 -122.0805501833 63
14822 47.7496504667 -122.2135019167 3
14823 48.1881701833 -122.19929695 3
14824 41.491606508 -72.0904827118 104
14825 -31.9539666167 115.8626507 4
14826 20.66667795 -103.3898019667 2
14827 -31.9543198833 115.8624636833 2
14828 -31.9559884 115.8620738833 1
14829 -31.9563880333 115.8620325667 1
14830 -31.95760845 115.86503505 4
14831 -31.9576082 115.8641216 1
14832 -31.9569686333 115.86329485 2
14833 -31.9562495345 115.8602285385 2
14834 -31.9571471167 115.8600354167 1
14835 -31.9552803 115.8591771 2
14836 -31.9555717333 115.8595854833 2
14837 -31.9550442667 115.8602070667 1
14838 -31.9546794833 115.8603358167 2
14839 -31.9546358167 115.8601489667 2
14840 -31.9544359333 115.8597707 3
14841 -31.9543468833 115.8597779167 3
14842 -31.9544926565 115.8595526218 2
14843 -31.95420705 115.85916095 2
14844 -31.9548296833 115.8574390333 4
14845 -31.9534395 115.85620635 1
14846 -31.95641755 115.8555722167 2
14848 -31.9585525833 115.85722445 1
14849 -31.95913195 115.8580827667 2
14851 -31.9584579833 115.8589473167 1
14852 57.6997017833 11.9530391667 55
14853 57.6984572333 11.9567084167 7
14854 57.6957213833 11.9579744333 10
14855 32.7552330333 -97.3318719833 17
14856 32.7549965737 -97.3316681385 27
14857 32.7551901333 -97.3326659167 11
14858 37.7832313449 -122.4037456512 632
14860 28.3584175788 -81.5871012211 77
14861 37.7832313449 -122.4038314819 4
14862 32.0806145667 -81.0932421667 12
14864 30.2702733284 -97.7427406368 14
14865 28.35745095 -81.59050225 33
14866 30.2822577833 -97.7417135167 30
14867 30.2698016167 -97.7160716 4
14868 30.2684926833 -97.7447605 10
14871 39.0980887333 -94.5912981 2
14872 32.9220879 -96.97758435 86
14873 28.4206835947 -81.5828955173 183
14874 39.0868341833 -94.5861911667 47
14875 32.0810651667 -81.0959029167 7
14876 32.0809149667 -81.0950446 18
14877 32.0813333833 -81.09558105 22
14878 39.0921986 -94.5632529167 1
14879 37.2595739333 -83.19952725 2
14880 39.0432858333 -94.5677590333 3
14881 39.0335869667 -94.5786380667 5
14883 28.4193378105 -81.581209749 147
14884 39.03187035 -94.5808696667 2
14885 39.0311408 -94.58209275 3
14886 30.2332913833 -97.79203175 137
14888 28.4211577407 -81.5787568688 56
14889 35.4807651 -108.4330201 4
14891 28.4198713167 -81.5845370167 94
14892 30.3578209833 -97.7322077667 27
14895 43.8621318333 -78.9427328 15
14896 41.71094655 -72.8075981 3
14897 36.0228288167 -83.9260625833 3
14898 30.2505218833 -97.74909495 96
14900 30.2837061833 -97.7210927 197
14901 33.7802124 -118.0385255667 6
14902 -32.3263907333 115.7679605333 3
14904 32.6806247167 -97.10929155 23
14906 35.6600654 139.70010995 16
14907 35.6619076062 139.6997344494 92
14908 35.6722364308 139.7657167912 50
14909 -31.9570183667 115.85930585 1
14910 -31.9584774833 115.8680820333 3
14911 -31.9587564333 115.8678889167 3
14912 35.6704509167 139.70933675 2
