600 145 455 10 20.185 108 341
18740 41.1152522333 -89.35061465 1
18741 49.2724931833 -123.1488166333 5
18742 49.2725372833 -123.1489272667 5
18744 30.2175793667 -97.8414189667 227
18745 49.2760035871 -123.1445637345 6
18746 30.2749841667 -97.8005776 38
18747 49.2763378199 -123.1444215775 22
18748 49.2753909 -123.1436362333 7
18749 38.9855684833 -94.7808495667 7
18750 49.2760522167 -123.1428176333 1
18751 49.2764081167 -123.14242365 6
18752 49.2782338333 -123.1441122333 3
18753 49.2776170167 -123.1469723 3
18754 49.2742836833 -123.1549470667 28
18755 32.9069869167 -96.9579163667 3
18756 33.7246566 -118.0785957333 4
18757 42.3516346167 -71.0646216167 7
18758 30.2367865827 -97.7628627419 436
18759 42.3556435833 -71.0623162667 21
18760 30.2490582317 -97.8702664375 2
18761 33.5095187 -112.0688589333 7
18762 37.761835 -122.422918 22
18763 29.7956602833 -95.03294865 13
18765 54.7746527728 -1.575615406 4
18766 30.1873536 -97.78746595 4
18767 54.7742505297 -1.5761518478 9
18768 54.7772832167 -1.5756612167 29
18769 54.7796031305 -1.5816450119 41
18771 38.9123867667 -94.7562167833 64
18772 36.5992441167 -82.2199097667 3
18773 53.2285509333 -0.5485007167 8
18774 38.8558388333 -104.9334779167 3
18775 40.0879172333 -74.0384750833 12
18777 36.9011580833 -82.0847244333 1
18779 38.8583725 -104.9474653833 2
18780 33.4338405833 -94.0915870333 23
18781 30.2325782777 -97.8113436699 30
18782 39.35794055 -74.42313116 2
18783 30.5321011833 -96.3011387333 4
18784 39.35848435 -74.4207763333 8
18785 30.4002238369 -97.703615427 48
18786 35.7802714 -78.6626290667 6
18787 41.25711235 -89.34081895 1
18788 41.2161472 -89.3224141333 1
18789 42.423789 -71.0676931667 2
18790 45.5395172 -122.244423 19
18791 52.6340558856 -1.130848825 1
18792 35.7822331333 -78.6394277167 18
18793 35.781613663 -78.6385703087 6
18794 30.2623362167 -97.7233554167 14
18795 38.8041229279 -77.0400934411 13
18796 35.8647452333 -101.9737280167 1
18797 47.4528262 -121.7054872833 5
18798 52.6333054439 -1.1306878924 1
18799 39.3585907339 -74.4217300415 5
18800 30.30074395 -97.7404057833 106
18801 30.1611115841 -95.4589176178 99
18802 47.6605497167 -117.4190476167 7
18803 47.6616707667 -117.4189976667 4
18804 45.5765292167 -122.1162728 13
18805 47.446675 -121.70212405 3
18807 37.8800022716 -122.5233829021 20
18808 35.5927994144 -82.5507495205 1
18809 45.5773982667 -122.1123504167 2
18810 32.93390405 -97.2158513333 12
18811 37.9769887326 -122.0345824957 6
18812 30.2670552333 -97.7264854333 28
18813 30.2665687167 -97.7259051833 9
18814 45.5756753078 -122.1148824692 6
18815 30.2663856333 -97.7258666167 7
18816 30.2661269833 -97.72598245 9
18817 30.1624588906 -95.4566009639 2
18818 30.26475415 -97.7269035167 8
18819 30.2652980167 -97.7271568333 7
18820 30.2652698167 -97.7273236 5
18821 35.7806703318 -78.6482466399 11
18822 41.25840305 -89.21634545 1
18825 37.4484108833 -122.1747434833 17
18826 29.94789115 -93.9930008667 8
18827 38.90807885 -77.4290052333 2
18828 37.44450365 -122.1714255667 4
18829 52.629969811 -1.1243256927 2
18831 28.5473730167 -81.71353405 12
18832 44.7641449356 -85.6194487005 1
18833 38.9107043449 -77.4428629875 55
18834 31.5339414293 -97.1319964528 24
18835 47.7819939 -122.22154835 12
18836 47.6437743 -117.61272775 2
18837 29.9427395833 -93.9931429833 5
18838 49.2014895333 -122.9115479333 8
18839 33.0709892 -117.2659056 5
18840 33.0709960167 -117.2663959667 1
18841 33.07120365 -117.2656959 10
18842 33.0716741167 -117.2659406333 8
18843 33.0714107667 -117.2655744833 44
18844 34.0645980835 -84.0731430054 2
18845 37.7547273667 -122.4185434167 1
18846 42.0805629667 -87.7966158667 2
18847 42.357330922 -71.0737001896 18
18848 37.7565642167 -122.4191869667 5
18849 44.7651283667 -85.6224636 1
18850 36.3430807167 -82.40208855 1
18851 32.5211061667 -97.3471000667 7
18852 37.763251122 -122.4193478942 2
18853 37.7624596 -122.4192393667 5
18854 27.993075114 -82.3641586304 36
18855 36.3532380833 -82.382776 2
18856 47.6149222333 -122.3196101189 65
18857 32.8358227503 -96.9560515881 10
18858 32.8315725167 -96.7704482167 23
18859 32.8499924167 -96.9604302 4
18860 52.6362127233 -1.1330777407 4
18861 39.3520996 -74.4438579667 32
18862 32.9452639 -97.12915345 39
18863 45.5204293667 -122.92857235 6
18864 36.1398484667 -83.2771742333 6
18865 45.4737374581 -122.6479677883 12
18866 47.2326159333 -123.12519305 11
18867 47.61374473 -122.34842312 4
18868 34.1073416589 -118.2639307419 5
18869 39.3539161667 -74.4361406833 3
18870 37.7331094128 -122.4344404122 15
18872 29.9599838538 -90.0598754562 32
18873 52.6315167851 -1.1257009953 1
18874 52.6312266044 -1.1245214939 44
18875 52.635927864 -1.1351430416 2
18876 52.6366212896 -1.1328095198 2
18877 52.6345556303 -1.131477803 3
18878 53.22940955 -0.5470957833 3
18880 28.5535970505 -81.3459384441 43
18881 34.6208596167 -92.4983382167 5
18882 39.0502323833 -94.6037046667 11
18883 32.9408675 -97.0768979833 8
18884 39.0528661168 -94.5916467905 30
18885 39.0676170667 -94.5925984167 4
18886 39.06649595 -94.590134 21
18887 39.1041363333 -94.5760209333 1
18888 39.0839744667 -94.5775573167 17
18889 30.4798868167 -97.8291347167 52
18890 33.0847187333 -117.3124656833 5
18891 39.08631372 -94.58402252 2
18892 53.2287014 -0.5436099167 6
18894 53.22863625 -0.5433291667 11
18895 38.90796425 -77.0448811167 3
18896 41.523436 -70.6687756 11
18897 34.51730975 -93.0460176167 11
18898 37.8035609167 -122.4216487167 5
18899 32.8235010667 -97.2737690167 6
18900 32.7565304473 -96.8231320381 78
18901 32.80357465 -97.2744549 4
18902 39.0828156833 -94.58212275 8
18903 32.7941192167 -97.2733115333 4
18904 41.4540171011 -70.6008481979 4
18905 32.7697273667 -97.28802935 5
18906 37.5782567 -122.3473687833 58
18907 32.7575545188 -97.3324084282 13
18908 32.8904438226 -97.0365071297 258
18909 32.7586282 -97.3331323833 9
18912 33.0203968833 -96.7520582167 1
18913 33.02070915 -96.7513972167 2
18915 33.0203195833 -96.7506221167 1
18916 32.7539871667 -97.33085905 15
18917 32.7540448833 -97.3309482 11
18918 49.2902212333 -123.1318657 1
18919 32.7548494833 -97.3316039167 25
18920 32.7551404667 -97.3317971333 12
18921 47.9061591112 -116.70814991 17
18922 32.7554067 -97.3316857167 20
18924 38.8955898333 -94.7617198 10
18925 32.7525246 -97.3316997 37
18927 47.20337195 -122.2401528167 1
18928 47.20218175 -122.2401648 1
18929 47.2038686333 -122.2283917167 8
18930 41.3894882202 -70.5120162964 10
18931 32.766576666 -97.0990508795 57
18933 47.2040096 -122.2290647667 1
18934 47.2030512167 -122.24183595 1
18935 47.4887313667 -122.45648135 1
18936 36.9598681833 -84.0936194 2
18937 47.1915903 -122.2881902833 11
18938 34.0596992887 -118.2370090485 70
18939 47.2429106167 -122.37234375 3
18940 34.0528720333 -117.8021120667 4
18941 47.28860035 -122.31772445 6
18942 37.7475465667 -122.4592453333 10
18943 47.2892139167 -122.3142514833 6
18944 32.9028257333 -97.5440370333 1
18946 30.2883679 -97.7961383 6
18947 34.0865457833 -117.7978573 1
18948 40.06672645 -76.3444217667 6
18949 37.7643642 -122.47142215 65
18950 37.76364695 -122.4756973833 12
18951 30.2755268333 -97.80028255 18
18952 30.2720587333 -97.8000807 38
18953 30.27324165 -97.8008841833 46
18954 30.2796768333 -97.8056331667 31
18955 30.2807382667 -97.8071891667 45
18956 34.1004870042 -117.7701330185 5
18957 41.455392119 -70.5557227135 3
18959 38.72994112 -120.79564416 2
18963 32.44126785 -97.7796009 10
18965 32.44554705 -97.69253745 2
18966 32.9536742375 -96.8161422014 36
18967 32.4445093333 -97.6891477833 2
18968 32.4341441 -97.6650039667 1
18969 32.9243397167 -96.9922283167 27
18971 45.2152820333 -123.9702930333 18
18972 47.83046725 -122.2732962333 11
18973 36.1327147732 -95.8327209949 1
18974 31.06161 -97.435373 17
18975 35.8080614333 -83.5776073833 3
18976 32.8963009667 -96.9576521167 7
18977 53.0650994788 -0.8246397972 3
18978 53.2295193333 -0.5495943 2
18980 32.90046775 -97.03717333 8
18981 30.2598919711 -97.7488803864 59
18983 53.2334145 -0.5388695667 2
18985 53.2292206385 -0.5410981178 2
18986 53.2250043 -0.5440451667 3
18988 32.5387104 -92.6525152333 43
18990 53.2279800167 -0.5408680167 1
18992 53.2278686927 -0.5393385887 1
18993 53.2290562333 -0.5451136833 6
18994 30.2776367036 -97.8132855892 39
18995 30.4267692263 -97.7405655384 50
18996 32.7537141 -97.3311496833 9
18997 32.7537983167 -97.3305937333 45
18998 32.7536018167 -97.33228325 18
18999 28.5228704167 -81.5858342833 20
19000 30.36092275 -97.7894340167 115
19001 30.3600805833 -97.78909825 21
19002 41.928723 -87.8064574333 2
19003 32.9265281 -97.1064594 2
19004 30.2911559667 -97.8589226 42
19005 39.6223630333 -104.8959519167 1
19006 30.3015160667 -97.7393035833 15
19008 32.8025505866 -96.8035475798 7
19010 47.4650281 -122.2891987 43
19011 51.531323762 -0.9007287025 10
19012 30.0070528333 -95.5486274167 6
19013 36.1438703997 -95.8516359329 4
19014 47.6082867167 -122.3412247 5
19015 45.21963975 -123.9751212 6
19016 30.26335455 -97.7519292 12
19017 -37.6688750839 144.8472583294 293
19018 30.2591844833 -97.7484939 131
19019 45.2145380333 -123.9691753167 1
19020 42.0346915667 -87.9535750167 1
19021 45.2146828833 -123.9689542 1
19022 30.2651355833 -97.7466779333 20
19023 35.6584492 -97.3352050167 135
19024 33.4807298167 -86.7898655167 30
19025 33.7327802167 -97.1534729 39
19026 49.2829800076 -123.1164515018 34
19027 49.283056993 -123.1222558022 3
19028 38.8873918291 -77.031519413 35
19029 35.9180972667 -84.0846812667 10
19030 49.2822241452 -123.1240582466 6
19031 32.7618727833 -117.1464228167 19
19034 47.44382625 -122.29756844 5
19035 33.1842832333 -97.1074484667 12
19038 32.7076372167 -117.1602407333 17
19039 32.82104682 -96.78501397 7
19041 35.6518471167 -97.4299120833 10
19042 -31.9742315 115.8602895 1
19044 35.85844065 -78.8228650167 20
19045 55.947031101 -3.1891143322 12
19046 55.9486266167 -3.1975577 20
19047 55.9495189167 -3.1920596167 11
19049 51.3669243 5.5865264 1
19050 53.2317768 -0.53910815 3
19051 55.95401495 -3.1930913167 28
19052 55.9524016207 -3.1933093071 16
19053 53.2351587 -0.5363426667 2
19054 53.2342540667 -0.5386356833 3
19055 37.0166087 -97.3379445 8
19056 37.3666799 -97.3223233167 12
19057 26.3707199 -80.07663267 6
19058 30.34300405 -97.7637835833 21
19060 42.0025654833 -87.8173798167 6
19061 30.2652852265 -97.7467882633 129
19062 39.9543180249 -75.1690042019 95
19063 43.6114405333 3.8776026 1
19065 30.2658273156 -97.7438217402 36
19066 38.8571190833 -98.1334877 2
19067 42.0030261667 -87.8183871167 1
19068 42.0035526167 -87.81701515 2
19069 32.75807952 -97.08898138 4
19070 47.5977653 -122.3281061667 19
19071 38.8568186667 -99.1514611167 3
19072 32.9426119459 -97.1070487894 17
19073 32.8245763833 -97.1839831167 1
19074 44.8122140667 -124.0627238 7
19076 32.9820281314 -96.7023038864 6
19077 33.64048761 -84.42710787 17
19078 44.81073895 -124.0619638667 2
19079 35.9131015342 -79.0557369172 41
19081 43.6112218922 3.8639183352 1
19082 44.8133523167 -124.0625470333 5
19083 37.718454537 -122.4179935455 7
19084 37.720544 -122.417352 8
19085 37.7282825773 -122.4317845872 22
19086 37.7238095104 -122.4456954002 11
19087 37.7264264667 -122.4429658667 4
19090 37.7405678203 -122.4345266819 10
19091 37.7413950311 -122.4329710007 3
19092 32.7493712333 -97.3298473 14
19095 32.74966675 -97.3297919167 10
19096 37.73701283 -122.4201929569 16
19100 32.9436716934 -96.6484451294 22
19101 35.9117068966 -79.0601652861 3
19102 32.9441849027 -96.6484558582 1
19103 39.031070921 -77.4057757434 4
19104 45.5178649727 -122.6768374443 108
19105 30.2897403721 -97.7418575996 38
19106 33.5166055 -86.8014886 7
19107 32.9204645333 -97.0819121667 26
19108 37.7551816167 -122.4228495167 46
19109 37.7539359667 -122.4209198833 178
19110 37.7537184833 -122.4196408833 32
19111 43.6450273739 -79.3840098381 17
19112 37.75604555 -122.4211683167 70
19113 37.7872403827 -122.4104324186 8
19114 32.9215162833 -97.0815675333 16
19116 35.9060995333 -79.0104933333 7
19117 32.8229794667 -97.5119646 6
19119 37.5732277833 -84.2976175833 1
19120 37.5717762833 -84.2878391833 1
19122 37.56913505 -84.3112589667 4
19124 37.5727080333 -84.2972488833 1
19125 37.5757699667 -84.2863844333 1
19126 35.87523895 -78.7886343 5
19127 53.2308624167 -0.5397091 2
19128 32.7512700532 -97.3289966583 49
19129 32.75183585 -97.32972965 25
19130 43.8774946568 -103.457018137 20
19132 32.9339375658 -97.2231624803 3
19133 45.5161031667 -122.6773597333 11
19134 40.74457435 -89.6116434833 2
19135 45.51533175 -122.6732232167 17
19136 39.8761099899 -75.2438378334 96
19138 32.7848122167 -96.7843875833 50
19139 39.8799070833 -75.2440729 7
19140 32.9111058333 -96.8030901167 7
19144 32.7533002593 -97.3331165314 14
19145 37.77367265 -122.2760254667 11
19146 32.75706365 -97.33165495 8
19147 39.8256507 -75.4993659833 2
19148 32.7546901833 -97.3309336667 11
19149 32.75365455 -97.33114995 8
19150 53.2267061779 -0.5451750755 5
19151 42.3936774833 -71.1258255667 6
19152 53.2266724581 -0.541036427 3
19153 32.9225458333 -96.7772017 139
19154 53.2287297667 -0.5424290833 6
19159 53.2289765849 -0.5430909991 2
19166 39.7371170643 -75.5512189865 136
19170 34.09800415 -118.3520028667 4
19171 42.9909386708 -81.2561380863 32
19172 27.7487022562 -97.3861169815 54
19174 40.6026414 -89.6298259167 3
19175 40.5654514833 -89.61706995 3
19176 40.5626629333 -89.6208348167 2
19177 32.6752742833 -97.3990466833 9
19178 32.6757390667 -97.4040855167 18
19179 32.6770717 -97.4041518667 24
19180 39.1923683522 -76.6940546036 49
19181 32.6649405333 -97.4012063667 5
19182 32.6677204167 -97.3997785667 21
19183 32.6708392 -97.3994284333 22
19185 47.6761825667 -122.2053141167 8
19187 47.6761079167 -122.2062930333 5
19189 44.9156175833 -93.2108998333 22
19191 47.715868608 -117.4260048947 6
19192 32.8159002167 -96.7703469 223
19193 40.5572647 -89.6129984333 2
19194 40.5644026333 -89.629297 2
19196 40.55328585 -89.6630957833 1
19197 40.5410664833 -89.5931982167 5
19199 37.7854359476 -122.4039494991 130
19201 53.0853738543 -0.798509717 1
19202 53.0813042758 -0.7983541489 36
19204 53.2346301667 -0.5388199833 2
19207 41.35351505 -72.0943434 5
19208 41.3532184833 -72.0945243667 1
19209 41.35241925 -72.0926346667 7
19210 30.2907696167 -97.7744749 12
19213 30.3395482333 -97.7560449167 29
19214 32.9756107167 -97.0158089 7
19215 32.8049775905 -96.7973940077 49
19216 39.0034984998 -94.6305415034 8
19217 33.0576209771 -96.6922616959 10
19218 33.5252503403 -112.0248088774 20
19219 43.0081481934 -81.274597168 15
19220 32.9171130167 -96.9599553167 17
19224 38.934693546 -94.6297931671 41
19225 32.9423289833 -97.1206739167 14
19226 32.9270086333 -96.8373799833 42
19227 32.1154771 -80.82437945 21
19228 30.2615216333 -97.7589464667 15
19229 32.9590305167 -97.0428236833 11
19230 32.7463860833 -97.3627457833 20
19231 40.7663959 -89.60205 1
19232 44.6824908167 -104.6015381667 1
19234 40.7466632333 -89.6081535667 26
19235 32.7950062 -96.7760983 9
19236 40.7458687 -89.60868325 1
19237 40.7454714333 -89.60880565 1
19238 40.7450018333 -89.6082734333 1
19240 40.7449959333 -89.6067332333 2
19241 32.8353840333 -97.1323102167 3
19244 26.04644885 -80.3112223667 2
19246 32.8363556833 -97.1302628 34
19247 40.7448827167 -89.6087398833 1
19248 40.7448428333 -89.6090859 2
19252 42.4133896391 -71.3259860873 1
19254 32.8375551667 -97.14822435 23
19255 40.7449398333 -89.6093863667 1
19256 57.6911095872 11.9523632526 32
19259 40.7618209667 -89.5987499 2
19260 40.7618028667 -89.598879 2
19261 51.5310134076 -0.12342453 349
19262 44.5880770667 -104.7137618 2
19264 51.5160805241 -0.1763820648 411
19266 42.9902785833 -81.2494573833 15
19267 30.2696496544 -97.7489876747 234
19268 32.9424747333 -97.1216949167 21
19278 38.9146446729 -94.6470022202 4
19279 51.7536290488 -1.2701761723 77
19282 48.0579860333 -122.1599199167 1
19283 48.0589515 -122.1597899667 1
19284 32.8631994833 -96.7661273 11
19285 51.7711439 -1.2555171333 33
19286 40.760683271 -73.9807534218 5
19287 42.02695805 -87.9712038 3
19288 30.2616776833 -97.7597859333 39
19289 38.8910939 -77.0428137 12
19290 32.8377554333 -96.7769960167 27
19291 37.4008916333 -122.0689480667 6
19292 32.9849893852 -96.6822393166 2
19293 33.0046081543 -96.9757843018 1
19294 39.2826684167 -84.4434258 3
19295 39.2799720333 -84.4424641833 4
19296 37.9808497 -122.03555115 4
19297 37.9817069 -122.0360825167 1
19298 37.9828112084 -122.0354354382 1
19300 30.44028525 -97.9303247333 2
19301 32.9602999621 -96.6812002659 6
19302 37.976566934 -122.0363473892 5
19303 46.2502046833 -119.1160932167 6
19304 30.3598644333 -97.7380002667 159
19305 43.070953654 -87.8832466889 2
19307 37.9794376833 -122.0564041 11
19310 35.5940338167 -97.4365280167 11
19311 32.8654288833 -96.9367529667 5
19315 53.0744643908 -0.8092305064 1
19317 53.0761257207 -0.8074468374 1
19318 53.0771779169 -0.8100968599 9
19320 53.076410928 -0.8123901486 1
19322 51.7643888 -1.2547249333 3
19324 51.75562225 -1.2548539167 1
19325 51.7544185167 -1.25557385 10
19326 51.7545436167 -1.2556739 6
19327 51.7545000167 -1.2568509667 6
19328 51.75335755 -1.2564942667 1
19329 51.7538068 -1.2541860667 8
19330 51.7544545167 -1.25507735 8
19331 51.7544413167 -1.2546181 11
19332 32.5297967833 -92.6396485833 19
19333 31.5699524361 -97.1449005604 33
19335 39.9680564167 -82.9984392667 2
19336 51.7545553167 -1.25883785 8
19337 37.7790261 -121.9771419167 35
19338 37.7789396167 -121.9775576 5
19339 37.7777882667 -121.9775235 6
19341 37.8943376667 -122.05817355 6
19342 42.9872715667 -81.2369309833 2
19343 37.9009294333 -122.0631595 9
19344 37.8991433293 -122.0619960129 27
19345 31.5723062102 -97.1463704109 4
19346 31.5722216581 -97.1458728611 5
19347 51.7544104826 -1.2575814127 4
19348 37.9446789333 -122.0560803667 24
19349 31.57234215 -97.1457673 4
19350 31.5718583121 -97.1460324526 6
19351 51.7550030667 -1.2543506 13
19352 31.5716709255 -97.1451634169 6
19353 51.7622434833 -1.26318895 2
19354 30.2917458 -97.78709205 14
19356 32.7066138167 -97.38853755 17
19357 32.7066138167 -97.38853755 2
19359 32.7066814333 -97.3890689333 6
19361 32.7071162333 -97.3892641667 4
19363 32.7077915 -97.38769995 19
19365 30.1813026688 -96.9287829319 3
19366 31.5712870104 -97.1465045214 7
19367 38.9928291167 -94.5935792833 15
19368 30.2835848725 -97.7534294128 50
19369 32.75066107 -97.3597989 51
19370 30.2839624116 -97.7195155621 108
19371 32.7539185167 -97.3607112333 7
19372 32.3477813121 -97.3934018612 5
19373 39.1042286333 -84.4942756167 7
19374 28.5387505903 -81.3789361386 7
19375 31.5714218379 -97.1453163028 6
19376 32.97499745 -96.7143398167 69
19377 30.3721608333 -97.7566717167 24
19378 30.2510666833 -97.7660909167 20
19379 31.5706288666 -97.1446913481 6
19380 41.9013907167 -87.6257768667 5
19381 28.5412133287 -81.3789403439 29
19382 38.9635742 -94.66593955 17
19383 37.890690549 -122.1200081706 7
19384 37.8846765993 -122.1395373344 17
19385 37.8780725333 -122.18159645 1
19386 37.7764575167 -122.4180327167 25
19388 37.8788370667 -122.1818187833 7
19389 39.1024598833 -84.4956459667 2
19390 37.8685811 -122.20255275 7
19391 32.93388745 -97.2177194833 15
19392 39.10015765 -84.49899475 2
19393 37.8284519333 -122.2606633 6
19394 32.53761975 -92.6381082833 27
19395 39.0984517167 -84.5013043333 7
19396 37.7790746 -122.4145193667 94
19397 35.6729827833 -105.9505603 2
19398 39.0954966479 -84.5160627365 36
19399 32.4595518667 -96.94247095 3
19400 37.4031921121 -121.9689555968 5
19401 39.0949992667 -84.51017435 6
19403 39.0973153667 -84.5085139 4
19404 39.0974616996 -84.5070934296 125
19409 32.7516580517 -97.3315501213 52
19428 32.6589518333 -97.40283875 5
19432 35.9353323406 -79.0253046155 10
19433 38.6996604333 -93.2648098833 1
19434 28.5515166667 -81.48055805 2
19435 32.7799380055 -96.7977504787 8
19436 35.9323135773 -79.0269058943 10
19437 39.0710288347 -94.5795607567 24
19438 32.8240248167 -97.2003664167 17
19439 46.2254291 -119.2232244333 5
19440 32.6664226333 -97.0910275667 12
19441 32.9870314 -96.8529677667 2
19442 39.28645837 -84.44003432 2
19443 38.1997484333 -92.8342397833 3
19445 30.3483084667 -97.7975034333 19
19446 30.3492023167 -97.80048655 42
19447 30.3430887667 -97.8024547333 2
19448 30.34241005 -97.80378695 28
19449 30.3352604333 -97.8072506333 32
19450 30.3342942167 -97.8080497333 14
19451 42.9820373667 -81.2505916 5
19452 37.7817309333 -122.3961121667 28
19453 46.9794336167 -120.5429562333 4
19454 49.32439385 -122.8868310167 1
19456 35.4967065833 -97.5346692667 50
19460 32.8146269833 -96.7788895 113
19461 37.7601765167 -122.41884655 31
19462 49.0501080658 -122.3000943661 4
19463 46.26999195 -119.1859952333 1
19464 37.6014255833 -122.3910513667 4
19465 37.6016643833 -122.3913682333 6
19466 37.6016869667 -122.3922539333 2
19467 37.5932465833 -122.3894796167 2
19469 37.7893183833 -122.3966682333 46
19471 37.5866796 -122.3643312333 6
19472 37.58712045 -122.36378085 8
19473 33.5113252813 -112.0134365559 5
19474 39.037077981 -95.6997048855 2
19475 37.1967277167 -93.2546869667 3
19476 37.7466258843 -122.4189789119 34
19477 37.7617194167 -122.4193929833 30
19478 32.9847541 -96.8695791833 4
19479 32.9847541 -96.8695791833 3
19480 37.5996801843 -122.3865795135 89
19481 40.59318665 -89.6301808333 2
19482 40.5757664833 -89.6316498 1
19484 51.5770645142 -0.104057312 11
19485 52.4812153667 1.76276895 2
19486 53.0652832189 -0.8341777325 1
19487 55.9449261667 -3.1907423167 4
19488 53.9363783071 -1.0717409849 1
19489 51.439670743 0.2711391449 87
19490 58.3025894746 11.5201950073 101
19491 51.7769197167 -1.2473127167 2
19492 48.8414619365 2.32611956 1
19494 58.2721163833 11.4364736833 3
19495 37.6211490513 -122.3901414871 6
19496 51.7705309667 -1.25294065 23
19497 51.7706319333 -1.2540556167 28
19498 39.7020845833 -104.95949965 26
19499 43.1356448626 -79.2244291306 21
19501 32.7827995767 -96.8067587421 7
19502 32.8503573167 -96.8181419167 26
19503 46.2196843167 -119.2177312667 6
19505 29.7129168024 -98.126449585 100
19506 53.4039571833 -2.9839318667 5
19507 39.0145691167 -94.5911953667 17
19508 53.9618188304 -1.0799056292 1
