800 187 613 5 26.11625 140 459
25266 33.4769081667 -81.9717703 1
25267 41.8839016833 -87.6219220167 6
25269 40.1400765 -74.8170165 1
25270 40.1052119667 -74.85490505 2
25271 40.0936181812 -74.9066734314 2
25272 42.3141567833 -71.0393835667 8
25274 33.0335421667 -96.8500843167 2
25275 34.5378006833 -82.68435415 2
25276 33.6705684542 -117.9120540619 72
25277 42.3205811278 -71.0523605347 32
25278 32.9826202281 -97.1603089393 7
25279 37.1323028667 -80.3803528333 5
25281 35.6539947667 -97.4732070333 162
25282 19.20074623 -96.12946969 1
25283 39.9532324138 -75.1730275154 5
25284 34.07346129 -80.939446396 1
25285 48.8601269497 2.3368263245 194
25286 34.0122964833 -81.03672855 11
25287 19.2008892 -96.13507 1
25288 33.9876937866 -80.9752960205 7
25289 33.0290432333 -96.8361064833 11
25290 39.9533146577 -75.1736283302 11
25292 32.8719635153 -97.29077148 15
25293 32.8610015833 -96.9585551 4
25294 26.38952231 -80.14833283 3
25295 41.6003109619 -93.6736921011 2
25296 30.14521655 -85.74858175 1
25297 42.388453099 -71.1192280054 99
25298 38.91346615 -94.76175245 40
25299 42.3967603167 -71.1298392667 1
25300 37.4215991833 -122.1442695167 18
25301 38.968503952 -95.2359333038 13
25302 30.1458207667 -85.7490150833 1
25303 35.6546399667 -97.4728906333 7
25304 35.6533409333 -97.5075568 31
25305 35.6555804167 -97.4732874833 6
25306 45.5350517 -122.6565780667 2
25307 35.6565540667 -97.4724343667 5
25308 35.6563090667 -97.4711285667 20
25310 41.58646165 -93.6098711 19
25311 30.3366555333 -97.8042787333 56
25312 39.0572528833 -94.6070885833 13
25313 31.5821182941 -97.1550178528 12
25314 39.0566821167 -94.5956418 35
25316 42.3538137333 -71.0485372333 45
25317 37.4254983167 -122.1455788167 46
25318 37.6390426833 -122.4199822 13
25319 37.6393486833 -122.4212678 3
25320 37.6390760167 -122.4213042833 2
25321 37.6362201 -122.4214467333 5
25322 33.6519763588 -117.7453923225 106
25323 40.7527147753 -73.9936387539 126
25324 42.352951 -71.0431670667 50
25326 35.6559856833 -97.47515665 23
25327 42.3538253667 -71.0473842833 5
25328 37.4215003954 -122.2104303803 4
25329 49.2822544833 -122.95410015 1
25330 33.0289585608 -96.7520856857 17
25331 49.23942865 -122.9656080833 2
25332 37.6193474685 -122.3839724064 8
25333 41.8936297 -71.3717709167 1
25334 35.9104711344 -79.0626539038 15
25335 33.649417622 -117.7425545454 13
25339 33.9997768 -81.0179329833 13
25340 37.68902715 -97.3289357167 67
25341 39.9513962937 -75.1737517118 16
25342 40.6112019 -89.4612437167 7
25343 35.5152207912 -97.5295990705 71
25344 33.6503866465 -117.7434504032 24
25345 38.9670779333 -95.23685705 22
25347 19.1877454333 -96.1229134667 1
25348 35.4930404833 -97.5374902167 68
25351 34.0878390167 -81.1778846333 5
25352 33.21172575 -96.6652040833 3
25353 35.5154107306 -97.5296097994 41
25354 34.1047212797 -80.9592017865 1
25357 35.5571824333 -97.6374648167 69
25358 26.4972109667 -80.0820155167 2
25359 48.0511523333 -122.1768714 2
25360 41.61475145 -93.6468120167 1
25361 35.5556136365 -97.6383376635 52
25362 38.9693191709 -95.2350282669 69
25363 41.5876933833 -93.6444036167 16
25364 48.0649567333 -122.1398738 4
25365 39.9538656891 -75.1677811146 67
25366 41.5956651333 -93.6677537 108
25368 41.9308038325 -87.6490143296 4
25369 40.76358475 -73.9478492667 7
25370 39.9739300748 -75.1956546307 52
25372 39.9972249 -75.1551554333 4
25373 45.5203241 -122.6905639 4
25374 40.0106885308 -75.0697302818 1
25375 40.0234313667 -75.0389497 3
25376 40.03280465 -75.0237106833 8
25377 40.0542716167 -74.9845560333 6
25378 30.3029419833 -97.7453474167 8
25379 40.07191455 -74.9521635667 5
25380 30.3963873167 -97.8287998167 16
25382 39.0436208167 -94.5870482833 24
25383 40.1387175 -74.82172915 3
25384 40.1422700667 -74.8216104 5
25387 30.17440395 -97.8266786 29
25388 35.4743013033 -97.5720691681 185
25389 47.602126524 -122.3321413994 35
25390 40.6324946592 -111.8862783909 3
25391 42.3564667475 -71.062349081 154
25392 40.0437989833 -76.3069693667 1
25393 37.3875499667 -121.9924822167 54
25394 40.0168041152 -105.2807861567 107
25395 30.4654706333 -97.8017767167 36
25396 47.7080497833 -122.32628745 12
25397 32.7470865 -97.3728586667 57
25398 47.6170348833 -122.1956088167 16
25399 37.3695091644 -121.9295632839 217
25400 35.5006877 -97.5208235333 535
25401 37.77640555 -122.426436 58
25402 33.6673817333 -117.9651611333 19
25403 30.4038223333 -97.8545721667 6
25404 37.77553535 -122.4261152667 15
25405 30.6182384599 -96.3459348679 8
25406 -28.80791095 153.279174 4
25407 -28.8081813167 153.2791026833 4
25408 -28.8195372167 153.2853561167 2
25409 -28.7800955833 153.29517895 3
25411 -28.7802988833 153.29535695 2
25412 41.8811148 -87.6401066333 10
25413 51.5511390045 -0.1803463627 5
25414 35.6525873398 139.6910927114 5
25415 50.1219598613 8.6501024833 250
25416 35.9130645833 -79.056428 8
25417 38.9283068333 -95.2414055 1
25419 38.9929703 -95.38920275 3
25420 51.4923448823 -0.1202835548 4
25421 39.9533311065 -75.170173645 5
25422 39.0154286913 -95.7438241136 1
25423 51.5511787093 -0.1794075966 36
25424 39.9891123817 -83.1215797135 45
25425 36.5069425 -4.8915302 1
25426 32.75736635 -117.1822226667 3
25427 30.2267475312 -97.7604568005 127
25428 48.4650015667 7.9426657333 18
25429 35.99722195 -78.8998514167 149
25431 38.9712488227 -95.2362884271 42
25432 51.556920491 -0.1770476962 3
25433 35.8962704 -78.6809251 14
25434 35.8990470362 -78.6818039545 37
25435 34.0313980833 -81.1075362667 6
25436 35.4883339667 -97.5314848 77
25437 42.9269436862 -81.2179056316 2
25439 29.8905465826 -95.5840272214 8
25440 35.6586063548 -97.4707041851 9
25441 51.4274306218 -0.1679491997 9
25442 42.3663287299 -71.1050283909 19
25443 35.6069898811 -97.5471031666 60
25444 39.7610995167 -104.985154 2
25445 33.530713 -84.923792 5
25446 51.5416802 -0.1385084333 5
25447 33.9824464333 -81.0609638667 9
25448 35.6559931167 -97.47204305 11
25449 51.7533712833 -1.2654990167 1
25450 35.65701185 -97.4718625667 17
25451 51.7535011167 -1.2651251333 1
25452 39.9545086667 -75.1706557833 3
25453 35.5426061 -97.5664258 7
25454 35.6571264333 -97.47261295 10
25455 38.8807857817 -77.1768522263 344
25456 51.7535094994 -1.2634062767 7
25457 35.6569840333 -97.4729137167 7
25458 41.8869628464 -87.6228167113 25
25459 35.6565499833 -97.4740946833 4
25460 51.7516393 -1.26233105 1
25461 35.6572974 -97.4740135333 20
25462 51.75103245 -1.26236915 1
25463 47.72179105 -122.2069966167 1
25464 35.6574963 -97.4705465667 22
25465 38.9670338021 -95.2358838042 19
25466 41.1199307333 -85.1319032833 2
25467 39.0370619833 -95.70948805 3
25468 32.7123984776 -97.3863744736 11
25469 32.7512298333 -97.3299761333 19
25470 42.6445971833 -73.7482394333 10
25471 33.4337809333 -111.90187175 11
25472 40.7472813333 -89.57378185 1
25473 40.7534238333 -89.5824638833 2
25474 30.2900808167 -97.77658325 18
25475 32.919938657 -96.9586075062 5
25476 35.49428375 -97.4994560667 23
25477 32.9188514333 -96.9606248 6
25478 43.6695303067 -79.3026667569 1
25480 33.50202825 -117.6627011 24
25481 33.50025085 -117.6625205333 4
25482 33.5004085333 -117.6624189167 4
25483 47.2623883833 -122.4511455333 16
25484 30.2316852167 -97.8168900667 101
25486 37.5651808268 -122.3277385533 2
25487 33.5009923667 -117.6627713667 6
25488 47.6151084 -122.34267665 4
25490 35.5320373667 -97.5345407667 35
25491 47.5796779457 -122.1455369718 60
25492 37.5507741752 -122.3128294945 7
25493 37.8112372667 -122.2666254833 2
25495 39.7551993937 -104.9902009964 19
25496 37.8115301 -122.26602405 31
25497 40.43242605 -111.7874141667 1
25498 41.11526055 -85.1114358 3
25499 39.9529116618 -75.1345860958 67
25500 39.9228303833 -75.09213345 7
25501 39.9134654833 -75.0645956167 12
25502 38.9281479667 -94.701204 6
25503 30.3564054667 -97.96055485 3
25504 37.7626215167 -122.4005662667 65
25508 35.9493452333 -78.96853765 1
25510 30.4017692003 -97.7263069153 457
25511 34.8679799667 -111.7619134833 8
25512 35.912940531 -79.0786996729 10
25513 33.3945310833 -111.7519003167 3
25514 35.9115098312 -79.0768895218 1
25515 39.3414174343 -76.6350687865 36
25516 35.9115098312 -79.0768895218 1
25517 35.9871787167 -80.0048162 5
25518 34.0875374 -84.4702604 2
25519 29.4192387914 -98.4890135203 15
25520 35.9094409503 -79.0766808266 1
25521 35.9102617331 -79.0755480648 5
25522 32.9341750333 -97.07673305 3
25523 35.9102617331 -79.0755480648 3
25525 32.9341514333 -97.07656985 5
25526 35.910029642 -79.0749698329 4
25527 38.9430304109 -95.2132458283 23
25528 35.9091782064 -79.0754699707 15
25529 47.6205461 -117.4981886167 1
25530 33.3634567261 -111.6338424683 2
25531 42.3443987861 -71.0981828949 3
25532 50.8822708017 4.6890182255 2
25533 47.26306115 -122.4539025833 8
25534 32.3452066 -97.3869026333 5
25535 34.1322583833 -118.2471666333 1
25536 40.5574316667 -89.6181954333 5
25537 38.4425993167 -92.9892708 2
25539 37.1478407333 -94.50290715 4
25540 28.7919356035 -81.6279700398 6
25541 33.3065385579 -111.8904615835 1
25542 33.19791785 -96.61418955 6
25543 37.793769918 -122.3964616367 12
25544 35.9033384479 -78.9327013493 151
25545 34.0620843277 -84.4209002864 10
25546 35.90525985 -79.0103603333 12
25547 36.0357117833 -79.9625775833 11
25548 29.4242932667 -98.4883599833 20
25549 28.5532423667 -81.3542699167 4
25550 30.3773289 -86.8780103 6
25551 33.5534391666 -117.138376236 10
25552 38.8905848473 -77.0866666329 24
25553 38.1489097386 -92.7418720722 2
25554 35.9264842333 -79.0259525667 7
25555 32.750047 -97.3518211167 62
25557 30.1606431287 -97.7912861109 5
25559 33.425768979 -86.7941969633 12
25560 29.9512566 -90.0686392167 7
25561 35.7788996977 -78.6392152875 13
25562 29.4239244667 -98.48743805 16
25563 38.9318008423 -95.2659759521 1
25564 38.9685808386 -95.2359270811 7
25565 29.95571985 -90.0653823667 20
25566 36.64678445 -93.2144890833 63
25567 35.3966591152 -97.5961661339 728
25568 21.2789825195 -157.8134978243 142
25570 39.3524524032 -76.5612989694 10
25571 32.6759015667 -97.1414152333 8
25572 33.0045942333 -96.9860509833 34
25573 40.7623743721 -73.9599914094 6
25574 33.9988544761 -81.0166490078 15
25575 33.0051892833 -96.9788178667 2
25576 30.3891670333 -97.7528005 108
25577 38.1866007667 -92.6425372333 5
25578 40.01143815 -75.0317533167 1
25579 35.6537890333 -97.51164435 15
25581 45.5325373251 -122.6535129547 98
25582 38.1901843667 -92.7183426 3
25583 29.9604052667 -90.0593932 6
25584 39.7539948 -105.0248692833 23
25585 33.0196347455 -96.7125982046 18
25586 40.1391708868 -105.1221442223 107
25589 32.9091109351 -96.7450838932 6
25590 36.159841602 -86.7780514741 10
25591 25.7331209167 -80.2455315 87
25592 37.3763539167 -122.0306085333 6
25593 35.4934774014 -97.5275230408 86
25594 39.8560251582 -105.0781989098 1
25595 32.81123195 -97.4272976 2
25596 47.5513359928 -122.0563727617 54
25597 39.0439082116 -94.5874413639 22
25598 35.9038685629 -78.9544808865 3
25599 40.5610907015 -89.6231603622 7
25600 40.7537489 -73.9495554333 3
25601 32.46112485 -99.6987520833 2
25602 35.4795949 -97.5208906167 34
25604 35.6241866833 -97.4865123833 29
25605 21.3092264316 -157.8626453876 39
25607 35.1323714 -90.0580557167 19
25608 49.2780227833 -122.84636935 1
25609 33.5420577167 -82.1337880167 3
25610 45.5264354167 -122.6939205833 20
25611 33.7636001964 -84.350964725 30
25612 47.5449072176 -122.0163890719 68
25613 42.3536207167 -71.1318613667 8
25614 32.6832025856 -97.4197169306 13
25617 21.2792072 -157.8137490833 76
25618 32.8280300604 -96.7860769018 35
25619 42.3459400124 -71.0999835925 7
25620 39.25091285 -94.66197135 11
25621 33.5460567 -82.1412805333 8
25622 29.9621278667 -90.0578869 3
25623 42.2559281081 -71.8117578343 2
25624 21.276633 -157.8144802667 9
25625 37.7766977033 -122.4250906706 22
25626 29.96404265 -90.0593397 8
25627 47.6398876 -122.32588845 2
25628 37.7805151833 -122.3904248667 85
25629 37.7659600806 -122.4312755295 4
25630 47.2213652 -122.4672055 7
25631 37.7770411473 -122.4228215218 115
25632 40.77270115 -73.9551720333 5
25633 42.2658131547 -83.7486934662 33
25634 30.266832721 -97.7437198162 228
25635 39.96935275 -83.0095225333 48
25636 38.896082311 -77.0783643488 32
25637 47.5995859219 -122.3313833335 10
25638 29.72172085 -95.6189898667 3
25640 21.2838126 -157.8009061667 13
25645 28.31759065 -81.4183763 2
25646 41.54120485 -93.64360835 3
25647 21.2831187972 -157.7899923921 10
25648 37.3937794333 -122.0791279333 15
25649 21.2673168 -157.7879282 87
25650 33.6517262936 -117.7455961704 14
25651 39.9836374167 -83.0048087333 68
25654 29.9586584167 -90.0656464333 22
25655 38.7865236316 -121.2249217917 1
25656 40.1417587228 -74.8900051688 13
25657 39.9855518167 -83.0051331667 1
25658 39.9858293333 -83.0053428 21
25660 32.4606774833 -99.69841215 3
25661 35.5225379167 -97.53287195 132
25662 39.9834691 -83.00469595 7
25663 39.9823157333 -83.0043906333 9
25664 39.9815881667 -83.0045381667 59
25665 39.9810976833 -83.0048836667 21
25666 39.9786269667 -83.0036684833 29
25667 33.9280471667 -118.4345505 2
25668 35.4929405833 -97.4793108667 19
25669 33.9937257667 -81.00364245 3
25670 47.661573 -122.3338940333 5
25671 1.2837555 103.8438278333 11
25672 36.8140892333 138.7741787833 2
25673 51.1569542702 -0.1756095886 532
25674 50.1940724216 8.6578273773 43
25675 33.4657557 -82.08086625 22
25676 51.5389824 -0.9045631 1
25677 51.5375947 -0.90492565 2
25678 51.5173808167 -0.0814617333 458
25679 35.9102558355 -79.0733464105 2
25680 35.9102726397 -79.0727776401 2
25681 35.9106554579 -79.0720045567 6
25682 35.9098473179 -79.0721225739 62
25683 51.4924195394 -0.2236104012 14
25684 51.5142778332 -0.0756275654 40
25685 -28.8069287167 153.27777955 3
25686 51.5100245354 -0.0764322281 79
25687 51.5104919502 -0.0860881805 32
25688 51.5116791833 -0.0905124833 25
25689 51.5120277079 -0.0941991806 15
25690 32.76857355 -97.3378027 12
25691 51.5124112833 -0.1027921833 32
25693 51.5111062595 -0.113478899 23
25694 33.4959751333 -83.64643705 7
25695 51.5467914081 -0.1794419611 20
25696 51.5009824545 -0.1250016689 79
25697 43.6788831059 -79.3122982979 1
25698 29.9798721333 -95.5452919833 4
25699 39.3271499 -76.61036965 29
25700 51.4924735167 -0.1568378167 30
25701 33.2236376088 -97.1285927296 3
25702 25.73538815 -80.2434556 24
25703 32.94504865 -96.7337195667 8
25705 37.7355626333 -84.3102832833 1
25706 30.2608806167 -97.7279666833 14
25707 41.9150602453 -87.7025806904 18
25708 51.4942518 -0.1822732667 39
25709 38.8855452833 -77.1725280833 6
25710 41.5606186717 -93.6335878291 41
25711 1.3224537 103.8142764667 1
25712 33.7522129667 -86.8142348833 8
25713 51.5091865155 -0.1965254545 59
25714 32.8518809248 -97.3223474622 2
25716 30.2391144833 -97.79679845 3
25718 39.2881532984 -76.5384882571 4
25719 41.5680021833 -93.6124928 1
25720 35.7632117339 -78.6626887321 36
25721 29.5976687798 -95.6214495236 13
25722 32.4170135 -96.8403078833 38
25723 35.3623876833 -96.9376485667 4
25724 41.8973818572 -87.6233589649 24
25726 50.9760581783 -3.1462901831 7
25727 38.8813817833 -77.1743810167 1
25728 29.424513 -98.4885802833 9
25729 33.0111539667 -96.6115465333 12
25730 32.86409935 -97.3722653333 1
25731 36.0293340189 -78.8990932703 33
25732 33.5211021097 -86.8075489998 11
25733 38.885304017 -77.1725928783 14
25734 35.5355287 -97.5645186833 21
25735 35.221958009 -97.4415421486 2
25736 34.0167363 -80.9938800333 3
25737 35.8023781795 -78.6863350868 27
25738 36.0317819833 -78.89800705 12
25739 29.5868743356 -95.6271886826 52
25740 40.6136224333 -89.46586555 7
25741 42.4555259 -88.0465013667 1
25742 32.9493474667 -96.76639055 2
25743 33.4915563 -86.7958850667 15
25744 51.5122480514 -0.1879692078 26
25745 38.8847299833 -77.1744432 37
25746 35.50475545 -97.6306598333 16
25747 33.8805702428 -118.302615881 1
25748 33.1594781641 -117.3507320881 45
25749 33.6398624 -95.5240035167 3
25750 36.0318359167 -78.8973644 1
25751 51.5205602357 -0.129904747 5
25752 32.7506880522 -96.8556725979 39
25753 51.520179711 -0.1698374748 72
25754 30.3298978322 -97.7047365904 34
25755 36.0303103833 -78.8974968167 8
25756 29.8031368 -95.4176827667 58
25757 51.5236844235 -0.1439380646 38
25758 51.514913166 -0.121534782 9
25759 34.0165614167 -80.9938477333 8
25762 33.5759052219 -86.7191004753 5
25763 51.5255468182 -0.1358485222 38
25765 49.2636922679 -123.113103196 5
25766 51.5302124831 -0.1238644123 171
25767 38.1429998 -92.6287662 7
25768 41.8137944681 -87.888532877 5
25769 37.3244569 -122.03205635 6
25770 32.8151743 -79.8650792 37
25771 47.3149099 -122.3110694 5
25772 40.0494870333 -74.9535356167 8
25773 51.5183705062 -0.0889098644 32
25774 33.9664461333 -80.9436089 16
25775 53.5230385093 -113.6246609688 6
25776 41.99287845 -87.8634529833 15
25777 33.8361371 -118.3529348 12
25779 38.970689127 -95.3097526044 11
25780 40.5444009833 -89.5989449167 2
25781 33.7966471597 -84.390642255 29
25782 34.0049591064 -81.0333023071 5
25783 36.1464583547 -86.811330047 7
25784 38.5004912167 -107.8994694167 9
25785 32.7917511833 -79.8546370833 49
25787 33.10371515 -96.8062373 19
25788 40.6204137333 -89.46809325 11
25789 37.38196905 -122.0259918167 1
25790 35.5113641 -97.6058381 4
25791 34.0482054 -84.3616039 2
25792 32.9537372562 -96.8166518211 23
25793 39.1572304833 -75.52403265 3
25794 33.0192726575 -96.7109298706 16
25795 41.93975765 -87.6534649 132
25796 33.6610228167 -95.5558007667 4
25798 37.3762435833 -122.0304382333 52
25799 2.3271429667 102.1807246667 1
25800 32.6738075629 -97.4005703344 13
25802 49.6131677493 6.1297186113 2
25803 41.9663711833 -87.6877897 35
25804 37.80847345 -122.4402319 13
25805 41.5433689 -93.6417740167 1
25806 39.1581130167 -75.5243076167 5
25808 49.2708474833 -123.0309731667 6
25809 49.6110647976 6.1326706629 3
25810 42.349569 -71.0824241667 3
25811 49.6108976429 6.1328065395 5
25812 37.3777858333 -122.0298681 22
25813 38.6024726667 -90.2616076333 7
25814 32.4780623154 -99.7364401817 2
25815 35.4935801167 -97.54992095 19
25816 36.0078337721 -78.9220704138 1
25817 37.8045793088 -122.4328422546 68
25818 37.77960855 -122.39513925 198
25819 35.9109554667 -79.0713481833 58
25822 32.7379381833 -97.1083495833 1
25823 40.3957459301 -105.0733127303 2
25824 32.7385171333 -97.1070244667 4
25825 41.62995025 -93.6681737667 2
25826 32.7389408667 -97.1067876167 3
25827 38.82629765 -77.05894125 16
25828 26.121419078 -80.3311729431 64
25829 29.9489107788 -90.0669801235 46
25830 33.8324709167 -118.3100617333 1
25831 35.4941890522 -97.654267444 19
25833 34.0776007667 -81.1559770167 9
25834 37.7994105 -122.4100558667 17
25835 61.1153286833 -149.8643066333 2
25836 21.2919909649 -157.8503420949 48
25837 47.6305688833 -122.3487133833 8
25838 37.7986063333 -122.4087132 9
25839 34.0563732 -118.2767440167 20
25840 33.3348239167 -111.9619568 2
25841 37.8490873833 -122.2912797167 4
25842 42.9319619333 -70.8888208167 6
25843 37.3906625833 -122.0811022333 34
25844 35.5561805316 -97.6365709305 29
25845 33.0707764667 -96.7521003667 2
25846 47.6258031 -122.3460828333 19
25847 29.6337356567 -95.5853424072 2
25848 33.92474635 -118.1322112667 2
25851 37.8003046143 -122.4406935947 17
25852 28.0812604167 -82.4271465667 3
25853 38.6561021243 -90.3058290689 25
25854 36.71351635 -93.2006099833 3
25855 21.2962418167 -157.7907917 5
25856 37.4796772063 -122.25461483 26
25857 37.7918374021 -122.4132084846 65
25858 33.3726983833 -86.81566115 12
25859 47.5434823161 -122.0160162449 61
25860 41.88969795 -87.62366995 13
25862 37.8621651 -122.2667880167 3
25863 45.5265970833 -122.6842148333 63
25864 28.4347065 -81.3140937 6
25865 37.7922528415 -122.4106550217 102
25866 35.7781233689 -78.6386668682 122
25867 40.719678 -74.0045610667 10
25868 19.1424113359 -96.1835646629 1
25869 37.78690282 -122.4106872082 23
25870 29.9549315667 -90.0661366833 8
25871 32.94690085 -97.07816685 6
25872 49.2812957662 -123.0491027276 3
25873 42.3796826 -71.0951790333 22
25874 29.9579927751 -90.0640779734 15
25875 33.1054458311 -96.8155896664 6
25876 37.3903588167 -122.08401205 40
25877 35.6365669667 -97.5255207833 1
25878 37.783061171 -122.4615912676 35
25879 37.4861338333 -122.2341638 5
25880 30.2741071167 -97.7394858833 36
25881 47.67174705 -117.4085176833 2
25882 38.6556118279 -90.3022154627 4
25883 40.5135707701 -74.4653320313 19
25884 34.2593092833 -119.2101839667 12
25885 29.9640435833 -90.05753165 4
25886 47.6684652833 -122.3942713 19
25887 30.2703626667 -97.78945245 41
25888 35.3934462333 -97.26410385 5
25889 33.6715487833 -117.7893506833 3
25891 33.0983167215 -96.8106066712 46
25892 30.2644628205 -97.7724865079 83
25893 37.7686793176 -122.4130046368 96
25894 47.6807679667 -122.1232153167 7
25895 32.9351869167 -97.0741623333 5
25896 39.0099617833 -94.5858451333 3
25897 37.6314757 -122.4348040667 6
25898 32.9421866833 -97.12653815 5
25900 42.02645895 -71.4889766167 1
25902 47.6933807833 -117.4224832833 1
25903 30.2696403883 -97.7599740028 51
25904 37.7830900167 -122.4637403 6
25905 33.9994232948 -81.0382465693 13
25906 42.0333806167 -71.4705331 1
25907 45.4810394673 -122.6772129536 6
25908 30.32925255 -97.7496984333 6
25909 -27.52428535 153.2524428833 8
25910 35.3863031333 -96.9210406167 34
25911 38.1783835068 -92.6563417912 2
25912 30.3366077833 -97.7595119667 5
25913 45.4969923724 -122.6218628883 7
25914 33.1741651167 -96.6438291333 9
25915 35.5120744333 -97.63533915 10
25916 30.2653583743 -97.7402056668 152
25917 29.9581126667 -90.0640099667 12
25918 37.44735965 -122.1603056333 71
25919 40.7586602833 -96.6404742167 1
25920 35.5465897333 -97.56531705 27
25921 21.294942404 -157.8427112103 70
25922 50.8778919355 4.7007150176 9
25923 30.3898440667 -97.7524250167 39
25924 34.4956843167 -118.6252664667 1
25925 37.7032941333 -121.8851665333 109
25927 42.3645491 -71.1021347833 4
25928 42.3645491 -71.1021347833 3
25929 35.4988450155 -97.5216248631 77
25930 42.3639664346 -71.1015951633 40
25931 37.4439857333 -122.1634244333 20
25932 30.3757883333 -97.7539820167 15
25933 30.37323795 -97.75637665 16
25934 34.3966863833 -119.7056081167 2
25935 33.5259291675 -82.1209416025 2
25936 32.9330070114 -97.0788258287 15
25937 45.4965399 -122.61581135 3
25938 42.6893282613 -73.8498401642 117
25939 35.7846841084 -78.647413746 8
25940 40.1111847333 -74.9364036167 2
25941 37.69030125 -121.88829905 4
25942 42.0697923167 -71.4534145833 1
25943 41.8899465292 -87.9656088352 1
25944 35.5213572 -97.6619920833 3
25945 37.7254642971 -122.4593397975 12
25946 34.3970010833 -119.70513305 2
25948 25.7052614667 -80.28806285 7
25949 30.38804975 -97.7422973167 38
25950 35.78159123 -78.6475377878 8
25951 34.0601614817 -118.4373807907 20
25952 36.1046605729 -95.9735959768 74
25955 43.6434979047 -79.3790531158 87
25956 33.3004036662 -111.8985629082 11
25959 41.836356243 -87.9467260838 8
25960 42.1076837 -71.2498386833 1
25961 33.0886741348 -96.6840863228 48
25962 35.1359803 -90.01198815 4
25963 32.8328321167 -97.2662701167 6
25964 32.9441705667 -96.7392271 55
25965 51.1265829888 -114.0171432495 196
25966 33.8985075676 -118.3949174872 14
25967 36.5549929809 -121.9220442525 5
25968 32.7491238 -96.8245153 6
25969 37.57858425 -122.3561192333 3
25970 32.9413937748 -97.0734139272 7
25971 40.1348077149 -74.9612108836 3
25972 42.5297129667 -83.7832768833 5
25973 39.1242853167 -94.8312156667 67
25974 38.6267615257 -90.2027750015 45
25976 35.4694585833 -97.5075446167 27
25977 38.9904876333 -94.3671781 5
25978 37.6062761167 -122.3969660833 2
25979 37.3477392333 -79.1901074833 2
25980 40.4178335667 -104.9917810333 8
25981 34.3964317167 -119.5217170333 3
25982 21.2944675787 -157.8422284126 16
25984 28.59652625 -81.2832395 3
25985 37.6413883618 -122.4239104986 3
25987 -28.0062852516 153.4296941757 9
25988 27.7718366 -82.6368215167 23
25989 47.7530473333 -122.1700574 2
25991 32.784236 -96.7864608765 22
25992 39.4775191333 -106.0441411833 3
25994 37.6665794167 -122.4515542667 5
25995 32.7851210733 -96.7879106104 20
25996 46.7338565333 -117.0018542667 9
25997 37.6560878167 -122.4360983167 3
25998 32.7861222666 -96.7884001136 21
25999 39.9163910667 -104.9772606667 3
26000 34.0615957 -118.4463445333 3
26001 33.9730469512 -81.0192775726 42
26002 50.8822701727 4.6890174552 2
26003 39.0463811167 -95.7597325333 7
26004 40.2203179631 -74.9263420701 6
26005 37.6248359333 -122.4141476167 4
26006 39.0457788167 -95.75938975 3
26007 35.4665435833 -97.51127495 20
26008 39.0429244667 -95.75899975 2
26009 47.7601528 -122.2432517833 1
26010 39.0423020833 -95.7587894667 2
26011 39.6896472167 -104.9803341167 41
26012 49.2697528833 -123.1321750667 1
26013 35.4649234 -97.7233243333 2
26014 49.2693112667 -123.13167365 2
26015 27.7719907 -82.6410397 6
26016 42.3485221281 -71.0961127281 20
26017 38.7887506218 -121.2223984632 1
26018 34.0432150667 -118.2545511 2
26019 37.6681752833 -121.87396085 2
26021 49.2693549983 -123.1317150139 4
26022 45.5299828667 -122.6842589333 48
26023 42.36320165 -71.1008886 4
26024 49.022553884 -122.3807430267 10
26025 42.36487165 -71.1025795333 3
26026 42.36487165 -71.1025795333 14
26027 42.36500255 -71.1027363167 11
26028 40.8439437714 -74.159860611 1
26029 34.0516794833 -118.4329585 11
26030 37.18254715 -93.2962538333 19
26031 37.3930017619 -122.0794693707 21
26032 36.55666045 -121.92084535 7
26033 21.2615013 -157.82081655 4
26034 47.5651342447 -122.0045489852 1
26035 47.5308728 -122.0354152 1
26036 30.3475369304 -97.7357694443 33
26037 49.2828470327 -122.8259146214 6
26039 39.9450348697 -75.176171894 5
26040 42.4035721833 -71.1278685833 4
26041 43.763490175 -79.3176583848 144
26042 34.0591324333 -118.42040725 53
26043 34.0591675667 -118.4195025833 8
26044 36.1820848 -80.2768468833 3
26045 47.6097564781 -122.3414994481 25
26046 40.21675255 -74.9268897833 3
26047 38.5678133333 -121.43663955 11
26048 40.2171558 -74.9291212167 2
26049 37.3929937333 -122.07962415 33
26050 34.057836 -118.4187197167 106
26051 29.7497899 -95.377321 24
26052 29.6028131805 -98.6225134134 22
26053 29.756978 -95.4565750333 28
26054 42.34603007 -71.0752267916 16
26055 32.8118247217 -96.7743399739 26
26056 42.3480400616 -71.0732874513 5
26058 32.9541872333 -97.09611485 7
26060 36.9469765462 -86.4324259758 1
26061 27.7864877869 -82.6385884253 10
26062 -27.4659426167 153.2410955333 10
26063 49.2898312323 -123.1214725971 6
26064 37.7613213167 -122.43070955 45
26065 30.2767101651 -97.7344286442 24
26066 21.2969666421 -157.8553175926 16
26067 30.2778188833 -97.7361501 135
26068 37.7784091 -122.4119202 53
26069 32.31277875 -110.9155672167 15
26070 49.2789276096 -122.9164981842 4
26071 49.27883815 -122.9159814667 2
26072 49.2791433167 -122.9167739333 1
26073 40.0037744167 -75.0662794 1
26074 49.27918 -122.918991 1
26075 49.2791220833 -122.9183509833 3
26076 49.2793032 -122.9187698667 3
26077 29.96113425 -90.0635548167 57
26079 32.7978143833 -96.8010387 13
26080 49.27926215 -122.9210094333 1
26081 49.2792609667 -122.9203418333 9
26082 49.2793044167 -122.9203498167 1
26083 49.2793971833 -122.9203433833 1
26085 49.2783456833 -122.9125990167 3
26086 37.79054421 -122.40400296 161
26088 49.27827735 -122.9122920167 6
26089 1.2581915167 103.81135175 1
26090 37.7905762167 -122.4341375333 16
26092 32.18294775 34.86648738 1
26093 30.3585641667 -97.7373066833 48
26094 29.958853 -90.0655042667 9
26095 33.7284063667 -118.2878298833 1
26096 49.2418082333 -122.970977 2
26097 30.3585638439 -97.7350723743 122
26098 -27.4975744167 153.2395333833 30
26099 49.2483524218 -123.0106544495 25
26101 1.2569789833 103.8092705833 1
26103 -27.5846912833 153.2794766333 7
26104 1.253462572 103.8187140226 6
26105 -27.5859725333 153.2795333833 7
26106 32.844584573 -96.8498468399 980
26109 51.4315389774 -0.1554867056 1
26110 51.4915188 -0.6041541833 2
26111 52.9239485333 -1.4778332167 14
26114 38.1599704333 -92.6886437167 2
26115 51.4842320833 -0.6120516833 6
26116 33.4461864667 -86.7918698167 19
26117 52.2815509333 -1.59117545 2
26118 32.9679950667 -96.3322000833 2
26119 52.28207275 -1.591019 2
26120 40.3315846 -74.7254255 3
26121 41.5715943697 -93.7302170985 5
26122 52.2843860143 -1.5922717076 7
26123 35.48217135 -97.5231773167 37
26124 37.7359913667 -84.32557155 2
26125 28.4150597309 -81.5744948387 87
26126 51.4637833333 -0.5690518 1
26127 38.1718153167 -92.6504389167 2
26128 30.3867842589 -97.7454729555 56
26131 41.5743333667 -71.73573785 5
26132 49.2492418693 -123.1157326698 23
26133 28.4163147465 -81.5737009048 28
26134 28.4091619018 -81.5727782249 53
26135 35.9053763293 -78.9438056946 11
26136 37.6887957452 -122.4671316147 4
26137 49.8142248762 6.4169220672 2
26138 49.2098276522 -123.1173165024 11
26139 28.3859637346 -81.5370941162 38
26140 42.1211416667 -83.27657585 4
26141 49.1929720529 -123.1579184532 2
26142 39.7837733223 -104.8992204666 5
26143 49.1942340958 -123.1785070896 34
26144 35.8959301667 -86.99627645 11
26145 39.0412603667 -94.4163857333 5
26146 37.9376554667 -107.8124775 2
26147 41.9561129932 -87.809336181 2
26148 33.5271585314 -82.0727130433 1
26149 38.6865419833 -93.2515202667 2
26150 40.03829075 -76.3079874833 11
26151 37.3773555 -122.0300114667 73
26152 30.3132359833 -97.8514146167 4
26153 39.9888000488 -75.0084533691 1
26155 32.85252685 -96.8304724333 4
26157 41.9567393229 -87.8073728437 2
26159 33.4228961248 -84.185962743 7
26160 35.5125266598 -97.6314532757 29
26161 33.3580001667 -111.7881842833 2
26162 43.6782701159 -79.4095551968 15
26164 32.9778699333 -96.7675451833 32
26165 39.11264282 -94.87590092 32
26166 35.7701264 -78.7610435667 7
26167 35.1410431984 -90.054813013 22
26169 43.6528914915 -79.3838918209 19
26171 33.4427715167 -94.0954157167 2
26172 33.44734965 -86.7307443333 5
