800 194 606 8 23.98125 145 454
27089 39.9537964504 -75.1748731673 2
27090 50.6195732587 3.048555851 46
27091 51.48575615 -0.1184205833 10
27092 51.5255668435 -0.0876438618 146
27093 38.9088259336 -77.0422375202 5
27094 31.3358009 -94.7268384833 2
27095 29.7434292897 -95.4597222805 9
27096 51.5252264116 -0.0880515575 26
27097 25.8051539667 -80.1892253 17
27098 31.3380687167 -94.7258156333 3
27099 50.6262772 3.0521371667 3
27100 31.3390722 -94.7289707833 5
27103 29.5824911667 -95.0977374667 15
27104 51.5245111833 -0.0874796333 9
27105 31.3369396333 -94.7305276 2
27106 34.8529565989 -82.3976111412 12
27107 39.8329637333 -75.00350495 16
27108 41.893693044 -87.6356467863 11
27109 29.7498703724 -95.486075482 1
27110 35.1348146833 -89.9992471667 2
27111 31.3181544963 -94.7438621521 109
27112 40.6803510833 -74.1659940667 4
27113 35.649258424 -97.4210393429 252
27114 30.3947921 -91.1094701 1
27115 51.5220889783 -0.0812065601 1
27116 35.9820017667 -78.5126789833 10
27117 51.5109906578 -0.3054257452 4
27118 32.8127926333 -96.80428995 38
27119 37.7057939667 -122.4692198833 101
27121 29.7777878117 -95.4854285717 2
27122 40.7608701798 -73.9800453186 18
27123 40.74832665 -89.6352553167 4
27125 53.4835831961 -2.242128253 18
27126 40.761735148 -73.9805178342 6
27127 38.8844788833 -94.6731417667 27
27128 40.7497272833 -89.63517935 5
27130 47.25354505 -122.4520004 4
27131 33.08716935 -116.9489842 15
27132 39.7475859255 -104.9998408556 10
27133 53.4819312452 -2.2388425469 13
27134 47.25189085 -122.4525036833 16
27135 53.4811127 -2.2372055833 98
27136 29.7851747022 -95.5285410563 5
27137 40.5888431729 -111.9406745071 12
27138 37.5561965317 -122.3012208939 24
27139 38.8868284 -94.6455727 1
27140 29.7855166225 -95.5305862427 23
27142 53.4783325667 -2.2398743833 7
27143 29.785609737 -95.5374634266 8
27144 51.5400793167 -0.0964992 5
27145 51.5400073333 -0.0967529667 4
27146 53.4766940558 -2.2360503674 7
27147 33.62324955 -111.92527755 125
27148 34.0027239667 -118.4840958667 32
27149 53.4802711167 -2.2325059667 15
27150 37.78566185 -122.4285801167 48
27151 29.6503934667 -95.1521631667 19
27152 30.3918383833 -97.9395537833 47
27153 53.4772048738 -2.2303748131 532
27154 41.8884726833 -87.6331404667 10
27155 39.0088952333 -104.8084037167 5
27156 47.5987891752 -122.3284036035 12
27157 51.8730402333 0.1850475667 4
27158 42.5203595054 -70.8944776654 7
27159 53.4824585667 -2.2336836167 2
27160 31.3340279333 -94.7429503 22
27161 33.4466787833 -88.8420373667 39
27162 53.4839016667 -2.23638785 32
27163 53.5625896667 -0.0888508667 10
27164 51.5379028324 -0.9047164917 6
27165 35.4932854 -97.52159485 39
27166 42.4849206807 -71.192393795 6
27167 53.4854250056 -2.2387459874 18
27169 53.4856771709 -2.2420907021 16
27170 33.1588065309 -117.35031798 18
27171 29.7831369665 -95.509947801 2
27172 43.1166853833 -77.65592845 3
27173 37.761385 -122.47370405 13
27174 52.3754774522 4.9009419148 16
27175 53.4874289333 -2.2422995667 64
27176 53.4867400789 -2.238265872 9
27177 30.2827961167 -97.81027595 1
27178 53.4906632167 -2.2400454667 58
27179 35.2113351333 -97.44496425 42
27180 40.7329235502 -73.9940141792 14
27181 34.0024395833 -118.4837247167 5
27182 32.9337777513 -97.094039947 27
27183 34.0012649132 -118.4696531296 136
27185 41.8929545072 -87.6198036969 4
27186 47.6622839404 -122.3746222258 41
27187 39.9595797047 -105.1742863655 35
27188 30.2912648667 -97.7994116833 1
27189 47.2554431167 -122.46218225 2
27190 30.29133495 -97.79934595 2
27191 33.8627103167 -118.3094569 8
27192 42.5213883752 -70.8960169195 33
27193 52.3507361333 4.8540873 3
27194 37.9370582 -107.8103898667 3
27196 37.9370282 -107.8100506667 1
27197 37.7892838208 -122.3982848423 7
27198 38.30759005 -85.5773458 21
27199 43.26869846 -2.9338216782 22
27200 33.4661455833 -117.7044016833 12
27201 49.2545712146 -123.2452297211 2
27202 37.7647247326 -122.4026565631 124
27203 38.3073808167 -85.5774959167 27
27205 35.8407077803 -78.6801981926 173
27206 35.7163709 -78.6345033667 1
27207 30.2371632 -93.2291035 7
27210 40.6021340667 -74.3951260667 1
27211 33.66626835 -117.9892329333 2
27213 43.0870666504 -77.586844804 9
27214 37.7908678667 -122.39998895 8
27215 49.18219055 -123.9525217167 2
27217 42.5223917131 -87.9494833946 6
27218 43.7456886 -79.2953044833 7
27219 42.5231172031 -87.9459241033 7
27220 36.16167275 -86.78106215 31
27221 37.78832265 -122.3998713833 12
27222 43.7456160667 -79.2949186833 9
27223 33.9984986862 -81.0442328453 41
27224 47.2455794168 -122.4488606268 63
27225 29.4230582814 -98.4897708893 42
27228 42.5346784401 -87.9155158997 1
27229 41.893516553 -87.6338088512 49
27230 21.2802188333 -157.8140170333 16
27231 33.5996165245 -117.9005849361 41
27232 43.7733380037 -79.2837599866 2
27234 42.6127461895 -87.8677725792 3
27235 36.0919648559 -115.1748490334 359
27236 33.99834715 -84.0510966667 10
27237 35.6859526785 -78.6176279017 9
27240 40.7208220861 -74.0051781797 10
27242 33.6712291944 -117.6528668404 40
27243 35.8799307302 -78.8467228547 11
27244 33.6008854719 -117.8995549679 10
27245 49.050167835 -122.3207259178 3
27246 43.7670158095 -79.3869859527 11
27247 35.6495286894 -97.421425581 126
27248 40.7203280306 -73.9976080522 2
27249 35.93671665 -79.0245972333 16
27251 33.8260474 -117.8365646833 3
27252 33.6070565795 -117.8899526596 5
27253 34.06898945 -81.16392205 10
27254 35.4114207833 -99.42888695 4
27255 39.10683765 -94.8352568 18
27256 30.2649771146 -97.7461391687 47
27257 33.39108665 -111.7627194333 3
27258 39.1251348 -94.8232327833 4
27259 29.4221992333 -98.4882052 8
27260 30.2563447833 -81.5285221833 12
27261 28.6571344853 -81.4195359384 8
27262 33.60319045 -117.8999698667 15
27263 41.8912323997 -87.6199364662 24
27264 30.3897523265 -97.7337761081 78
27266 40.8173047333 -96.6541430833 5
27267 49.2490807894 -123.1271374226 1
27268 29.4246749518 -98.4865576029 8
27269 41.1739091775 -85.165712825 3
27270 35.5226813833 -97.5247545667 14
27271 33.4013390667 -86.80778035 5
27272 39.9452886255 -75.150756485 16
27274 38.9962562 -77.0278069 25
27275 33.7451598191 -84.1309243441 1
27276 30.2866141167 -81.57689595 9
27277 42.2805749331 -83.7492606294 10
27278 40.7560916486 -73.9902591705 171
27279 35.41266385 -99.4356984667 2
27280 38.9038744125 -77.0590551569 35
27281 30.295243905 -97.7842721343 191
27282 29.7837370644 -95.5066187929 9
27283 29.42455675 -98.48700425 17
27284 38.0235818333 23.84411795 7
27285 31.3361221 -94.7443167333 51
27286 37.7670254969 -122.4107837677 45
27287 40.7611210898 -73.9850816848 19
27289 33.6016524333 -111.9890663333 7
27290 39.2498399333 -106.2924188 3
27291 41.8872693167 -87.6245326667 4
27294 44.9810898959 -93.2741242647 37
27295 38.9621077853 -104.7946786123 1
27296 40.7419287333 -74.00057025 11
27297 41.8897609667 -87.6269667167 8
27298 43.650987068 -79.3968503952 33
27299 49.2625186436 -123.100733757 5
27300 40.0309333947 -105.259462595 23
27301 37.3973701 -122.0869469667 46
27303 32.8764175 -96.8979017 20
27304 36.9492669167 -86.432387 1
27305 30.2689639609 -97.7405011654 352
27306 37.7809825989 -122.3953166709 35
27307 40.7443804167 -111.8303207333 3
27308 33.1314852295 -96.7459146461 4
27309 30.2386589424 -97.7551782131 183
27310 41.8733622167 -87.6237148833 10
27311 32.9638106745 -97.0340287685 157
27312 36.9488800395 -86.4356124401 3
27313 37.8446255167 -122.25121965 112
27315 30.2995753 -97.7401742 75
27316 43.6477754 -79.4018418 5
27317 37.8286649667 -122.2670889833 154
27318 37.80458895 -122.2945486667 149
27319 34.2805013 -119.3012872667 6
27322 38.96756065 -104.7818152333 5
27323 37.3985465991 -122.1082897829 42
27324 41.1533354464 -81.3587459922 4
27325 33.4121326167 -86.8317208667 1
27326 33.4918614833 -117.69890675 5
27327 49.260901253 -123.1139409542 5
27328 49.2606369667 -123.11395715 1
27330 25.7931408333 -80.1298140333 11
27331 49.2609478 -123.1156688167 10
27332 38.2321471234 -85.7096403429 28
27333 49.2609694167 -123.1155392 2
27335 49.26076085 -123.1167422667 5
27336 33.1917252333 -97.1003042333 42
27337 39.9457832333 -75.1500543 4
27339 38.9028227942 -77.0628741882 14
27343 40.7368340523 -73.9971184 13
27344 41.9183327052 -87.6776512325 2
27346 32.8002308 -96.8006863333 32
27347 34.27822425 -119.2979966 3
27348 37.5324868295 -77.4201468876 13
27349 40.7479703569 -73.9769856375 8
27350 34.2747022833 -119.2985803167 2
27351 41.86651745 -87.6257122667 3
27352 47.7599412515 -122.2050889457 9
27353 39.1199892687 -77.1650183201 86
27356 41.9128790284 -87.6867339292 1
27357 40.714866637 -73.9443817036 6
27358 30.5431030706 -97.5455507659 7
27360 33.7367211833 -118.0163215 3
27361 40.6252681223 -111.8582332134 4
27362 34.0727452167 -118.4685173 11
27363 35.4744696167 -97.5721446167 11
27364 30.40875895 -91.0324603833 2
27365 37.7873267661 -122.4075973034 133
27366 37.4457498333 -122.0630712833 3
27367 25.7877002667 -80.1320948333 19
27368 30.39855705 -97.84411345 3
27369 37.7604352902 -122.4194204807 66
27372 40.7375488062 -74.0017242549 23
27373 38.9029065257 -77.0695960522 40
27374 32.8513169418 -96.8418925673 12
27375 37.7809527715 -122.4638282881 22
27376 39.0403775167 -94.5931757167 46
27377 39.0404789 -94.5981227167 16
27378 34.0578457963 -118.4186408665 9
27379 40.8043081668 -73.9441037178 9
27380 36.0541186 -78.46650545 2
27381 45.5100141833 -122.6558697167 14
27382 35.1293795703 -90.008600084 1
27383 32.9761717667 -96.7207939 18
27384 47.6559719667 -122.2057584 3
27385 37.3943017 -122.0787845333 67
27386 37.3688691 -79.1737985333 5
27387 37.4014226833 -122.0641576167 4
27388 33.4704707017 -111.9461131096 3
27389 47.6683857333 -122.38223175 10
27390 35.2404843488 -97.4831700325 4
27392 34.0568048833 -117.7503115667 25
27393 34.1689064833 -118.1124817 8
27394 41.9250657667 -87.7008534333 7
27395 32.8613598667 -96.95738975 8
27396 32.8600652 -96.9578794833 13
27397 37.4834913667 -122.2300108167 11
27398 37.7648395492 -122.4234918825 29
27399 34.0593575167 -118.3898901333 6
27400 1.3058798833 103.8504587333 4
27401 49.2858353835 -123.0427443981 20
27402 -37.8181919842 144.9577438831 1
27403 49.3272307833 -123.13779925 20
27405 51.473301067 -0.0215598316 2
27408 49.3266154667 -123.15202925 2
27409 49.33333175 -123.1825415 3
27410 49.2372220833 -123.0324829333 2
27411 33.7743494917 -84.395813942 21
27412 34.0698223474 -118.3589776898 7
27414 33.3056506167 -111.97902635 3
27415 34.0956648833 -118.3341246333 6
27417 49.3744400167 -123.2718549167 57
27418 37.3205983167 -122.0319926 26
27419 37.3225833167 -122.0320612167 53
27420 50.6175719325 3.0622673035 8
27421 49.3530638667 -123.17849715 5
27422 50.6392214833 3.0752515333 18
27423 50.6380094333 3.0723325167 11
27424 37.32273765 -122.0222021167 15
27425 49.3948294333 -123.2011014833 2
27426 50.6357356106 3.0670014024 16
27427 51.87078645 0.1571134333 4
27428 37.3226600667 -122.01903855 25
27429 37.3225954167 -122.0180224333 13
27430 37.3218079833 -122.0180582 13
27431 37.3227525667 -122.0158154667 19
27432 49.32910045 -123.1653676833 3
27433 49.3283694167 -123.1573831333 2
27434 49.3275381333 -123.1522331 1
27435 50.6350432225 3.0575680733 5
27436 59.9282115167 10.7176502833 18
27437 37.32665275 -122.0140639 37
27438 59.9282190833 10.7183723333 17
27439 37.3258474 -122.01442175 141
27441 50.6368753167 3.0631660833 42
27442 41.9178714 -87.6873088333 6
27443 37.3237422667 -122.0179396833 4
27444 41.9176940667 -87.6872376833 12
27445 59.920883 10.7279983333 5
27447 59.9202315167 10.7282968333 62
27455 35.6446806167 139.5370230833 2
27456 53.5654258167 -0.0858888667 3
27457 35.6518128311 139.5446705818 8
27461 49.5022767161 5.9794807434 1
27462 59.9204996695 10.7282856565 44
27463 35.6684166647 139.6504729986 160
27464 53.4738461326 -2.2422301769 111
27466 35.6903456913 139.7002601624 402
27469 35.7299660517 139.7111284733 228
27471 51.5805165336 0.0216186047 5
27472 35.7276567 139.7131391 2
27473 38.7736253842 -9.1341018677 229
27474 48.1524083667 11.5181505167 105
27476 51.5262143246 -0.0880300999 14
27477 52.0671479003 4.3244290352 33
27478 35.7269593167 139.7121280667 9
27479 51.4969932821 -0.1402898477 13
27480 38.9839011833 -94.80992385 3
27483 38.9618370667 -94.8445757333 4
27484 50.82810032 -0.1350331306 33
27485 53.21232015 6.5729075 75
27486 38.94162865 -94.8933348 3
27487 39.9377862167 -75.0759066167 1
27488 50.8296860784 -0.1413202286 569
27489 36.505245 -4.9251558167 2
27490 50.8237104023 -0.1436296105 40
27491 50.8248001165 -0.1457946236 15
27492 39.0400539167 -94.8236792333 8
27493 51.4923937797 -0.1201274164 10
27494 50.8224701038 -0.1380962133 33
27495 39.94311115 -75.1161943833 28
27497 50.8231902265 -0.1378467679 9
27498 40.730991 -74.2755345667 14
27499 50.8235358815 -0.1383268833 99
27500 39.0160559167 -94.7618755333 4
27501 25.7345167667 -80.2376505833 1
27502 39.02154945 -94.6942535167 10
27503 30.3858539667 -84.23264395 1
27504 39.0287023167 -94.6879649162 57
27505 33.9775379667 -84.48059255 12
27506 51.1350831721 0.3527855873 1
27507 41.8974297727 -87.6257514954 16
27508 51.5156744667 -0.2049659167 7
27509 47.4480564 -122.3027478 21
27510 41.8996837667 -87.6230037667 4
27511 39.06737495 -94.7129575667 2
27512 53.47269135 -2.22641485 1
27513 32.9630545333 -96.7140343667 7
27514 42.3553567812 -87.9111814499 1
27515 35.2211691873 -97.4762284756 1
27517 33.6620396167 -95.5563104667 1
27518 38.4248638 -96.1852955333 2
27519 39.0246739667 -94.6946081667 6
27520 51.4967301931 -0.1388201478 7
27521 39.0248030333 -94.6956472167 5
27522 38.4230347833 -96.2162731333 3
27523 39.0248165333 -94.6961478667 5
27524 39.0220765 -94.6660709333 4
27525 39.02177715 -94.6538156333 6
27527 50.8249218643 -0.1384985447 21
27529 50.8257933 -0.1390250333 2
27530 38.8796753833 -77.1789561 3
27531 41.6529425 -83.6428168833 17
27532 43.7111314 -79.2790683333 71
27533 51.869796632 0.1592857584 8
27534 51.87084198 0.1618347168 4
27535 31.2969610333 -94.7248989 12
27536 40.0231053167 -75.03938275 1
27537 40.15463565 -74.89632435 2
27538 35.3283757 -96.9224732167 1
27539 33.007024 -96.9745549667 5
27540 31.2994101667 -94.7306591667 27
27542 37.6927843167 -97.3426255667 1
27543 33.0578547709 -96.7717194557 28
27544 35.9767150167 -78.54072425 10
27545 43.6443596916 -79.3835377693 14
27547 32.8407961167 -97.1856468 20
27548 29.9641016 -95.5436247 20
27549 35.5659758167 -97.54968525 19
27550 35.1357998 -90.0572936 12
27551 33.4130833794 -112.0134412049 49
27552 34.0309856038 -118.2795903723 3
27554 35.3499795333 -97.5669286333 25
27555 33.5142017137 -86.8053564215 21
27556 36.9873426994 -86.4537549019 1
27557 28.6014830821 -81.3626083732 12
27559 49.2826886167 -123.11545485 1
27560 31.2995736667 -94.7282081167 35
27561 31.3001061833 -94.7279893667 7
27562 31.3014736667 -94.7308098667 21
27563 40.7258440333 -111.8306171894 24
27566 51.375792081 0.3608322144 3
27567 29.73559665 -95.4189850167 7
27568 51.6718375667 -1.2795295833 5
27569 54.89989265 -1.390517 5
27571 33.5423604367 -117.7844452858 12
27572 51.6701911 -1.2822833167 1
27573 25.7880802667 -80.1317964333 5
27574 29.7335188833 -95.4112725667 14
27575 33.517584037 -86.8016588853 20
27576 30.3533229138 -97.7977237241 28
27577 30.1530809667 -95.2151436167 1
27578 34.8521945276 -82.3970841889 13
27579 33.5710285333 -112.1900604333 26
27580 54.9028581 -1.38557945 5
27581 33.1409152 -117.1919231 8
27582 40.7199536667 -74.0043432 5
27583 38.8983376915 -77.07219445 2
27584 37.6857770032 -97.3416295085 1
27585 37.7731498 -122.44034505 50
27586 37.7829702333 -122.4192669833 62
27587 30.077043 -95.6249071 1
27588 30.2361064036 -81.5144395545 4
27589 43.6443519278 -79.3868207932 40
27591 51.1086921468 0.4299929738 4
27592 38.9856895667 -94.6714779667 11
27593 34.0002131034 -81.036795843 19
27594 49.2799267667 -123.1162469 4
27595 47.3685853 8.54454385 7
27596 39.9537833 -75.1750981 2
27597 53.3613856833 6.33765935 1
27599 33.9694701093 -81.0055178404 13
27600 34.0197456228 -118.2892692089 2
27601 39.953895159 -75.1761060844 24
27602 47.6681258712 -117.1914789546 9
27603 37.5797101072 -122.3452627659 39
27604 34.0302470629 -118.4732580185 32
27605 29.5266599881 -98.4720897675 7
27606 50.6358597971 3.062953949 22
27607 30.4256274333 -97.7169259833 36
27608 51.0480650632 -114.0665602684 14
27609 35.53129445 -97.575921 65
27610 34.0126312926 -84.4953989983 53
27611 33.4440627167 -88.84690765 19
27612 51.5064200882 -0.0886641863 11
27613 34.1001254029 -118.2590418869 13
27614 43.087031215 -77.6284346327 16
27615 39.0677818833 -77.4766283667 7
27616 37.6862321 -97.32787765 9
27617 35.45094655 -97.5542601833 20
27618 34.0044169835 -81.035876386 2
27619 35.5463259167 -97.5654922333 13
27620 36.3468815 -94.2099541833 3
27621 43.6531943764 -79.3793807637 15
27622 30.3595636695 -97.7346646786 108
27623 51.7600444017 -1.2663352489 2
27624 35.5388353272 -97.5301516056 105
27625 31.3338529667 -94.7444051333 14
27626 38.6292361 -90.1931572833 25
27627 37.787639814 -122.4139433518 26
27628 34.1596346167 -118.2836465667 45
27629 35.5460686667 -97.5659873 4
27630 30.4307386667 -97.7648552667 85
27631 37.5856811 -77.4231639 9
27632 30.4338345975 -97.7663737535 18
27633 54.8415483 -1.4666044833 2
27634 35.5456824 -97.5660305333 12
27635 33.3824629 -111.729481 1
27636 33.0632515 -97.0349405167 3
27637 33.0631391333 -97.03464975 1
27638 30.3784472234 -91.0962961366 19
27639 33.0631391333 -97.03464975 2
27641 33.06311505 -97.03450735 3
27642 28.4600953827 -81.4369683268 12
27643 33.0631034333 -97.0344884333 4
27644 32.7354506614 -97.1015480582 55
27645 35.5454744667 -97.5659926 21
27646 33.0604945167 -97.0307660667 3
27647 37.7863194833 -122.3981533 12
27648 29.5265292918 -98.4720253944 13
27650 32.2313961167 -110.9505539 3
27652 38.6497917833 -90.299986 6
27655 53.4821977962 -2.2456473112 32
27658 37.7861015552 -122.407886982 91
27659 34.0034911667 -118.4844744833 10
27660 38.9075673702 -77.042465508 13
27661 34.0034551 -118.4848532333 12
27662 29.8888349904 -95.5820057225 17
27663 33.67494745 -117.6635864833 3
27664 53.4815848859 -2.2458457947 7
27665 35.4797182502 -97.5208926201 51
27666 32.91279475 -96.9579878167 6
27667 32.9129797167 -96.9583578833 4
27668 34.8454317794 -82.4021571041 66
27669 53.4803079612 -2.2486460209 10
27670 32.91291345 -96.9557401667 4
27671 41.70433445 -83.7033177167 1
27672 29.5209335661 -98.4670640612 8
27673 32.9129062667 -96.9559483833 1
27674 32.9129206667 -96.95601015 2
27675 32.9129102667 -96.9561701167 1
27676 32.9125063833 -96.956855 5
27677 34.017211211 -118.4016859531 117
27678 38.9341368895 -95.2608211783 6
27679 53.4796447833 -2.2515048833 20
27680 30.3774134833 -97.6865901167 87
27682 42.5208367334 -70.8955243631 18
27683 47.6584809667 -122.31351425 14
27684 53.4809719668 -2.2525620461 5
27685 32.9156387354 -96.9831097126 35
27687 53.4817828058 -2.2530716658 9
27688 33.4546462319 -88.8061273098 99
27689 53.4830724548 -2.2548365593 16
27690 32.9106183518 -96.9577072725 12
27691 41.936784 -87.644259 41
27692 53.4824356157 -2.2509017587 5
27693 51.5138566785 -0.1253145258 11
27694 53.5640947704 -0.0874614716 1
27695 30.4288044757 -97.7504789829 35
27697 59.918277987 10.7107231341 6
27698 53.4837811066 -2.2479057312 15
27699 21.2794529 -157.8140090167 12
27700 47.3719146833 8.5435584833 4
27701 39.7508854733 -105.0000607967 43
27702 53.4836661909 -2.2457277775 2
27703 38.7701458 -77.0828727833 4
27704 42.3733584333 -71.12066675 17
27706 53.4848344861 -2.2460013628 3
27707 38.9136929667 -94.6405516833 38
27708 51.1085384 0.4401705667 2
27709 53.4844083833 -2.2432299167 12
27710 28.5681393833 -81.1685883833 1
27711 42.3734983071 -71.1190080643 130
27712 35.5254322007 -97.5771509667 53
27713 37.6899402 -97.3288331167 18
27714 41.9667020333 -87.8380154333 4
27715 47.6682096 -117.4195155 2
27716 37.4473675833 -122.15801225 2
27717 33.9528867667 -84.5503222 11
27718 34.0212314167 -118.2884004167 11
27719 40.7592814376 -73.9806354046 44
27720 37.43854025 -122.1606713833 28
27722 32.3818770333 -88.7480290833 12
27723 32.9622623775 -97.0361208916 63
27724 37.7906629407 -122.4000910908 31
27726 30.0863274167 -95.2594060667 2
27727 32.7354870066 -117.150349617 214
27728 32.61464105 -97.1291558667 2
27729 51.4935819 -0.23696755 1
27730 37.9673004963 -96.7245930433 8
27731 53.4785329833 -2.2509447667 9
27732 32.6120327333 -97.1334513333 2
27733 53.4785949167 -2.2505022667 6
27734 32.9417084 -96.9498007 2
27735 49.1895363286 -122.8478765488 6
27736 49.1989113143 -122.8509716132 2
27738 40.51320615 -74.4766534667 4
27739 32.6576479667 -97.13397955 1
27740 37.4783979167 -122.1871806 3
27741 53.9624779667 -1.0849978833 8
27742 33.0133447667 -97.06816585 5
27743 33.0132295167 -97.0686825 17
27744 33.0132808167 -97.0687543833 2
27745 53.4841620454 -2.236117082 67
27746 38.7925612167 -121.2910377833 3
27747 33.5094026 -112.0277288 35
27748 37.7914389171 -122.4037617445 15
27749 33.0123404667 -97.07220645 6
27751 41.9000013167 -87.62002855 1
27752 37.7740331167 -122.4085883167 43
27753 35.5335200979 -97.5656120478 76
27754 33.9853566484 -118.4394672792 7
27755 33.1320044167 -96.6596459833 5
27756 33.510652692 -82.0329312137 1
27757 30.1030801333 -95.2391991333 2
27758 53.5534153667 9.9944020167 11
27760 33.06356454 -97.0802593231 12
27761 37.8101132 -122.2630963333 7
27762 42.5200350833 -70.9032161167 48
27763 33.0637558167 -97.0817937333 1
27764 33.99934495 -118.41831845 12
27765 35.1442956239 -90.0540228853 13
27766 33.0637639167 -97.0826709667 1
27767 33.0653032667 -97.0834125833 6
27768 49.286654174 -123.1229156256 3
27769 37.7945312 -122.4058093 12
27770 33.0674128054 -97.0832848549 39
27771 49.2675427833 -123.2519661167 10
27772 39.0328100166 -94.5761406186 14
27773 43.1559766167 -79.24976505 3
27774 45.5290499815 -122.6818478107 40
27775 40.55482845 -74.43302615 1
27777 37.414811578 -122.0982493753 7
27778 32.9156434 -96.9755734 3
27781 32.9074668333 -96.9610299667 10
27782 32.9075013 -96.9609329333 3
27783 32.9075013 -96.9609329333 2
27784 37.7904417667 -122.40368365 62
27785 32.9075284667 -96.9608524833 2
27786 32.9075142667 -96.9608463 7
27787 32.9074995833 -96.9606995667 10
27788 32.9075092333 -96.9605420167 10
27789 32.9075548333 -96.9601693667 10
27790 32.9144213667 -96.9614722333 5
27791 32.9143970667 -96.96122925 3
27792 47.7121782167 -122.1858905333 3
27794 33.1374771564 -117.1776793489 4
27795 32.91167385 -96.9593267667 3
27796 32.9116504167 -96.9594312833 2
27797 32.9116009333 -96.9593951 1
27798 32.9117303 -96.95939045 4
27800 39.7450692833 -104.9881014667 5
27803 33.8597340057 -118.1492686272 2
27804 38.8128947167 -94.8899284833 1
27806 -43.4884862446 172.5395965576 21
27808 38.74531325 -104.8440827333 1
27809 39.3084258621 -76.6213356296 15
27810 43.6812526232 -79.427736772 3
27811 33.9940528667 -81.2243076667 4
27812 35.4200699667 -97.44153245 9
27813 29.4674820167 -98.5673884 1
27814 37.7933011713 -122.3935660167 10
27815 33.8111038208 -117.9208679199 76
27816 35.921238724 -78.520617485 80
27819 50.1149554 -122.9561934667 18
27820 41.6003914074 -93.650547736 8
27821 35.5651043 -97.5497766 6
27822 33.49758685 -117.670526 7
27823 35.3481632167 -96.93001115 2
27824 40.73160848 -73.9856028557 48
27826 37.4688055833 -122.4326740667 25
27827 35.5652094833 -97.5488347833 17
27828 41.7910802333 -87.5937581 12
27829 33.0064136 -97.0197662333 5
27830 35.5659966667 -97.5521127333 3
27831 47.5765673167 -122.3207082333 13
27832 35.5659033333 -97.55848385 2
27833 47.5764993 -122.32055645 6
27834 30.4001014 -97.7452517 31
27835 35.56609195 -97.5589895833 2
27836 40.7425115937 -74.0060305595 171
27837 32.5954940167 -96.8204303 1
27838 41.7878888 -87.59705 11
27839 26.1221800845 -80.1370131969 20
27840 31.3105788667 -94.7242801 30
27841 43.6817604114 -79.4281072329 3
27842 32.7150969 -97.0348280667 1
27843 32.5421787667 -92.6295925333 16
27844 31.3104079167 -94.7230887333 4
27845 31.3102004167 -94.7232940167 4
27846 31.3103845833 -94.7227569833 14
27847 41.8097697667 -87.5967211 2
27848 31.3097792333 -94.7235643833 14
27850 41.8836965634 -87.6336474624 9
27851 31.314033 -94.7111012333 11
27852 51.0864643 -114.1312030333 6
27853 52.360217 4.8938626333 1
27854 51.1032928907 -114.1605019569 9
27856 43.2316072433 -77.5449400941 2
27857 42.4024598738 -71.1279349253 3
27858 49.2864515833 -123.1208215 16
27859 34.6462719712 -86.7749547958 32
27860 51.1225764194 -114.2067968845 4
27861 30.1608147413 -97.790197134 23
27862 38.9673403667 -95.2369669167 49
27863 37.4686223167 -122.4310599333 5
27865 41.8505666167 -87.6095612833 1
27866 35.5225887167 -97.618687 16
27867 40.760423223 -74.0033483505 15
27868 34.7575055667 -92.3247160833 6
27869 32.9180769333 -96.9626916333 18
27870 42.2934296112 -71.7716468594 11
27871 35.6127554856 -97.5583791733 228
27873 29.55760365 -95.1235315333 5
27874 47.1914576541 -122.4072667909 5
27875 25.7372555736 -80.2452176631 22
27876 42.5201981 -70.8945471 17
27877 37.4118173337 -122.1250048291 9
27878 49.2485205076 -123.0563592911 20
27879 32.94182635 -97.1003043333 8
27880 32.9418730333 -97.10039525 1
27881 35.5502711879 -97.6153707504 156
27882 38.9697264248 -95.2359482643 5
27884 37.7784672 -122.3932231667 102
27885 40.7614309033 -74.0099143982 11
27886 32.9426053667 -97.1292020167 11
27887 49.16798755 -123.1362532667 11
27889 40.7592372667 -74.0227043333 2
27890 40.0149943538 -105.2596959472 58
27891 32.85676805 -97.36225395 2
27892 37.4425226487 -122.1624860385 26
27893 32.813555 -117.1537559333 2
27894 35.5394737 -97.5960749 46
27895 35.34979665 -97.5645643 6
27896 37.4701339 -122.4347229833 7
27897 40.7426605225 -73.9966049194 6
27898 41.8483627381 -87.9513770074 9
27899 32.7918463167 -96.7952846667 22
27900 35.6107545667 -97.5413224 3
27901 52.3778311962 4.8944842046 12
27902 33.9776102333 -118.3918325833 36
27903 41.8850671303 -87.6279014615 14
27904 -37.0054143777 174.7831463814 84
27905 32.9411043821 -97.0973362655 2
27906 37.3207466959 -121.9935849309 9
27909 33.5800996 -86.924626 4
27910 41.9777074833 -87.9063213167 32
27911 33.9942522002 -84.3511843213 12
27912 35.4796221463 -97.5218474865 52
27914 32.7553081 -97.35325565 72
27915 29.5832160333 -95.5275133333 1
27916 37.7677503825 -122.3939002925 261
27917 40.7364619357 -73.9909029007 46
27918 32.7539704333 -97.3391322833 9
27919 30.4445659 -97.743383 105
27920 32.7542756833 -97.3392899667 6
27921 40.75564265 -73.9276918667 2
27922 33.9814761167 -118.41006585 2
27923 40.7551629 -73.9735955667 40
27924 51.06658345 -114.0647164167 1
27925 32.6716224833 -97.0075033167 5
27926 37.4550897 -122.1647879667 14
27927 35.6376085167 -97.4841859333 87
27928 29.7262223194 -95.4272031784 85
27929 30.1691057333 -97.8389588833 38
27930 45.5230929833 -122.64167855 58
27931 41.5997385 -93.6733275 15
27932 37.7899996 -122.4342164 26
27933 49.8234203333 -97.08384505 6
27935 39.7632246667 -105.1410576833 5
27936 34.0030592667 -118.3979057833 2
27938 49.2765385667 -123.1214592667 3
27939 40.6784367667 -73.9631462667 1
27940 32.9810470333 -97.1177954167 10
27941 38.96369625 -104.7958426833 11
27942 1.2788166789 103.8452223703 28
27944 37.6469345093 -122.4052276611 7
27945 34.0230070333 -118.3810772333 4
27946 37.789069159 -122.4069964886 46
27947 34.1063720333 -117.5565596167 11
27948 37.7859863193 -122.4014166929 45
27949 37.7524630631 -122.4152351725 11
27951 45.5230022892 -122.6812044723 19
27952 35.9126121845 -79.0717435173 3
27953 40.7551808095 -73.9984588148 8
27954 47.1507879638 -122.3569510014 4
27955 37.3943809167 -122.07854695 37
27956 32.9400372333 -97.1508421 1
27957 35.7770794055 -78.6425538561 17
27958 33.8355921 -118.3363621 4
27959 35.98697155 -78.5333175333 4
27960 21.2911917145 -157.8207238569 55
27961 37.7719417976 -122.4316174612 34
27962 40.54131365 -89.5983313167 6
27963 37.8757156392 -122.2602139924 6
27964 40.5421687333 -89.5992111 2
27965 37.507145275 -120.8765835583 2
27966 51.0554175167 -114.0945884333 1
27967 39.7578399354 -105.0113757078 51
27968 33.9795854319 -118.3853395976 33
27969 37.7976232167 -122.42229625 2
27970 37.7856781833 -122.4306726 31
27971 32.9395034667 -97.09861425 3
27972 43.0919342041 -89.3552474976 4
27973 38.56461365 -109.5484373 4
27978 32.7970923167 -96.7973220333 93
27979 37.7554648333 -122.42070195 67
27980 37.4077416333 -122.09208225 1
27981 37.7695454667 -122.4511944167 37
27982 -28.8108697833 153.2740239667 4
27983 37.7848221058 -122.3958149095 15
27984 41.0310111766 -73.7663054466 1
27985 -37.8159968346 144.955726862 3
27986 37.760537074 -122.4104833603 58
27987 37.7865636613 -122.4212765694 108
27989 32.8728601167 -96.9432460833 3
27990 32.8709155833 -96.9428864667 26
27991 41.8867094 -87.6516159833 5
27992 49.25578967 -123.1154537201 10
27993 37.7630977833 -122.4241205 59
27994 50.6367438167 3.06479215 14
27995 34.0583648682 -118.4451217651 27
27997 37.3959950833 -122.07734295 7
27998 52.36816345 4.9019082667 5
27999 51.5347320167 -0.9027400333 4
28000 51.5362478333 -0.90386725 1
28001 49.0511170996 -122.3229575157 6
28002 51.81432145 0.1605782167 4
28003 51.8666738122 0.1649343967 22
28004 47.6162783456 -122.3529689479 5
28005 51.508650642 -0.117059648 19
28006 53.0085283204 -2.1815049648 42
28007 59.3542499743 17.9693231243 1
28008 59.3542499743 17.9693231243 5
28009 51.4958929906 -0.1433587074 17
28010 1.2989091 103.8483370833 36
28011 51.4886554167 -0.0772075 7
28012 52.9849935667 -1.8742506667 4
28013 52.9856168333 -1.8759891 3
28014 52.991205 -1.8920879667 15
28015 53.4816998073 -2.2385394573 6
