900 202 698 10 17.17111111111111 151 523
29058 35.8374940593 -78.642180562 9
29060 32.4411327167 -97.7805618333 11
29062 38.8879346502 -77.025500536 24
29063 32.7284180207 -97.3886060715 11
29064 38.8879764055 -77.0264554024 16
29065 32.3798771667 -88.68296455 3
29066 42.4398648833 -76.4955960667 42
29067 40.7243054667 -73.9931995667 15
29068 35.4492609 -97.4415773 2
29069 35.1000556322 -89.8528969288 5
29070 26.52964595 -80.0909860667 6
29071 25.8096722716 -80.193145731 5
29072 32.707144506 -117.1593940258 82
29073 32.88275175 -97.0980452 11
29074 38.8849031501 -77.0216274261 127
29075 37.5358054228 -77.532592915 4
29076 34.1004063 -118.2940657333 10
29077 47.5469087833 -122.05245075 16
29078 38.8950396604 -77.4481695491 2
29079 32.9539794922 -96.8113479614 60
29081 21.2807205 -157.8143096333 21
29082 47.5510938667 -122.0554850667 2
29083 37.7291431333 -84.2830932167 6
29084 26.265361809 -80.1824896927 26
29085 33.0850017167 -96.7723457 9
29087 35.8596663 -78.712723 17
29088 37.7810946 -122.4070106 5
29089 41.6481044624 -83.5295998332 5
29090 29.5433651333 -95.14337605 16
29091 44.9686085321 -93.2740974426 28
29092 42.2749590333 -83.73480415 6
29093 47.5570951333 -122.0647604 4
29094 49.1887019024 -122.7964800596 1
29096 35.20580955 -97.4837030667 25
29097 47.55125235 -122.05740755 14
29098 31.3135829833 -94.7161320333 13
29099 33.5004066 -86.7972982667 16
29100 37.5348359484 -77.4329525025 7
29101 35.8365822 -78.6439697 2
29103 38.9410359333 -95.2430462 8
29104 37.7985118 -122.42235095 83
29105 43.0926713833 -77.6588466667 17
29106 35.6837526 -97.6245581 8
29107 30.3057429833 -97.7080045833 45
29108 40.8934075 -74.114532 1
29109 43.0849530985 -77.6744556427 22
29110 39.02933945 -94.5769084 1
29111 35.4473797864 -97.4385805072 2
29112 33.50251435 -86.7891306667 17
29113 35.4473797864 -97.4385805072 3
29114 44.6445405 -63.6004938833 2
29115 39.0961967647 -77.2075046179 2
29116 39.0577183932 -94.6118162313 29
29117 19.6909032833 -156.0166702 1
29118 25.9270733 -80.12252665 1
29119 37.5370606667 -122.3278893833 175
29120 53.146660939 8.2174515724 17
29121 35.5240794925 -97.540663016 85
29122 42.2781903979 -83.7407401143 42
29123 42.2736404333 -71.0675784333 4
29124 34.0858812167 -84.52690315 7
29125 38.8435208205 -94.667582023 3
29126 41.5803283 -93.61650975 9
29127 30.4648947064 -97.7926927122 16
29128 37.76054475 -122.4348572 22
29129 29.7451749333 -95.3871314667 9
29130 33.0279262167 -96.7963181167 11
29131 33.7684230167 -84.36138865 38
29132 30.3148693597 -97.7329695225 118
29133 42.5335592 -83.1623225333 4
29134 32.7809313756 -96.8010029862 17
29135 35.8676314469 -78.6212213695 2
29136 35.777003973 -78.6382920356 22
29137 29.7298088167 -95.42122665 28
29138 39.0312766833 -95.76256435 9
29139 36.0007283167 -78.9101989167 52
29140 35.4637265 -97.5093747 53
29141 47.67521315 -122.1273401333 4
29142 32.5994388167 -96.9417194667 6
29144 38.9687853138 -95.2350175381 44
29145 47.6755163833 -122.1276569167 23
29146 39.9262798864 -86.099011302 43
29147 37.1807337167 -93.2656128833 22
29148 33.4605495167 -88.80195925 2
29149 35.5231545833 -97.5351039667 25
29150 47.6753686167 -122.1302557333 1
29151 47.6750542833 -122.1302987667 7
29152 36.1260119702 -115.1655471325 216
29153 42.4052041167 -71.08080815 7
29154 47.6790982167 -122.13035615 5
29155 39.2463639167 -94.6545067667 10
29156 47.67928885 -122.1293799833 5
29157 29.96236675 -90.1913696 20
29158 42.5175206299 -87.9481101036 3
29159 37.5299425833 -77.4221207333 14
29160 37.3189329333 -122.0200383667 4
29162 40.02815825 -75.0588802667 4
29163 52.0889527236 5.1213996907 1
29164 29.9613596833 -90.1868840667 2
29165 38.8161081333 -94.9436435667 1
29166 29.7453502098 -95.3765066968 21
29167 41.4763762667 -81.6907346333 5
29168 42.40577505 -71.08288535 3
29169 19.5773793333 -155.96753665 8
29170 47.6812384833 -122.1231337833 12
29171 47.6816820833 -122.1234087 10
29172 47.6094782333 -122.1873235667 6
29173 30.34082625 -97.5570808833 10
29174 37.3167812167 -122.0154423 1
29175 33.6979864 -86.5927886833 1
29176 39.7692582833 -105.0065496167 5
29177 37.76865705 -122.4155683 34
29178 42.5177769333 -87.9493337667 4
29179 25.9282083833 -80.1897252333 3
29180 40.7459524186 -74.0018112673 4
29181 35.110958169 -89.8922510579 4
29182 37.4871181365 -122.2356140614 2
29183 25.7948290117 -80.1885435977 1
29184 29.7359581057 -95.6211490915 4
29185 33.0738962574 -97.0790804923 22
29186 37.3219534333 -122.0189593667 6
29188 37.3217122167 -122.0178074833 24
29189 25.7944097128 -80.1879999677 2
29190 30.3439378667 -97.7379798833 69
29191 37.3223180333 -122.0168614333 14
29192 42.5166349376 -87.9484856129 23
29193 37.3226970333 -122.01739375 7
29194 47.6310348 -122.3548289667 12
29195 30.3781091667 -91.0937545833 9
29196 42.39107145 -71.0853894667 6
29197 38.88668145 -77.0018098167 45
29198 33.5249768892 -86.8139517702 5
29199 37.9076686167 -122.0593990333 2
29201 29.6014202833 -98.5618876667 8
29202 32.9076079321 -96.8059307349 8
29203 37.3221926167 -122.0233522 1
29204 39.74303015 -104.9786030833 12
29205 36.2798485 -94.14958945 5
29206 37.2800373231 -121.9511282444 22
29207 32.9396642333 -97.2307058167 22
29208 30.3198775631 -97.6886701584 8
29209 32.68020025 -97.1114567667 7
29210 37.4483692167 -122.1603290833 15
29211 32.9322093667 -96.7874834833 4
29212 42.5168326378 -87.9470157623 5
29213 37.4295070667 -122.25405265 16
29214 32.9767903833 -96.2893007667 5
29215 35.6376020062 -97.4604118478 11
29216 33.8876480333 -118.3140955667 28
29217 37.42958315 -122.25509225 71
29218 37.7431300225 -122.4220275879 39
29219 30.3065449416 -97.7452473342 139
29220 33.1976125333 -117.2466124833 4
29221 49.2264963976 -122.9999041557 62
29222 33.0324039 -96.6499456667 6
29223 30.425677575 -97.7563047409 88
29224 41.4773043333 -81.6898878667 6
29225 47.7552034167 -122.1608649167 10
29226 37.4221203 -122.1379674333 354
29227 47.75516415 -122.1608045 3
29230 25.7284087167 -80.2420021333 5
29231 34.0815440422 -117.7632236481 9
29232 47.597547084 -122.3340189457 4
29233 39.7433787729 -104.9692046642 11
29234 33.9792056333 -118.4385574 17
29235 30.4407243833 -84.2797948833 8
29236 37.3209258708 -121.9483172894 40
29237 47.6695571833 -122.3770818167 1
29238 35.7906381333 -78.8700711 1
29239 29.7829205333 -95.8047433833 9
29240 34.07623205 -118.3456299667 18
29242 33.0795353146 -96.8230676651 62
29243 44.9719786542 -93.2748162746 13
29244 27.7377082833 -97.4348136833 6
29245 37.7970959303 -122.4035136402 40
29248 -33.8730879554 151.211400032 32
29249 47.6231073004 -122.3127916764 13
29250 38.9703034594 -95.2356934547 32
29251 33.4764706167 -81.9691880667 6
29252 34.0534980167 -118.4399920667 1
29253 37.3772281333 -122.0304756833 23
29254 35.7905769833 -78.8697599833 1
29255 37.3218059022 -121.9479168538 31
29256 47.7549036833 -122.1565919333 3
29257 39.1050051167 -94.5862809333 32
29258 3.1033958607 101.5978717804 75
29259 40.6219151167 -111.8666622167 7
29260 37.7439614465 -122.4221456051 43
29261 33.200344169 -117.2445273399 39
29262 35.4637372071 -97.503361702 62
29263 34.1718115601 -118.4315577149 6
29264 33.6168964667 -117.7037487 12
29265 35.6415905115 -106.0123533602 1
29266 34.0471801559 -118.4439852259 18
29267 25.7273011477 -80.2443355016 14
29268 37.8438254814 -122.2518467903 9
29269 34.6953154167 -118.1563969 4
29270 40.7277323787 -73.4241161335 3
29271 49.22491395 -122.8892715333 2
29272 37.7736149721 -122.3968559743 60
29273 49.2270013 -122.8910734167 6
29274 35.9113096063 -79.0605942414 11
29275 35.4386381667 -97.4852501167 6
29276 34.03985065 -118.5814874 11
29277 29.8985731833 -95.4113558167 1
29278 29.8985703333 -95.4114846167 2
29279 33.5239291135 -86.810190274 11
29280 3.1026941667 101.5974771167 54
29281 48.4239855724 -123.3578717709 29
29283 40.6617139542 -73.9848332126 3
29285 47.6661826167 -122.3173538 2
29286 41.3469390866 -72.0435104456 6
29287 30.0732822833 -95.4350896833 2
29289 47.2563663367 -122.4399540529 4
29290 34.0218051727 -118.3992010835 3
29291 37.3779768833 -122.0325082 2
29292 41.89591825 -87.6826005667 2
29293 30.2657278333 -97.7435846833 251
29294 32.6110638833 -97.1419318833 3
29297 39.8419388333 -105.0912114333 1
29298 21.3943619703 -157.7415704727 4
29299 48.4095700833 -123.3474043333 3
29300 41.4760335167 -81.69070115 5
29301 32.9531707764 -96.8492736816 14
29302 38.9132306167 -94.7506007833 30
29303 21.2770879168 -157.786449194 166
29304 21.2775378045 -157.7864384651 130
29305 21.2772178845 -157.7867174149 168
29306 41.1536605968 -81.3577803969 2
29307 41.2593719517 -95.9292878947 1
29310 50.6228742833 3.05238135 1
29311 39.5586737333 -95.1278985167 6
29312 50.6231945 3.0515944667 2
29313 41.48623345 -81.7044404667 6
29314 33.64324455 -117.9340564833 22
29315 39.7423723179 -104.9919390678 14
29316 37.8077835143 -122.4184548855 173
29317 47.6150357667 -122.348814 7
29318 25.7644263167 -80.2822656167 1
29319 -27.5347395833 153.2064389 4
29320 37.7721526833 -122.4526437333 2
29321 39.0139987505 -94.6899068356 8
29322 -28.8073322333 153.2794965 2
29323 53.580687 9.9734497 15
29326 51.5429256833 -0.1033224833 10
29327 51.5445084833 -0.0975120333 1
29328 50.8209582167 -0.1354988781 1
29330 51.5145582565 -0.0804877281 67
29331 50.8234962061 -0.1403188505 6
29332 50.6310316667 3.0625919 2
29334 50.8242509046 -0.1391100883 16
29335 50.6279078833 3.0612481333 1
29336 50.6273118333 3.0612340333 1
29337 50.62710455 3.0604877167 1
29339 53.57118855 -0.0948181333 1
29340 50.8271141876 -0.1378098821 2
29341 -27.4557687 153.0497385333 2
29342 47.6183387833 -122.3476042833 51
29344 51.4622749 -0.1675573167 10
29345 50.8273043667 -0.1376304667 2
29349 48.4237089333 -123.3655454333 15
29350 50.6242861 3.0513583333 3
29351 37.7977928757 -122.4480014408 3
29352 53.56202445 -0.0895384833 4
29353 50.6262629833 3.0497091833 7
29354 51.4635757167 -0.1681338667 7
29355 -33.8809661865 151.184715271 1
29356 50.6288244167 3.0431482833 3
29357 52.3545801833 4.9535916 6
29358 37.4444229501 -122.1549700313 6
29360 51.4721947908 -0.1457726955 3
29361 48.2232613667 16.4002032167 13
29362 50.8574123627 0.5821955683 3
29363 51.4042188988 0.0150954723 25
29364 51.69207485 5.3011569833 2
29365 38.7501705833 -77.5716595167 3
29366 51.4785498159 -0.1531648636 4
29367 51.8844914955 0.245475769 312
29369 28.66666015 -81.4196097 1
29370 51.48912885 -0.123119 4
29371 52.2041167883 0.1221922617 19
29372 51.5209307333 -0.12852335 11
29373 51.4895653 -0.1233781833 3
29374 59.92435505 10.7067483333 12
29375 50.9776929463 -3.147470355 10
29376 51.4924500833 -0.1216798167 3
29377 53.4019323924 -2.9860419424 5
29378 50.6336216667 3.0502069167 7
29380 40.9802868504 -74.1200566292 4
29382 51.7513664167 -1.2552466 4
29383 51.5110127782 -0.1172876358 46
29384 50.6369165667 3.0490696167 2
29385 51.4950580506 -0.1216489077 7
29386 3.1505870667 101.6158103833 150
29389 50.64042305 3.0474649 6
29390 53.4851524833 -2.2420413 30
29391 51.4979335167 -0.1204398833 16
29392 51.9187815333 4.48256875 4
29394 42.3394028143 -71.0998088121 37
29395 51.4864439368 -0.180160365 3
29397 50.6374950667 3.0442109333 5
29398 51.5008367667 -0.1200054167 13
29399 51.752611039 -1.2539175471 5
29400 51.5012994833 -0.1200046167 19
29401 41.8985687667 -84.0382630333 1
29402 42.60798955 -70.6787855 5
29403 30.3482816667 -97.5586942667 1
29404 47.3920778148 8.0463159084 11
29405 51.40570745 0.0153314833 4
29407 51.5325919833 -0.1063321333 11
29408 21.0400065442 -86.8749475479 31
29409 42.5501165667 -70.8781262 54
29411 51.4926600177 -0.2641224861 6
29412 50.6212338667 3.0789125833 8
29413 51.5345082833 -0.1066925167 6
29415 50.6343137 3.07053125 1
29416 51.4945036419 -0.2681136131 13
29418 51.9240166333 4.46900275 58
29419 51.4521616484 0.2777481079 5
29422 40.8664154667 -73.9736305833 1
29423 37.5069766833 -77.3314779667 148
29424 30.6512408823 -97.6734995842 29
29425 40.8918098667 -73.97394725 1
29427 33.5113121667 -86.8128118167 2
29430 51.4893913667 -0.1756234833 1
29431 53.6562339 -1.7664521 13
29435 48.2228158233 16.3996045957 6
29436 38.5297123667 -78.4411775667 1
29439 51.0966532651 0.5354681611 1
29443 33.5113565904 -86.8130528927 22
29445 51.0964857333 0.5349866333 1
29448 51.4926700376 -0.2245867252 8
29449 40.7421580397 -73.9953449411 40
29451 40.8135575167 -73.9835816833 1
29452 36.1646810333 -95.7623668 4
29453 29.7205574409 -95.3412437439 131
29454 40.8130208833 -73.98469805 3
29455 52.4480063557 -1.4958572388 23
29456 55.8532003845 -4.309258461 15
29457 37.9382908333 -75.3688931333 4
29458 51.0474968037 0.5117735267 1
29459 30.3142078333 -97.7337631667 112
29461 52.363532858 -1.9461679459 17
29462 54.0318750667 -6.3800293667 1
29463 39.0423812937 -94.5942841012 22
29464 51.1351605923 0.2666115761 12
29465 52.4605351819 -1.9440050771 1
29466 39.0567314333 -94.5960103833 28
29467 32.9338453298 -97.2284102153 24
29468 53.3849015167 -1.5064269 4
29469 35.9542427333 -79.06301305 1
29470 50.6763659489 3.1601367041 1
29471 42.2428588867 -70.8035430908 3
29472 30.3698760889 -97.8925716877 8
29474 35.56603475 -97.5432219333 17
29475 38.9716462648 -95.2740771159 6
29477 38.9716462648 -95.2740771159 1
29480 50.6923455833 3.1782057667 2
29482 42.280622353 -83.7495939142 30
29483 35.9105831937 -79.0667629538 15
29484 40.8453536 -73.8757132167 10
29485 51.4724554244 -2.5647068024 21
29486 33.1138933835 -96.6623175144 6
29487 49.4911692647 5.9863579273 6
29489 49.492597905 5.9769594669 1
29490 49.4935108192 5.9797382355 1
29491 49.4960752504 5.9848880768 3
29492 49.4930578487 5.9798455238 1
29494 35.3346384667 -97.5161149 4
29496 49.4910194293 5.9765893221 1
29497 30.2306131045 -97.8074598312 37
29498 49.4919776712 5.9782147408 1
29499 49.4927570048 5.9788371655 1
29501 50.69036075 3.1809792 1
29503 30.3766054207 -97.8935480118 11
29504 49.4926397183 5.9773349762 2
29505 50.5659947269 8.6675651533 14
29506 49.4925003407 5.9764766693 1
29507 39.743453019 -104.9938166142 58
29508 33.15117605 -96.8032407 11
29510 49.4905699202 5.9789335728 2
29511 49.2043678336 -122.8750365973 18
29512 51.5139391675 -0.1316976508 7
29513 35.9435642667 -78.5576045667 7
29514 40.9165247264 -74.0605723827 15
29516 35.910656482 -79.0670173586 1
29517 49.211962394 -122.9590809345 31
29518 35.9107971191 -79.0682067871 44
29519 35.3339044167 -97.5197539 3
29520 38.889642 -77.0838950333 5
29521 30.6568617715 -87.9044019816 19
29522 53.4808442743 -2.2351384163 14
29524 34.0131612333 -84.4931214 7
29525 44.3897565667 -68.2048139333 2
29528 35.3345925167 -97.5293379 4
29531 33.1411797167 -117.2427188333 11
29533 30.2741973167 -96.2301771333 1
29534 53.4831111389 -2.2360527448 6
29535 42.3858638053 -71.119466722 5
29536 53.0029485667 -1.2817425833 28
29537 39.0222002167 -77.4784761 7
29538 41.5854797285 -93.6743240253 5
29539 30.4911735108 -97.8076636791 89
29540 50.6910608833 3.1887880333 1
29542 51.5187273333 -0.0742204833 2
29543 41.5459307333 -93.64468735 1
29547 31.3133016833 -94.71994855 22
29548 49.2317226667 -123.1189936167 18
29550 28.7875480799 -81.3560020924 5
29551 42.2841801333 -83.7470323 19
29552 40.91426035 -74.0581463833 3
29553 35.9125065719 -79.0716613732 1
29554 29.8916429833 -81.2986457667 1
29555 47.2227157448 -122.471420971 2
29556 30.4094619667 -91.0741927833 4
29557 35.8210633667 -78.5914851833 11
29558 44.3887316333 -68.20442695 2
29559 51.4640201055 -0.1651595098 1
29560 49.2310785577 -123.0851125717 3
29561 34.0377795833 -84.4657859333 13
29563 33.8671063263 -118.255220621 9
29564 33.9957848695 -118.3955231617 5
29565 39.84595545 -84.4248279 1
29566 41.3157721333 -93.1063735833 1
29567 49.4929197 5.9808984333 1
29570 54.0082163667 -6.29337315 6
29573 50.63670055 3.0607956333 4
29575 41.8244847196 -87.870272398 8
29576 40.0178291461 -105.2595752478 31
29577 35.5214507833 -97.5300680167 9
29578 27.7097701929 -97.3757155521 9
29579 35.5063295667 -97.4679797333 5
29580 30.2214105333 -92.0227077667 4
29581 35.51067535 -97.6292676 16
29582 35.51067535 -97.6292676 3
29585 38.6648620333 -78.48409815 16
29586 40.5787823167 -111.8725396167 1
29589 42.5907589 -88.4360847833 11
29590 33.1454348667 -94.9612083 1
29591 42.2935959369 -71.3067412376 2
29592 31.31007555 -94.7309162833 9
29593 38.9578765667 -77.3587510667 14
29594 33.9220143 -84.4667544333 20
29595 50.6266434167 3.1280991833 13
29596 25.7345863129 -80.2596023031 46
29597 40.4451362667 -3.8664962667 1
29598 28.7990500833 -81.3338231667 3
29599 50.6260757446 3.12865448 14
29600 32.9421316667 -97.07753055 7
29601 28.7996460316 -81.3342667333 1
29602 37.7517633333 -122.4290769167 35
29604 27.7095052182 -97.3766243393 10
29606 29.92248495 -90.1314872 26
29608 32.4337397333 -97.7833077333 2
29609 51.464623826 -0.1607424872 7
29610 51.4357033186 -0.1596152487 2
29611 39.9731995314 -75.0286521261 1
29612 30.4641185396 -97.7704024315 43
29613 27.9427111279 -82.4473178387 9
29615 32.9411173833 -97.0781337833 4
29616 51.4295476 -0.1322609833 1
29617 32.95346005 -96.9051555667 11
29618 32.9408372833 -97.0744628833 6
29619 51.5349125833 -0.1075243833 14
29620 33.4653484631 -112.0019682248 1
29621 49.2319922 -123.1158994833 4
29622 51.5340333211 -0.1052682976 20
29627 51.7434933333 -0.0186554167 1
29628 39.93512984 -75.0235398531 15
29630 51.5330657413 -0.1060392349 5
29631 43.0842602376 -89.5022152935 2
29632 32.9417538833 -97.0793067667 3
29633 35.5095407667 -97.6195974167 1
29634 39.7018927833 -105.7049710333 2
29635 39.7012559734 -105.7066941261 4
29636 32.7770737 -96.7594375833 179
29637 32.9065934425 -96.9580122828 10
29638 25.7325815406 -80.2601755758 8
29639 42.5484566233 -87.83826828 3
29640 51.5208287946 -0.07184259 5
29641 51.5292568667 -0.1059823833 12
29642 35.9141463167 -79.05366065 9
29643 33.0998452833 -96.81762075 6
29644 32.7714908169 -117.2472962312 8
29645 39.72536315 -105.6927039333 6
29646 50.9186660667 -1.4280632833 3
29648 41.3725971167 -72.09946785 2
29649 36.0169727533 -115.1176140176 12
29650 51.5987440497 0.0186621978 2
29651 53.4697670948 -2.222713006 17
29654 30.20212925 -95.4740915333 45
29656 32.8728385785 -97.2900379188 2
29658 51.5240940667 -0.1094631333 7
29659 45.5173724 -122.6774105667 33
29660 39.9573680325 -105.0353184786 3
29661 39.47686535 -86.0466694667 1
29662 37.5154508833 -77.4713497333 56
29663 35.2200472943 -97.4909162521 47
29664 38.6655511167 -78.4600073 5
29665 43.6549012457 -79.4163810382 1
29666 42.4377767182 -76.4990024108 2
29667 37.9446774167 -122.5089660667 128
29668 43.7284203167 -79.7938916833 5
29670 33.9667127833 -118.4258588167 11
29671 29.6368887601 -82.3703062534 19
29672 51.5215272167 -0.1042115667 11
29673 43.7282290333 -79.7949520833 2
29674 41.8190964 -73.0750739167 4
29675 39.37848345 -84.2208344 18
29676 43.7287940833 -79.7954971667 4
29677 51.5221578833 -0.1031230833 7
29678 47.7199948167 -122.2082700667 30
29679 43.72884155 -79.7963113667 3
29680 41.8902769333 -87.6268421667 13
29682 37.5345141903 -77.4303536956 3
29683 38.4875063 -122.7109545 1
29684 48.4261903833 -123.3239168 97
29685 47.2011104833 -91.3676073667 7
29686 43.7282554667 -79.7966072167 3
29687 43.7285116667 -79.7964874833 1
29688 28.6612505167 -81.4196377167 16
29689 33.0350368167 -96.7073707 8
29690 37.5348265 -77.4303718833 4
29691 47.3838639833 8.5294825667 9
29692 43.72688805 -79.7955857833 2
29693 33.9829759027 -80.9675323963 13
29694 41.3074073333 -93.0718258333 3
29695 43.7272239833 -79.7962292167 3
29696 25.7322227833 -80.2595901333 3
29698 43.7262854667 -79.7966422333 7
29699 42.6986137167 -88.61645525 1
29700 51.5200194202 -0.0745689867 7
29701 33.9897546819 -80.976845026 2
29702 43.0699223512 -89.4128966331 42
29703 33.6614604472 -112.1868962368 20
29705 51.51969265 -0.1016742667 5
29706 39.1968975167 -84.4200419333 2
29707 51.5262791333 -0.0791484 8
29708 54.0241294333 -6.3591360667 1
29709 37.5322888333 -77.4224613667 1
29710 47.6156910451 -122.2015895372 3
29711 40.9459475667 -74.0720074667 8
29712 51.0472135145 0.5116930604 1
29713 33.4964992167 -111.9302604333 4
29714 51.0473400333 0.5110874833 1
29715 51.0473281794 0.5103358626 2
29716 37.5316318833 -77.4209297 1
29717 43.7266442833 -79.7974771333 3
29718 33.6510629333 -117.7432586167 22
29719 43.7265218333 -79.797803 1
29720 43.72656915 -79.7979582333 1
29721 37.5319283333 -77.4197029833 1
29722 47.6152187615 -122.2021079063 11
29723 33.9900627 -118.3948755667 13
29724 40.9466819833 -74.0714022667 7
29725 51.9170881785 4.4788384438 23
29726 37.53197255 -77.4190359167 1
29727 41.8749313354 -84.0451589062 2
29728 36.335091854 -94.1892039872 7
29729 37.5310326266 -77.4195255179 2
29731 51.0471939667 0.5098528333 2
29732 33.4494093 -111.98688845 5
29735 37.5275143333 -77.4178630167 1
29738 51.0473171 0.5098459333 1
29740 32.9177464667 -96.78348035 9
29743 39.0545082135 -84.4138681926 5
29745 32.78054305 -96.7575629167 20
29746 40.1981286 -74.8640114333 1
29748 35.6365801833 -97.4777795167 9
29749 40.1977898033 -74.8640477657 7
29750 39.7502090789 -104.9990093708 24
29751 51.0473686492 0.5135974288 2
29752 40.1975270333 -74.8640168667 7
29753 33.9635267833 -80.9386325333 7
29754 45.5121465667 -122.6849800167 70
29755 27.9448227833 -82.4500639667 4
29757 51.52868985 -0.0779986333 23
29758 33.027036273 -96.8413503001 11
29759 34.2590519 -88.6992391 3
29761 32.4472806333 -97.74510885 5
29763 33.0397121 -96.7512482833 4
29764 43.1000384 -87.92000525 3
29765 32.8380845 -96.8333501 2
29767 32.85109078 -117.26045626 2
29768 29.5830578 -95.7618591833 1
29769 33.88878915 -118.30438845 3
29770 51.5347224333 -0.1170563333 7
29771 36.170137 -115.1426941 20
29772 27.9440854337 -82.4449682236 14
29773 37.5261912333 -77.41148625 1
29774 51.5354004833 -0.11679455 9
29775 42.5198049034 -70.895594759 26
29776 35.6682022 -97.4955388667 4
29778 37.8003534167 -122.4385633167 17
29779 39.1843504872 -78.1665148799 1
29780 47.6824528833 -122.37667015 2
29781 37.3782421725 -122.1166617653 16
29782 40.1863312167 -74.8660323333 5
29783 48.4248838333 -123.3624438333 6
29784 40.1863312167 -74.8660323333 2
29786 30.4237116468 -97.7020812035 306
29787 37.5288238 -77.4042131167 1
29788 35.3395452667 -97.4936526833 2
29789 49.2826440702 -123.1232964993 9
29790 33.9064001333 -118.3902920833 16
29791 32.815101 -97.4361208 3
29792 40.17654975 -74.8786684333 14
29793 47.2448645052 -122.4391721319 5
29794 37.5302473833 -77.4056573667 1
29795 34.0820150021 -118.3617505431 23
29796 40.1764059137 -74.8781883717 2
29797 32.7103413833 -97.35985165 6
29798 36.1022117465 -115.174612999 322
29800 47.6662614333 -122.3517623 2
29801 36.147743089 -115.1555049419 95
29803 32.9190075833 -97.0076128 5
29804 47.6662614333 -122.3517623 5
29805 42.9950251333 -71.4678839 3
29806 32.5497704787 -98.4985685349 4
29807 37.5362765833 -77.4081589 1
29809 47.6664951 -122.35199325 1
29810 34.0447159833 -118.4545992333 14
29811 35.7061032167 -78.8350890833 42
29813 40.17836785 -74.8774952833 5
29814 37.5350564167 -77.4109150167 1
29815 40.17836785 -74.8774952833 2
29816 40.90466585 -74.0313904167 2
29817 40.1789234 -74.8761092833 6
29818 29.9085094 -98.20914435 9
29820 37.53324435 -77.4122614667 1
29821 32.78174665 -96.76412025 38
29822 47.6679005833 -122.3529113667 7
29823 33.0888759167 -97.1067710333 1
29824 33.1279975667 -96.65742105 45
29825 37.7666218333 -122.3994067 56
29826 37.8012478049 -122.4583768845 58
29827 47.6687051474 -122.3838899246 17
29828 42.5204296416 -70.8942047335 21
29829 33.0571223333 -96.7720923 13
29830 30.3999462241 -97.7485156059 54
29831 42.3804518 -71.0973906333 2
29832 33.6768382833 -86.8212205667 8
29833 47.3822607085 8.5316669941 5
29834 42.66962455 -88.5401963833 1
29835 37.7831635099 -122.4076187611 38
29836 33.0101445833 -97.0467408 17
29837 29.7362678333 -95.3954649833 6
29838 38.9409488854 -77.0252658821 3
29839 42.38104965 -71.0971414333 2
29840 33.9065206 -118.3951561333 19
29841 30.1639159167 -95.4620250667 12
29842 51.5903160425 -0.102943182 9
29843 42.3805903667 -71.0970927333 3
29844 47.6712341309 -122.3526636759 3
29846 47.2446291667 -122.4377855333 6
29847 42.3801641167 -71.0966609667 4
29848 29.73758185 -95.3985252 33
29849 39.0330963135 -77.4213562012 15
29850 39.47787795 -86.0445144667 1
29851 41.9842807167 -70.9776848667 1
29852 37.2946549833 -121.9950303167 2
29853 35.7537520833 -78.7449457333 20
29854 36.0250455021 -115.1208427548 171
29856 39.7456968633 -104.9970674515 24
29857 47.2459931833 -122.4369257 6
29858 37.4517515833 -122.1625044167 10
29859 37.22609765 -121.9825503167 12
29860 47.6712341309 -122.3526636759 5
29861 51.5901522595 -0.1157047697 5
29862 32.5430943 -92.6296758333 5
29864 32.80397825 -96.7734601833 53
29867 49.28117085 -123.0586369833 1
29869 37.3001623435 -121.9501789121 7
29871 30.2737544488 -97.7986836433 26
29872 36.0693609333 -79.86881085 3
29873 32.6101370667 -96.9973068167 4
29874 34.1321214333 -118.34466015 2
29875 33.0272552912 -96.7900275758 3
29876 47.2455906209 -122.4352025986 11
29877 41.7977183 -69.98466625 4
29878 30.4839811167 -97.6625268333 103
29879 33.1971901167 -96.6158275833 10
29882 52.2773145109 -1.5234762568 21
29883 49.2811233667 -123.0581955167 3
29884 35.8371244078 -78.6429476738 32
29885 47.6692686833 -122.34977735 7
29888 37.4843673617 -122.2261352546 13
29889 37.2231526333 -121.98220435 9
29890 30.1638698667 -95.46286925 56
29891 26.1373062587 -80.1210500538 5
29892 42.3712888703 -71.0816958899 3
29893 36.2023778668 -86.6946284018 34
29894 37.2219734535 -121.9839155674 17
29895 32.0669714333 -81.0971658167 12
29897 39.6415681333 -106.37333775 6
29898 47.2446237251 -122.4344603564 3
29899 37.2210165922 -121.9853961468 2
29900 37.2210172333 -121.98502625 2
29901 38.96920239 -95.2353072166 45
29902 39.639198822 -106.3734591007 16
29905 37.2219371 -121.9824721333 10
29906 32.7797428489 -96.76227808 263
29907 38.9838711833 -74.8148541167 3
29908 33.1689770167 -96.9238210833 3
29909 35.7506515167 -78.6480742667 2
29910 47.2458006 -122.4367765167 6
29911 42.6975951674 -71.4396129209 10
29912 37.2232093167 -121.98154485 5
29913 30.4786588 -97.6694870667 1
29914 39.6385172012 -106.3691782951 4
29915 30.2461597167 -97.75651435 159
29916 47.6691258167 -122.3496181 10
29917 40.6240466585 -111.8600839376 10
29918 35.7715861 -78.7624863667 28
29919 42.3796913167 -71.09463645 2
29920 30.4808921833 -97.6796749667 1
29921 30.4815588167 -97.68250685 15
29922 27.8948459504 -82.7464485168 14
29923 37.7670339782 -122.421952486 151
29924 33.0196528 -96.7000351 46
29925 33.1979001333 -96.6163459 11
29926 30.4834295667 -97.6819457167 48
29927 40.7414107491 -73.5936763072 7
29928 37.3933444667 -122.0796607667 26
29929 30.4833504667 -97.6818935833 8
29930 51.4590408858 -0.1470065117 29
29931 47.6662624833 -122.3508552167 4
29932 47.2476590514 -122.4366724491 6
29933 42.3010713821 -71.3835382462 52
29935 30.4834035167 -97.6771664833 6
29936 35.9315723667 -79.02605255 1
29937 39.3382673333 -76.6332440667 4
29938 39.7621230605 -105.0112151989 19
29939 35.78642671 -78.7830770016 16
29940 51.4812492642 -0.1726591587 13
29941 30.4873039333 -97.6789832167 6
29942 38.9124752833 -92.3216521 16
29943 37.2250640667 -121.9823384667 32
29944 45.5202955717 -122.6784350547 3
29945 37.8589688167 -122.4846316167 6
29946 35.2029272667 -97.4655254 2
29947 40.0183529536 -105.2799493074 17
29948 34.8518824658 -82.3991882801 16
29949 30.4945887167 -97.6768554 22
29950 33.1984204333 -96.6151201167 4
29951 37.7995937833 -122.4362972 14
29952 30.4959113333 -97.6766499833 18
29953 32.9182667 -96.9580771333 7
29955 32.8102040833 -96.8198716833 42
29956 47.2179102 -122.4643305667 11
29957 50.63162425 3.0944693 1
29959 43.0441447 -89.2675864 4
29960 40.6242296667 -111.83659575 1
29961 33.2053573771 -97.151197163 6
29962 40.6239611552 -111.8346512318 1
29963 35.5952185423 -82.5545104674 3
29964 47.6677833 -122.35242015 7
29965 37.7979185833 -122.4355524333 27
29967 37.7695230667 -122.4836684333 1
29968 48.4266285833 -123.31360295 62
29969 51.5365572333 -0.1127691333 2
29970 49.2811657167 -123.0524515 2
29971 29.7149047167 -95.4159809667 7
29972 30.3127282831 -97.7384792405 69
29973 21.3391536667 -158.1257632667 34
29974 40.7635699241 -73.9590994136 6
29976 37.3231003833 -121.9510030833 12
29977 47.66595625 -122.35009195 5
29978 47.61024645 -122.1959031667 12
29980 45.0188053667 -93.6371891167 2
29981 42.5565909373 -70.8873742968 10
29982 49.0372068016 -122.2685515881 2
29983 31.5584477961 -97.1299445629 8
29984 45.5222550531 -122.6732110977 8
29985 37.3528701667 -122.0798491833 1
29986 49.2809686626 -123.0529828194 1
29987 27.9383795806 -82.325116396 15
29988 38.8852780854 -76.9979701589 7
29989 35.3161535333 -97.4933760833 51
29990 21.2923933237 -157.8514820337 35
29991 32.5992170167 -96.9448407667 5
29992 35.7823800635 -78.6581228737 4
29993 42.3447476856 -71.1025714874 29
29994 40.0494124833 -82.9136087833 10
29995 25.7653342428 -80.1933299534 14
29996 47.6614710245 -122.3419046402 33
29997 39.6770659619 -104.9036613552 3
29998 35.8387608167 -78.6772698833 1
29999 48.0657728 -122.1741627333 1
30000 38.9824110167 -77.0976392 19
30001 28.6541304667 -81.3309475 2
30002 47.66125645 -122.3403952833 2
30003 35.5415955 -97.5647969833 34
30005 37.7977632333 -122.4276927 19
30006 59.3348754667 18.0552983833 11
30007 47.6613254333 -122.3386109 7
30008 33.7951780833 -116.5003018667 13
30009 39.0211254333 -78.303625 1
30010 34.1824206227 -118.2764697075 2
30011 41.7027104333 -88.3095091833 2
30012 34.1836106333 -118.2774163667 1
30013 47.6614593294 -122.3370250577 17
30014 41.7923782667 -87.975429 48
30015 34.0216167333 -118.2909687667 1
30016 42.279166295 -83.7484681606 39
30017 32.4357434 -97.77507045 2
30018 34.0225023833 -118.2906474833 6
30019 48.06656585 -122.1771753333 1
30020 35.7755717 -78.6382438 2
30021 34.187255392 -118.2754249871 1
30022 47.6608020609 -122.3360186788 3
30023 36.1139047461 -115.1710295677 131
30024 48.0573318833 -122.1764611667 3
30025 39.7065790333 -105.695958 3
30026 39.7059910667 -105.6958925667 2
30027 39.7060622833 -105.695646 1
30028 34.8474185002 -82.4013823271 15
30029 48.0588097833 -122.1774099833 4
30031 47.6613703841 -122.3361686372 15
30032 37.399343851 -122.1106136139 112
30033 39.7053647 -105.69637705 2
30034 34.59608155 -120.14183725 6
30035 47.6180372171 -122.1938872018 13
30036 41.8402170114 -88.0066680908 51
30037 48.0551168333 -122.1769844333 5
30038 35.6425189309 -106.0142093897 3
30039 39.70514795 -105.6965107167 1
30040 47.6612305368 -122.3354878278 22
30041 35.2285206833 -97.4864079333 38
30042 40.4344048808 -86.9184422493 8
30043 39.7054779167 -105.6968377 1
30044 40.7449160214 -73.9837896824 9
30046 39.7065414 -105.69796915 1
30047 33.3686673752 -111.7903136158 3
30048 35.7863932884 -78.6636424413 5
30049 48.0517861167 -122.1770573667 2
30050 39.7068604 -105.6965866833 2
30051 49.2689695833 -123.0827399 16
30052 47.6612305368 -122.3354878278 6
30053 37.7079451167 -121.8734513333 9
30054 47.6173262109 -122.194372025 9
30055 38.8998409579 -77.0421190827 5
30056 41.9759046 -87.6685265833 63
30057 48.4277040704 -123.3688391185 4
30058 47.661472477 -122.3363606564 4
30059 36.0007762667 -78.9401287833 1
30060 30.5107914167 -97.6898145167 11
30061 47.661472477 -122.3363606564 5
30062 26.1368490642 -80.1199423922 9
30063 -23.5368303833 -46.6542957333 1
30064 30.2315560667 -97.8197087333 19
30065 42.2791918345 -83.74179048 12
30066 30.2618349633 -97.761073028 52
30067 35.83846 -78.6770642167 8
30068 35.8388136333 -78.6775086667 10
30069 47.661418728 -122.3381610366 5
30070 33.8478214824 -84.3650436401 14
30071 34.27743 -119.2177165833 7
30073 35.8399119725 -78.6782723665 9
30074 40.1688054333 -105.1055064167 1
30075 48.05001795 -122.1789426333 1
30076 48.4285503987 -123.3671648374 34
30077 36.912911413 -94.0109539032 1
30078 35.5306187833 -97.57507545 68
30079 35.8404381632 -78.6790394783 25
30080 40.155027 -74.8139963167 1
30081 35.8403142261 -78.6787122488 15
30082 42.34980135 -88.2359444333 1
30083 29.5965676177 -98.4728300571 20
30086 41.4847164167 -81.703597 8
30087 35.7934517667 -78.6842536167 2
30088 48.0508605 -122.1764499333 2
30089 34.0717403833 -118.3608487167 34
30090 32.8509195333 -97.2382093 88
30092 45.5628314333 -122.6310421333 9
30093 33.81489325 -118.3518162333 8
30094 48.0569153167 -122.1771636 2
30095 39.2297335833 -84.3766170167 1
30098 29.9232862 -90.0879966 3
30099 26.1289974333 -80.1394044 15
30100 47.66093655 -122.3278093167 36
30101 48.0665781167 -122.17563215 1
30102 30.2666196426 -97.74485532 49
30103 35.8886808167 -78.6783193333 2
30104 35.888356 -78.6783538833 1
30105 48.0802635 -122.1729829667 2
30106 47.7553746907 -122.2802996635 7
30108 28.1310942667 -80.6256002167 7
30109 39.3712370833 -74.4782658667 1
30110 38.4400024414 -122.7133483887 1
30111 -27.4792105167 153.0235931167 24
30112 39.8080327667 -105.5317055 1
30113 48.0809306167 -122.174756 1
30114 36.8367528167 -119.7707801333 4
30115 41.8368358542 -88.0079770088 11
30116 29.7861204 -95.72190315 15
30117 39.8078705667 -105.53262545 1
30118 29.7400011737 -98.1017625332 13
30119 48.075804 -122.1768059333 4
30120 47.6624248446 -122.2813940048 14
