800 170 630 10 25.195 127 472
26174 32.7017186883 -97.1215867996 7
26175 35.2180004 -97.4554361833 37
26176 35.4355341667 -97.43869915 2
26178 41.9558519574 -87.8084850311 25
26179 41.8010709833 -87.8922128677 2
26180 37.9357416667 -107.8085775 5
26181 41.9553794808 -87.8097124472 6
26182 41.9553794808 -87.8097124472 4
26183 41.9553794808 -87.8097124472 5
26184 32.76735975 -117.1509371167 38
26185 35.2209325393 -97.493737936 5
26186 35.5462294 -97.612698 20
26187 47.2555460222 -122.472281456 12
26188 40.2163907 -74.9274058333 1
26192 28.4130120418 -80.6297457218 14
26193 37.93600765 -107.81353575 1
26194 35.4646594 -97.6003604833 9
26195 42.6281696667 -82.9917628833 1
26196 40.7230144748 -74.0034556389 22
26197 40.4181971833 -105.07149585 2
26198 32.9344304141 -97.2356586069 134
26199 36.1440410333 -86.8134487167 10
26200 45.4905608167 -122.6226452833 1
26201 37.9361000046 -107.8454661369 7
26202 45.4905253667 -122.6229762167 6
26203 42.39923975 -71.07205715 20
26204 38.97366785 -94.5494660333 2
26205 32.7694689833 -117.1475926333 6
26206 35.1411169534 -90.0530918691 65
26207 21.3901395667 -157.71676355 4
26208 30.4802228667 -97.8327465 29
26209 34.06039985 -118.4463631 4
26210 40.7787453662 -73.9540679241 3
26211 40.7787453662 -73.9540679241 24
26212 29.73212152 -95.4116941 36
26213 42.3971302323 -71.0696005519 5
26214 37.2412618721 -93.3867073059 100
26215 28.4611491167 -81.45827665 5
26216 41.0288221667 -73.76524185 2
26218 33.1824266 -117.2923275 8
26220 37.9368443333 -107.8463576667 4
26221 37.7653570333 -122.4500239167 69
26222 42.4010650167 -71.06970215 4
26223 33.9453892443 -84.3573617935 22
26224 47.7958990167 -122.2070130833 4
26225 34.1803842 -118.3057012333 5
26226 33.0967123 -96.8119897333 5
26227 42.6253109833 -82.9458348667 78
26229 38.9693387 -92.5525932833 3
26230 40.4172392667 -104.9889481167 6
26231 38.656865 -90.3109458167 9
26232 37.6998987167 -121.9099312833 9
26233 39.0387086667 -94.58904415 24
26234 43.6511370984 -79.3839025497 37
26236 40.8503801 -73.8279471 15
26237 30.5814597667 -97.65690225 4
26238 25.7358903667 -80.2448182667 5
26239 38.64739515 -90.3027471333 4
26240 33.5851622167 -117.67325995 1
26241 25.7401042 -80.2657482667 1
26242 37.9365905167 -107.84623215 3
26243 35.81950645 -83.1584192833 9
26244 34.1103655161 -117.5355470181 14
26245 38.9332265667 -94.3802009 6
26249 37.9364562 -107.84595965 1
26251 36.1085434833 -86.8172106167 38
26252 37.7065252167 -121.9308453833 52
26253 29.7597663333 -95.7523407333 4
26254 32.9738527167 -97.03581415 12
26255 34.1110406241 -117.5350105762 8
26256 37.2576964833 -93.3788270167 4
26257 37.3212981167 -121.947861 213
26258 47.2554431333 -122.4738361167 2
26259 29.8353266667 -96.7084836833 78
26260 37.3202603618 -121.9478559494 47
26261 49.5021607429 5.9664623173 3
26262 32.83109305 -97.19833 10
26263 32.8304502833 -97.19964545 9
26264 37.3208981414 -121.9492185116 20
26265 35.133157628 -90.0279687345 22
26266 33.9910893667 -81.0060366833 4
26267 60.1625949598 24.9393611277 6
26269 35.3620273167 -80.6845492667 5
26270 33.1967809833 -97.0900749667 9
26272 38.64062615 -90.2939042667 5
26274 51.0142554833 -114.1221150167 8
26275 37.4766929637 -122.222417593 3
26276 37.4458483 -122.1618453 123
26277 41.2523851416 -81.4077405632 17
26278 33.4754738833 -94.28968765 3
26279 51.0147152 -114.1204731167 3
26281 33.0737953167 -96.8754306667 11
26282 26.0936338 -80.2513308 7
26284 33.9996340746 -81.0168688251 96
26285 33.4723802167 -94.2898258833 2
26286 37.4368647002 -122.1596431732 24
26287 45.5222700871 -122.6725244522 14
26289 33.7463420333 -117.8696975 11
26290 37.4226403667 -122.1413483833 17
26291 37.2953184333 -121.9277609667 31
26292 37.3915685257 -122.0951682329 4
26293 32.8503484 -96.7904127833 9
26294 42.5698095636 -87.9485285282 23
26295 35.5444848667 -97.5651535333 7
26296 34.0000323333 -81.0167152167 23
26297 37.377421442 -122.0663774014 17
26298 35.4900819 -97.7629412 20
26299 33.6394632785 -84.4423019886 25
26300 45.5226233833 -122.6725888252 13
26302 51.0229007833 -114.1160726333 12
26303 37.7830748 -122.4635874 18
26304 42.6052604747 -87.8836727142 7
26305 42.2837123429 -83.7467609762 4
26307 37.7830223667 -122.4637469833 31
26309 38.9175997754 -77.2222995758 113
26310 38.9405844833 -94.8946095667 4
26311 35.5649270202 -97.5482027523 38
26312 37.4300460352 -122.0992948115 3
26313 21.2720535667 -157.8047908667 4
26314 40.49079465 -74.4255791667 4
26315 35.9102113204 -79.0735865621 2
26316 32.4331047489 -99.7578334808 5
26317 39.0125860167 -94.5905232 16
26318 38.8484983486 -77.4549865723 2
26319 35.9099630264 -79.0722595189 4
26320 30.2619775833 -97.7583844 11
26321 35.9048331891 -78.9428186417 109
26322 35.9099630264 -79.0722595189 24
26323 35.9101992508 -79.0721413493 17
26324 30.2640659833 -97.7564906667 123
26325 35.9099630264 -79.0722595189 27
26326 33.98714735 -81.00681275 3
26327 45.5162997667 -122.6457107333 13
26329 34.0148668 -118.4970328833 24
26330 37.4014209833 -122.0978815667 16
26331 38.892852396 -77.0798986811 17
26332 40.0352125 -76.33386275 2
26333 30.26619975 -97.74509175 102
26334 34.3528833167 -119.4285030333 1
26335 34.0172669333 -118.4982732333 19
26338 39.0138100667 -94.5828577167 6
26339 21.3040445667 -157.8485157167 71
26340 26.0081984333 -80.3067286 1
26341 33.1621662617 -117.3441381776 18
26342 32.8723426605 -96.7688977718 13
26343 26.0082089 -80.3057620333 2
26344 47.65049595 -122.3501359 18
26345 40.15861785 -75.1446364667 1
26346 33.1847244333 -96.63457775 7
26347 40.1582953333 -75.1424066833 6
26348 32.7488475167 -96.8274316667 5
26349 37.4106143 -122.1231382 13
26350 38.8883459388 -77.1803203225 8
26351 47.1813418333 -122.2944927 14
26352 21.2831015 -157.8145716167 2
26353 21.2830917833 -157.8145418333 10
26355 34.8249372167 -111.7943046667 1
26356 21.2831907 -157.8145489333 5
26357 38.9897037368 -94.608632737 26
26358 37.788522281 -122.4074470997 20
26359 21.2835856333 -157.8142288167 5
26360 37.65951435 -121.87589655 2
26361 21.2840161833 -157.8140465 69
26362 21.2842416333 -157.81433445 8
26363 34.01255245 -118.4968106 2
26365 21.28371305 -157.8143930333 112
26366 37.25120155 -93.3107754 44
26367 21.28371305 -157.8143930333 10
26368 35.6523699833 -97.5156025167 23
26370 51.0190227167 -114.1617470833 1
26371 32.7726398833 -96.79057145 14
26372 33.6192195476 -117.7015710128 14
26373 36.0449721 -86.6651739 7
26374 27.8566039 -82.6387941667 7
26375 33.0867263667 -97.19407775 23
26376 38.8795690575 -77.1783744298 17
26377 -43.5352708063 172.6411277445 2
26378 38.9644759 -94.84231085 6
26380 35.9107047168 -79.071222124 8
26381 29.7826952101 -95.4606449604 38
26382 35.9188949167 -78.95949385 23
26383 35.7493976 -97.1176071167 1
26384 38.88330965 -94.7737411333 4
26385 35.4927960513 -97.5309669971 76
26386 43.7576586916 -79.3148980585 9
26387 30.2720815167 -97.76898805 8
26388 33.4680721556 -86.7798578739 5
26389 34.8321108833 -111.7665108167 7
26390 35.4349360167 -97.4009862667 8
26391 34.2682818 -119.2730552167 21
26392 -43.5342254265 172.6434403784 1
26393 37.4118808333 -79.13722915 9
26394 34.8450037197 -82.4023988843 18
26395 34.0214538333 -118.3974259333 9
26396 35.6601861667 -97.27378095 2
26397 32.7714331 -117.1574293833 7
26398 29.9546607667 -90.0645673167 10
26399 29.9546607667 -90.0645673167 5
26400 29.9546607667 -90.0645673167 8
26401 29.9549215333 -90.0644839667 20
26402 38.9575049 -94.6296211167 3
26403 29.9558379833 -90.0634561667 15
26404 29.9565218333 -90.0629403 6
26406 30.00908175 -97.8546843333 3
26407 38.8424796 -94.6556939167 1
26408 40.02236675 -105.2601449333 8
26411 34.2760078167 -119.2252554333 2
26412 35.4359882 -97.4006418833 22
26413 35.43553385 -97.3998667333 34
26414 47.17947115 -122.2998938667 6
26415 33.1960049 -117.2487847 13
26416 35.63851535 -97.4615113167 40
26417 35.6385604125 -97.4607360363 82
26418 40.16352705 -75.2343535833 3
26419 32.7780459833 -96.8038358833 15
26420 51.0161241 -114.1091861667 4
26421 51.0161565333 -114.1087810833 3
26422 51.0164680269 -114.1112995148 5
26423 32.7754043333 -96.80859885 56
26424 32.775357 -96.8085635167 83
26425 47.18067525 -122.2944063 6
26426 37.742816 -122.421277 45
26427 37.787731 -122.4336635167 10
26428 38.9080745551 -94.7675192356 150
26429 42.3531824025 -71.133899477 14
26430 33.38119195 -111.7232967167 3
26431 33.0209526432 -96.9844132662 19
26432 35.6540881897 -97.5484013557 218
26433 39.0290546 -95.7476152333 3
26434 39.02867305 -95.74816375 4
26435 39.0295566 -95.7449469833 1
26436 35.6807052167 -105.9252920333 3
26437 39.0300177167 -95.7446278833 4
26438 34.6018371582 -118.1520008486 7
26439 37.7658048333 -122.4353600667 9
26441 39.0434709667 -95.7263074167 5
26443 37.8001960647 -122.4123466013 19
26444 39.04937515 -95.7265480667 7
26445 33.6671956667 -118.0047762667 1
26446 29.9543694167 -90.0741811833 2
26447 40.6248622 -89.62118555 4
26448 29.9591171167 -90.07101835 19
26449 21.2623313833 -157.8210228667 9
26450 21.3118868167 -157.8621067 19
26451 29.9589376 -90.0607695 11
26453 35.5184038543 -97.5217401981 20
26454 34.1149909614 -118.1814701269 14
26455 45.5228300982 -122.6737904549 26
26456 47.61759295 -122.1851280833 3
26457 34.04360445 -118.4852566667 1
26458 21.2941052109 -157.8545424342 23
26460 29.95081045 -90.0681837 10
26462 35.8604812888 139.9691924398 2
26463 33.2620731833 -111.6204511167 1
26464 2.1947227167 102.2492927667 3
26465 52.2786612334 -1.5720319748 48
26471 51.5343429667 -0.90058465 14
26472 50.8380970171 -0.1255663012 11
26473 51.5108845 -0.8821338167 3
26474 51.4979521167 -0.8764102333 2
26475 51.4752853333 -0.8635183 13
26476 51.5080676833 -0.54225585 3
26479 51.5150813167 -0.3024085167 48
26480 51.55906295 0.0690419667 2
26481 51.5145323667 -0.3021928 7
26482 32.8405745167 -96.9932237333 11
26484 29.9665097167 -95.5804211833 8
26486 39.69454 -84.1918473667 1
26488 51.50534715 -0.2139730833 2
26490 51.5225305167 -0.2020086333 15
26491 37.5530002667 -77.48005725 2
26492 51.522963 -0.20218105 13
26493 51.5247720667 -0.20228155 2
26494 53.4034604 -2.9800959 9
26495 38.7367619522 -9.1389834881 54
26496 53.9502014908 -1.0511040688 4
26497 42.3455327249 -87.8961932659 9
26498 32.9611797 -97.1168811333 7
26499 35.9041053544 -78.9373073756 23
26500 41.8295693588 -87.9999947548 3
26501 40.0833215833 -74.9331740833 2
26503 30.2598595366 -97.7584022284 80
26504 32.9329807 -97.2171909333 17
26505 38.7558570099 -93.7377440929 15
26506 36.98625432 -86.453357935 48
26507 38.9069474726 -77.0431065559 33
26508 29.74967925 -95.3855588333 17
26509 32.7891318003 -96.7792415619 60
26511 29.7496886333 -95.3855386 18
26512 30.1727971667 -97.8006281 21
26513 41.8594360667 -88.05780655 5
26514 32.4101842 -96.8417243333 3
26517 35.6914528667 -105.9460427 3
26518 35.6388132752 -97.4588048458 91
26520 35.7781314806 -78.6386719756 7
26521 38.9033388091 -77.0654337346 27
26522 37.7870512014 -122.4012672901 61
26523 36.0615944097 -94.163162448 13
26524 40.7309352833 -74.0073360333 8
26525 36.0618838667 -94.16020985 19
26526 38.9553580136 -92.3810205224 15
26527 39.039746374 -94.5730361938 25
26528 37.2507729333 -121.8657459833 56
26529 37.2081309667 -93.29228905 40
26530 30.2288681833 -97.7452663667 69
26531 32.8828077667 -97.0973095167 1
26532 35.6800841 -105.9377188 1
26533 59.3089335144 18.0819833279 14
26534 28.6016879582 -81.3623535633 16
26537 29.7871869682 -95.5313766495 69
26538 38.8801009224 -77.1756505966 6
26539 33.1376251269 -117.1891341384 143
26540 35.6874683114 -105.9422155772 1
26541 35.5196526415 -97.5658607854 40
26542 33.9825592119 -80.9668655414 14
26543 35.6875625833 -105.9409255333 6
26545 33.7827499933 -84.393260479 135
26546 51.8717023167 0.1564313833 5
26547 29.7953117999 -95.4764914513 3
26548 51.5150416167 -0.0870475167 4
26549 30.2942672167 -97.8240856833 2
26550 35.2044443633 -97.4451041222 19
26551 30.1752083 -81.6282936 6
26552 33.9937830667 -81.0559280167 13
26553 33.993935549 -81.0559809208 25
26554 30.315077 -97.85537395 1
26555 25.7516452 -80.25587845 10
26556 31.3281914667 -94.75330205 11
26557 37.531507 -77.4246454167 14
26558 31.3252896333 -94.7547710333 63
26559 30.30568875 -97.93449445 6
26561 31.3244884833 -94.75651535 20
26562 37.1570032214 -93.229213357 4
26563 35.6240784167 -97.48399815 9
26564 31.3229969667 -94.7554597667 9
26565 39.7323994 -105.0048458667 32
26566 30.3055969167 -97.9424077667 65
26567 32.938854583 -97.1824729443 11
26569 47.7558477333 -122.154842 8
26570 32.7329757 -97.4425338167 6
26572 30.30812275 -97.9368268 12
26573 33.6502873167 -86.8176957 23
26575 52.1346800213 -1.4322352409 1
26576 30.3160206 -97.8724294 12
26577 51.0237824667 -114.1121309 1
26578 30.3098984833 -97.8456370667 17
26579 39.9733849033 -75.1411053669 3
26580 33.6476190667 -86.82389905 18
26581 51.4933052 -0.1213686333 4
26582 21.2790632167 -157.8134860167 23
26583 33.7663561 -117.9721200833 15
26584 51.4957766 -0.1208072 2
26585 41.8656081667 -88.10819125 2
26587 37.9317336833 -107.8336335833 2
26588 51.5105777833 -0.1377567167 13
26589 37.1371440667 -93.26706465 70
26590 59.316845548 18.0718445778 376
26591 35.2093184099 -97.4444711208 58
26593 29.7412494686 -95.4574155807 42
26594 29.9425891455 -90.0673663616 32
26595 31.3283098333 -94.7328916167 17
26596 31.3304899833 -94.7310725667 8
26597 29.7944459151 -95.4855144024 1
26598 35.5290678 -97.5759382333 42
26599 31.3145192167 -94.7274020833 28
26600 32.94040175 -97.1151083 17
26601 31.3118311333 -94.7254796667 12
26602 31.3124956667 -94.7237694 12
26603 31.3125394 -94.7222646667 6
26604 38.9081476833 -77.04387905 7
26605 31.3151057333 -94.7229786333 5
26606 41.8590025 -88.0675882833 2
26607 37.7903058167 -122.4058680167 29
26608 31.32500375 -94.72404865 4
26609 29.7829745614 -95.5568289757 17
26610 31.3317618667 -94.7252130167 2
26611 37.9369372833 -107.81208465 6
26612 43.7232711167 -79.2905863167 1
26614 47.6151126167 -122.1958363833 5
26615 33.8599921 -118.15077425 2
26616 29.75899407 -95.3630983829 140
26618 40.703005 -73.986745 28
26619 29.7833634009 -95.4847171028 8
26620 51.4903292245 -0.2133488174 32
26622 32.74398995 -97.34105425 169
26623 39.7404511167 -105.1363509833 1
26624 35.5265589667 -97.5735753833 10
26625 47.5982773 -122.3263237667 13
26626 33.18123375 -117.2931340167 1
26627 37.5528782333 -77.4789445833 5
26628 32.87149895 -117.2102409167 2
26629 47.6107912491 -122.332671964 10
26630 32.87045255 -117.2105349833 2
26631 47.5971278333 -122.3277592 39
26632 50.94094375 -114.0951867333 3
26633 47.5448616942 -122.0570116569 4
26634 51.5114000566 -0.1368248463 18
26635 30.2803977365 -97.7592229843 53
26636 37.3194561333 -122.0330762 14
26637 33.1337051392 -117.1916046143 2
26638 37.7926752157 -122.4045236146 15
26639 34.4992711386 -79.3083500862 71
26640 42.3424735671 -71.1216402775 8
26641 51.5837599837 0.0253575677 1
26642 59.3357940875 18.0666518211 79
26643 32.8471948833 -79.8269317 4
26644 32.84621765 -79.8236876 5
26645 37.7855207387 -122.3969757557 41
26646 29.9839699528 -90.2578353882 608
26647 41.95247895 -87.88387055 4
26648 42.312330489 -87.9091644287 1
26649 50.11903305 -122.9564315167 9
26650 30.27628305 -97.76567865 148
26651 42.6607751833 -71.3159253833 1
26652 37.3942440333 -122.0774631667 28
26654 47.2538518833 -122.4531025167 3
26656 37.1784685333 -93.2625255833 29
26657 33.6495441333 -117.8322316167 5
26658 40.3261151983 -111.6799436531 8
26659 47.2537964 -122.4518060833 1
26660 33.6646722333 -117.9801663 1
26661 47.2531003833 -122.45214085 2
26662 34.0540461081 -80.9469223022 8
26663 -27.52332165 153.1904472833 49
26665 37.76500815 -122.4661090667 6
26667 40.17142695 -74.8339653667 1
26668 40.29693775 -111.6904271333 1
26669 33.8746846771 -84.487054646 181
26670 39.750365805 -104.999191761 35
26671 34.0852292333 -81.16204845 5
26672 32.450412356 -99.7345304489 61
26673 33.4789204799 -81.9707764602 2
26674 37.6485721833 -77.5841037667 25
26675 32.6870465643 -17.0884287357 1
26676 29.7116687 -95.3560044167 5
26677 40.6161878833 -89.46441645 5
26678 33.4791268307 -81.9730382833 1
26679 47.6209093833 -122.1311093833 9
26680 47.6194328401 -122.1321459221 2
26681 38.8860316 -77.15664285 76
26682 35.9344875329 -79.0280914307 34
26683 34.0180702517 -80.9659337997 6
26685 34.0555937 -84.2288566167 4
26687 33.51440775 -117.75741405 33
26688 30.1743218333 -97.8225495667 16
26689 38.3721454167 -85.44366705 2
26690 35.866708473 -78.542804718 40
26691 35.5244713667 -97.5409299667 87
26692 37.9366963833 -107.8451081333 2
26693 37.7885928167 -122.4204045 19
26694 47.6192937907 -122.1319565244 7
26695 34.7476181333 -92.2674574333 100
26696 40.2789025167 -111.710302 13
26697 47.61716956 -122.3368935062 3
26698 47.6192937907 -122.1319565244 13
26700 47.61716956 -122.3368935062 4
26701 39.02222985 -94.7281796833 3
26702 25.706854743 -80.2854487334 39
26703 47.63109325 -122.1330403667 21
26704 30.4571640312 -97.7650487423 50
26705 35.12988075 -89.9076972167 3
26706 37.3922845333 -122.07984415 30
26707 30.5582907046 -97.8452848128 23
26708 38.5994426 -90.2428207 9
26709 37.7866139403 -122.3995528653 36
26710 40.7342402706 -74.0028755987 15
26711 41.174060593 -85.1448399999 6
26712 35.6537569155 -97.464877367 11
26714 33.0765740538 -96.8216617894 59
26715 40.5694529378 -89.646935463 4
26716 29.5580272333 -95.11974465 10
26717 40.0908004819 -75.1254574852 7
26718 30.25390595 -81.5322476333 80
26719 35.7738320991 -78.7601494789 23
26720 38.9715347045 -95.282775942 16
26721 37.9373532167 -107.8128174833 1
26722 40.5427492 -89.6004063167 2
26723 40.54172505 -89.6000473833 3
26724 40.5415696833 -89.5999514 2
26725 40.5414794833 -89.5999009 5
26726 35.57975835 -97.5553111833 15
26727 37.9378491167 -107.8121196667 2
26729 35.5469693597 -97.5661146641 202
26730 39.0378092333 -95.7644799833 10
26731 37.7487340333 -122.1454910833 51
26732 37.7873273152 -122.3976098645 10
26733 38.59937975 -90.2423696 4
26734 48.15225245 -122.1805017667 2
26735 33.4065967 -111.7715215667 2
26736 34.0671263667 -118.2571741167 1
26737 32.85158635 -96.83033765 4
26738 39.0270163667 -95.76152385 2
26739 39.0270487667 -95.76045675 3
26740 39.2824202395 -76.6004885546 8
26741 37.7241264833 -122.15833335 1
26742 37.7243816833 -122.1579563667 1
26743 37.4435043335 -122.1609573364 21
26744 47.6149357167 -122.3285617 39
26745 43.2021281333 -77.5383928833 7
26746 51.0238047667 -114.1077206333 1
26747 35.95186755 -78.5342015333 43
26748 51.0238612167 -114.10741635 3
26749 35.4651877773 -97.5076746941 189
26750 39.1255958719 -94.8229513974 4
26751 35.4634313607 -97.5149703026 285
26752 38.2481963167 -85.6827150833 4
26753 35.4654062344 -97.5146484375 130
26754 38.5962906667 -90.3064003 4
26755 37.7705763083 -122.4033411627 3
26756 35.2024376333 -106.5689706667 9
26757 37.3315984833 -122.0334809667 27
26758 33.2003136 -117.2468927 13
26759 37.25601755 -121.9679819167 10
26763 39.0305209667 -95.7561098167 9
26764 33.9433338 -84.3731654 13
26765 39.03042495 -95.7566151833 4
26766 39.0317923333 -95.7563451 4
26767 29.780325408 -95.5148208591 102
26768 37.4160750159 -122.0784029035 35
26769 42.5199232565 -70.8966685587 6
26771 35.4164802167 -106.40215075 3
26772 35.9433477922 -78.5498321056 42
26773 42.9506551833 -85.6142275833 2
26775 34.0233292408 -118.4037458897 8
26776 38.6554493 -90.3019896167 2
26777 34.1170449833 -118.2624681833 17
26778 30.4191978833 -84.2362521 2
26779 49.0509870163 -122.3246526718 6
26780 33.21362005 -97.1300748 122
26781 30.47847825 -97.7662403667 12
26782 35.1363253667 -89.9635699833 37
26783 47.2647654667 -122.4482821333 2
26784 30.267944678 -97.7432262897 51
26785 47.2643163833 -122.44836325 12
26786 33.4656735431 -117.7118968964 3
26787 40.2500859209 -111.6434633732 24
26788 37.7875641404 -122.3990953318 144
26789 40.0287317282 -105.2263319492 10
26790 47.2599149167 -122.4554889167 7
26791 30.2702139 -97.7499479167 66
26792 47.6633062744 -122.2980609506 12
26793 33.6504769667 -117.7446287167 58
26794 51.0391474757 -114.0889084339 2
26795 40.7615652171 -73.5282366139 1
26796 -33.8607674746 151.2089967728 15
26798 47.6149231727 -122.3197729287 79
26799 -33.8629680091 151.207215786 6
26800 37.7519909949 -122.4209466577 102
26801 21.3789168833 -157.9304602667 2
26802 33.3044652667 -111.9837519833 2
26804 33.3068221833 -111.98991955 8
26805 30.467050012 -97.7892959118 115
26806 49.3039948 -122.9573275333 2
26807 35.9805538 -78.5123372667 15
26808 47.6084886034 -122.3392117023 72
26809 49.3164455 -122.9534594 2
26810 53.0129511 -112.8244341833 1
26811 49.3268509 -122.9500955333 4
26812 49.32687715 -122.949029 8
26814 34.0735926193 -118.4678133851 11
26815 49.3267767833 -122.9502081333 2
26816 33.5329639167 -117.7766166333 2
26817 34.0037527246 -118.3934528215 4
26819 35.84761315 -86.4256893833 2
26820 37.7822369638 -122.4072367386 23
26821 49.3173202 -123.02077525 49
26822 49.2812318 -123.0361074667 13
26824 33.8506970618 -84.315361906 7
26825 -36.8440966167 174.76705235 7
26828 51.6905028421 5.2938222885 128
26829 33.8494042167 -118.1644840333 1
26830 51.5801971167 -0.23890045 8
26831 51.4763907 -0.1741927 4
26832 51.7534895745 -1.2631058693 3
26834 51.5214380253 -0.1088425652 1
26836 55.8830217 12.5256717 2
26837 32.71480955 -117.1682148167 1
26838 51.856609332 0.1613616943 55
26839 35.8616378609 139.8656553388 1
26840 51.8707084333 0.1705374667 3
26841 51.8929386833 -1.1557454667 30
26842 53.4431695826 -2.2466359585 7
26843 52.3617841922 4.916166604 8
26844 40.7609595709 -111.8725991249 11
26845 41.6918598667 -83.6360006 59
26846 52.38167275 4.6318619667 2
26847 35.6412023529 139.7378540039 1
26851 52.312029511 4.8706827646 2
26852 35.6431191167 139.7402905667 2
26853 48.8538131508 2.3403727727 2
26855 33.77726545 -117.8652244833 2
26856 50.6361183761 3.0640482903 122
26857 32.6792084048 -17.0883214474 1
26858 51.49410975 -0.2357407 29
26859 51.4907324667 -0.2057508167 29
26860 52.065574 4.34645575 56
26861 50.3600826727 -4.7432398796 19
26862 51.4859338 -0.1238827833 10
26863 50.359843112 -4.7418397665 3
26864 41.5338536681 -93.6479470594 93
26865 59.3340540211 18.0572962761 9
26866 52.3766160462 4.9223577319 2
26867 50.3605241458 -4.7417056561 7
26868 50.8282968485 -0.1389598846 264
26869 50.8303249167 -0.13794705 28
26870 50.6369842652 3.064262867 10
26871 50.8306377833 -0.1369502 5
26872 50.6371323634 3.0649135894 7
26873 50.8310481611 -0.1331233978 26
26874 50.8330289667 -0.12870075 3
26875 50.8370974291 -0.1254817843 8
26876 53.4796194327 -2.2390819929 6
26877 52.279406 -1.5729416667 9
26878 51.50425155 -0.2200754833 5
26879 52.0276834333 4.3549476167 5
26880 35.8755937108 -78.7916064262 695
26882 42.6042417794 -87.8822886944 17
26883 50.360806481 -4.7436100245 4
26884 52.3878261 6.26310985 8
26885 42.5679843388 -87.950502634 16
26886 51.5131207831 -0.1163819132 3
26887 50.3612530807 -4.7429716587 4
26888 59.912363036 10.7401857063 24
26889 41.1718061238 -85.1452096874 9
26890 59.912363036 10.7401857063 84
26891 40.7256268834 -74.0070882861 13
26892 51.6698902833 -1.29851745 3
26893 59.9288428381 10.7157555213 32
26894 37.5304890034 -77.4168954132 4
26895 53.5836653455 10.0073754787 88
26896 38.9126936401 -77.0122155645 56
26897 50.362615098 -4.7452354431 8
26898 40.7256407644 -73.9800238609 2
26899 59.9130039645 10.7412176761 4
26900 40.7339027603 -73.9930215518 1
26901 59.9111930167 10.7419472 82
26904 35.0720804124 -89.948233366 15
26905 35.6532536 -97.4664313167 63
26906 39.9493702977 -75.1199406068 18
26907 41.8370596716 -71.4082360268 14
26908 35.9119886333 -78.9371146667 5
26909 48.0641686333 -122.1512527 2
26910 30.2525429523 -97.7470135689 613
26911 59.8942334567 10.6274058294 74
26912 35.4686544466 -97.5171483536 65
26913 32.8675528 -17.1705636167 1
26914 38.0081128833 23.8674094167 5
26915 35.8377158494 -78.6760568619 207
26916 36.9922702667 -86.4448372 3
26917 50.3615970108 -4.7448062897 3
26918 26.4019557333 -81.8068914 21
26919 30.4076913248 -97.7133786678 701
26920 30.40539875 -97.8515381833 61
26921 35.9780928667 -78.5098799 42
26922 33.4756177307 -81.9664594531 2
26924 51.51062705 -0.3038414167 2
26926 50.3616295215 -4.7453829646 4
26927 50.3617433087 -4.7454701364 4
26929 33.4727495667 -81.95900685 2
26930 59.9105183833 10.72899755 134
26931 59.9098249833 10.7245106833 11
26932 30.4156111167 -91.0622073 4
26934 33.4769210729 -81.9711227258 18
26935 38.8483165333 -77.1002398 1
26936 59.9103170833 10.7262484 12
26937 32.4752112635 -99.7337311506 11
26938 30.2653929496 -97.7312341332 73
26939 50.3598183003 -4.7451107204 2
26940 32.8547808 -17.1537125667 1
26941 59.9106238333 10.7271619833 63
26943 32.7875902121 -96.7992067337 18
26944 34.0041778041 -81.0272866488 20
26945 59.9110548667 10.7300250167 23
26946 42.3574366149 -71.0584700484 3
26947 39.0340853808 -94.5831511112 5
26948 59.9116375625 10.7304561138 29
26950 51.8594593 0.1644780833 6
26951 29.7107875833 -98.1336066833 1
26952 59.9112904 10.7323551167 5
26953 42.1596967452 -71.4999632245 6
26954 51.8630834333 0.1636013 8
26955 51.8646239667 0.1620812 6
26956 33.6135381796 -117.6794421673 17
26957 53.5587383352 9.9828015103 3
26958 51.8677813333 0.16076515 4
26960 34.16470985 -119.1817500833 5
26961 52.3672469667 4.8807719667 2
26962 59.9137932333 10.7331179833 11
26963 37.5462058192 -77.4567505094 2
26964 59.9137932333 10.7331179833 51
26965 53.4726392196 -2.226319313 6
26966 30.4026933 -97.8549332333 21
26967 30.4018891333 -97.8552571 27
26969 30.38957375 -97.8908097167 3
26970 47.6149189833 -122.3544175167 2
26971 37.7724023991 -122.4463927746 122
26972 51.8769477 0.1610068667 8
26973 59.327497876 18.0676388741 169
26974 59.9170481351 10.7277095318 66
26975 38.958732681 -77.3554850228 21
26976 41.89846315 -87.6438667167 53
26977 59.9182907833 10.7290382333 29
26979 31.3352309667 -94.7445884833 82
26980 32.7103332667 -96.2790754833 3
26981 51.8717697833 0.1630801167 3
26982 32.9685424 -97.0362451833 6
26983 32.96862455 -97.0362209833 3
26984 32.9688130667 -97.0362184833 1
26985 33.5176763202 -86.6567230225 104
26986 32.9695485833 -97.0361884167 5
26987 32.9697131167 -97.0361693333 5
26988 42.9843069667 -82.51726835 103
26989 52.3812579333 6.2624129833 7
26991 51.93367415 4.48686735 3
26992 59.9218329833 10.7211876833 10
26993 34.8517474581 -82.3984436063 13
26994 42.9860664167 -82.53543645 3
26995 37.2078963 -93.2972023 97
26996 55.6724299439 12.5652694702 359
26997 35.9264168834 -79.0329301357 1
26998 59.9220452833 10.7218156667 2
26999 55.6515438167 12.5262661 4
27000 50.6368804954 3.0703783035 24
27001 35.903974 -78.93613975 34
27002 32.9461732517 -97.0779887731 6
27003 33.9989818167 -81.0414371833 5
27005 50.6313684611 3.061119318 7
27006 55.6460878319 12.5274808558 1
27007 38.8045003699 -77.0638132095 27
27009 35.5581219833 -97.6334438833 13
27010 50.629238329 3.036314249 60
27011 50.6290718167 3.0583553833 2
27012 40.6551585188 -111.9044852257 1
27013 50.6287027333 3.03600265 10
27014 32.9715388167 -97.0361261333 4
27015 33.6514598167 -86.8215006333 18
27016 32.9716302667 -97.0353998667 3
27017 32.97203025 -97.0345963167 3
27018 32.9720852167 -97.0342293667 4
27019 35.7758420705 -78.6390980289 9
27021 34.0320298833 -81.1234300667 5
27022 32.9732498 -97.0354724667 4
27024 32.9732618994 -97.0377516747 4
27025 32.9732151667 -97.0361941167 2
27027 43.2174171333 -77.4297104667 2
27028 32.9751856833 -97.0372003167 3
27030 32.9743645 -97.0372845333 8
27031 39.7479942532 -104.999256134 13
27033 32.9742143333 -97.03733485 5
27034 38.8047855667 -77.06139125 10
27036 32.9732397 -97.0373778 6
27037 33.1050915 -96.8069381 48
27038 49.1966318885 -123.1464278698 3
27039 40.7075541667 -111.8928509 5
27040 33.5131922667 -86.8058579667 11
27041 49.19545975 -123.1260765 12
27042 42.5297176833 -83.7809443333 6
27043 35.6510764833 -97.4613108333 79
27044 37.3904210671 -122.0810700739 22
27045 50.4682608618 -4.7064721584 1
27046 1.3455367755 103.9468228944 1
27047 35.1361227 -90.0044584 1
27048 47.6139126333 -122.3496473 23
27049 30.0693891167 -95.2164520167 18
27050 50.9353475 6.9577554 6
27051 25.8045653073 -80.1893916839 3
27052 32.6591312721 -16.9506812096 7
27053 32.7093254105 -97.0111546733 3
27054 42.5296102 -83.7816128667 6
27055 33.88742 -84.472933 21
27057 31.3367564833 -94.7426277 25
27058 29.7469551623 -95.449518688 8
27059 59.8607423833 10.49879885 2
27060 32.4764422049 -99.7339081764 6
27062 31.34186255 -94.7269784 4
27063 38.9645977325 -94.6696293354 10
27064 31.343138 -94.7258623833 10
27065 29.7323806484 -95.4346382618 10
27066 31.3433363 -94.7262032667 4
27067 29.7409793166 -95.4438436031 109
27068 51.86422785 0.1356833833 64
27069 32.9554302333 -96.8180697833 15
27070 40.8148574544 -96.7090684936 7
27071 38.62821215 -90.1926565 4
27072 31.3435593667 -94.7259424833 4
27073 33.9217917333 -84.3795853167 4
27074 38.6284265896 -90.1918002398 7
27075 29.7420944946 -95.4456910746 2
27077 38.98481835 -94.6701917167 10
27078 33.6316515311 -117.8343983289 17
27079 51.7008594333 -8.5180793667 1
27080 50.6255971449 3.0413675308 5
27081 32.70010165 -96.2765096167 2
27082 31.3387166833 -94.7272316667 5
27083 31.3388609 -94.7275182 5
27084 38.7576892644 -93.7427008152 5
27085 29.7411656284 -95.4605913162 43
27086 35.9813072 -78.5114464 10
27087 31.3369873333 -94.7272275167 2
27088 37.3639128 -79.1789186 12
