900 218 682 5 23.59888888888889 163 511
28016 51.8485556333 5.8608344167 1
28017 52.36897895 4.8842037667 19
28020 1.3340102167 103.96141815 4
28021 51.4263413065 -0.2024245026 2
28022 59.9117024167 10.7421515 93
28023 47.3663565626 8.5450348181 31
28024 48.20824905 16.3302496333 15
28025 53.5438948 -2.2244362333 1
28026 51.5436663 -0.4737686 1
28027 52.9849639333 -1.890994 16
28028 42.5883244333 -87.8832872167 6
28029 51.5353934667 -0.9000660333 1
28030 34.0011937574 -84.5103120804 42
28031 40.6997066969 -73.8085234165 124
28032 51.5374009833 -0.9008223833 7
28034 39.6358505535 2.6320114732 6
28037 3.1150344333 101.5906855 7
28040 52.9867309333 -1.8964039167 10
28041 52.4514849785 -1.7217206955 6
28042 42.5965799333 -71.3520631167 5
28044 35.7778438 -78.6373060167 3
28045 53.1473044163 8.1796216965 165
28046 51.5151741 -0.1994533333 2
28048 51.5148488833 -0.19926305 1
28050 42.3422866333 -87.8966674167 1
28052 51.5145674333 -0.1988387 1
28053 52.40314285 -1.5573274167 14
28054 51.51461455 -0.1988927167 1
28055 51.5148332 -0.1962150667 2
28058 51.5152930333 -0.1948736833 4
28059 51.7522608535 -1.2567436695 7
28060 51.5153027051 -0.1938486099 4
28061 52.9887086833 -1.8942012833 13
28062 35.57968015 -97.5668206 10
28063 50.4661489576 -4.7167691588 1
28064 35.6871269167 -105.9420613667 1
28065 35.9563714386 -78.9560928941 9
28066 41.8822174072 -84.0409545898 1
28067 32.89837015 -97.1856327167 5
28068 35.9805919 -78.5361768 2
28069 52.3728033234 4.8849327519 64
28070 51.5131790363 -0.1343683198 11
28071 33.0419122667 -97.0224144667 1
28072 40.77647965 -74.0098814 15
28076 59.9144893607 10.7414340612 27
28077 33.9939104223 -81.0302915395 3
28078 42.6074399528 -87.8835225105 9
28079 42.341464688 -71.0834419727 19
28080 30.2555039409 -97.7629941702 8
28081 29.76954065 -95.3964421 30
28083 42.3554757071 -71.0604608059 48
28085 51.7542864833 -1.2087393333 8
28086 38.8826497667 -77.1747871333 25
28087 51.4819708718 -0.1590228081 2
28088 53.4828031667 -2.2344961833 7
28089 40.7516855977 -73.9873701188 10
28091 53.482622359 -2.2363132238 7
28092 51.48220675 -0.1665571667 7
28093 34.8259755 -82.3011435833 37
28094 30.1655362911 -97.7880084515 98
28095 29.790451575 -95.7201862335 28
28096 53.4780796354 -2.2447139025 13
28097 29.7921083936 -95.7197047614 2
28098 52.5289183833 13.3806483833 4
28099 50.9008388667 -1.3945947667 2
28100 53.4748382333 -2.2414027667 7
28101 52.9856300667 -1.8820122 11
28102 33.6710149008 -117.9562246799 43
28103 48.9942065717 8.4007751942 10
28104 59.9123797981 10.7256362431 7
28105 37.7984177512 -122.4305585388 48
28106 32.9400824031 -96.7286895978 4
28107 51.5123503333 -0.3028762667 1
28108 35.5251892667 -97.5483711833 65
28109 33.423937 -86.7022216 10
28110 35.5278431428 -97.4712181091 23
28111 40.7418382703 -74.0034257382 54
28112 48.9957558904 8.3995130161 4
28113 32.3414116667 -86.1715658333 6
28114 40.1996514 -85.3742054 1
28115 35.9869310094 -78.492808342 1
28116 33.9886625 -84.4213766833 1
28118 40.7608539269 -111.8814611435 12
28119 33.4166356588 -111.9271665378 18
28120 33.96552215 -84.41119505 8
28121 39.3363401167 -76.6295811833 7
28122 40.7581892167 -111.8845798167 7
28123 29.8891887487 -97.9465923254 6
28124 52.07892715 4.3188934667 8
28125 40.7458426539 -73.9882743359 145
28126 33.9895056024 -81.0293090343 37
28127 38.61516945 -90.22101505 2
28128 35.8233123167 -78.59048265 8
28129 40.7596511994 -111.8841004372 24
28130 52.34663755 4.9174067667 136
28131 28.5422751008 -81.2203595043 90
28132 59.9208838028 10.6769741935 12
28133 37.3225825303 -122.032175909 60
28134 33.96600835 -84.4143521167 2
28135 34.8480964751 -82.3998212814 16
28136 40.4259359538 -3.692291379 6
28137 34.00122535 -118.4826519 13
28138 53.3261265492 -6.2255475672 4
28139 41.9107668667 -87.6608717833 10
28140 41.4991764152 -81.4929556847 12
28143 40.2190171656 -85.37694627 5
28144 35.77752855 -78.6383385833 3
28145 42.2939857443 -71.0471771144 1
28146 33.6926258833 -117.8801532833 15
28147 35.61200537 -97.5753843784 82
28149 37.4786911 -122.18618245 12
28150 50.6309306667 3.0708185833 1
28151 33.3902340833 -111.6164821167 2
28152 37.7898580167 -122.43416405 29
28153 35.8884360073 -78.6794537005 3
28154 50.6297546 3.06877955 2
28155 35.7894348667 -78.63981745 4
28156 51.8727336167 0.1581536667 5
28157 34.0005222213 -81.0417813063 42
28158 30.3481754333 -97.9778841333 8
28159 38.8543516391 -77.0494561615 21
28160 35.6525898833 -97.48745545 30
28161 35.8659607461 -78.5758924484 57
28162 50.62815795 3.06897105 4
28163 30.3405335 -97.9699834333 6
28164 35.9799977 -78.5412357833 11
28166 41.3782773038 -83.6389951551 14
28167 50.6292322167 3.0751582833 3
28168 32.8825027667 -96.9633387667 38
28169 45.5001648 -122.6538348833 9
28170 32.8777590833 -97.0982033833 8
28171 50.6179871807 3.0721378326 6
28173 36.9834623 -86.4564469667 3
28174 30.3872876833 -97.9119237833 5
28175 49.3553058 6.1266267333 1
28176 40.7251726833 -111.86843795 7
28177 40.0175662138 -105.2782729268 14
28178 41.6007782 -93.7380754333 4
28179 30.1840028922 -97.8501284122 7
28180 29.7577202 -95.4577688 8
28181 42.2938975113 -71.0462236404 8
28183 35.8478447833 -78.6014658167 5
28184 35.6536972906 -97.4886084968 8
28185 53.2145332024 6.5572178364 10
28186 30.2688620331 -97.7453398705 7
28187 48.2035683702 16.3583528996 109
28188 30.2927936314 -97.7324008942 14
28190 27.970229455 -82.4136802554 6
28191 55.8598513997 -4.2578458786 60
28192 25.8400257514 -80.184341198 4
28193 30.2819820525 -97.7404367924 349
28194 51.4003313833 0.0449607167 4
28195 39.0420372167 -94.5709483833 4
28196 53.6592701667 -1.80070115 1
28197 32.9454850533 -97.1303055494 35
28198 37.4467342167 -122.1636418167 56
28199 38.880040869 -77.1762941154 34
28201 51.5136747463 -0.1256508091 8
28202 33.9961795167 -81.0577876333 1
28203 51.90765725 4.4498266833 1
28204 40.7448675534 -73.983397425 4
28205 35.524765634 -97.5764078239 22
28206 51.54461415 -0.0975866333 3
28207 24.5583359565 -81.8069136143 7
28209 25.7511787667 -80.2589956833 2
28210 33.0944936833 -96.81452145 34
28211 49.15096845 6.1876578333 3
28212 39.0225731667 -94.6145167167 1
28213 40.7268928908 -74.0361356735 1
28214 35.9742663167 -78.9241804333 15
28215 24.5608964167 -81.8048646 4
28216 -32.99483955 -71.5481990833 1
28218 42.4768449231 -83.1568050385 30
28219 38.6254904 -90.18890035 17
28220 35.7881542833 -78.6390470167 1
28221 40.8158020875 -96.7099477367 58
28222 32.9352521667 -97.0785708167 2
28223 41.0340013333 -73.7706959333 4
28226 52.9014205937 -1.2807464619 7
28227 50.1065840626 8.6623978615 753
28228 30.2924994167 -97.73571675 193
28230 50.8989827159 -1.4037996465 1
28231 42.2926431333 -71.0474529167 4
28232 35.6533596 -97.4634232 16
28234 51.5304873333 -0.1171283167 5
28235 34.0443269833 -118.467393 19
28236 32.7997019167 -97.2658092833 11
28237 29.6463734 -95.67996095 4
28238 32.3913135833 -88.6838712167 24
28239 41.0174809 -73.6233575 3
28241 32.4638378833 -99.7301512167 9
28243 38.9817617667 -94.66942205 6
28244 25.8259337167 -80.1873528667 47
28245 43.6711463333 -79.3868715833 16
28246 39.4808438833 -86.0511819333 1
28247 38.9841655833 -94.6693847333 8
28248 41.02023595 -73.6224279333 1
28249 34.23591895 -84.4897848667 14
28250 33.4256223833 -86.7015780167 8
28251 39.4824326667 -86.0431465333 1
28252 44.8742483495 -93.3203816414 8
28253 33.1368568333 -117.1251068667 17
28254 40.7622496324 -111.8908971548 25
28255 55.54462945 -4.6721129 1
28256 53.4824300667 -2.2438880833 13
28257 41.0339570833 -73.59775805 2
28258 41.8923105942 -87.6269638538 35
28259 30.3910298069 -97.7483814955 103
28261 43.67174955 -79.3887745333 2
28262 53.4803335 -2.251945138 2
28263 52.2791732167 -1.5758320167 20
28264 40.7404167932 -73.994320035 4
28265 31.32294405 -94.7537980167 19
28266 41.0474399 -73.5669818167 7
28267 43.6694315008 -79.3943738937 42
28268 35.5135529 -97.5932213833 4
28269 53.4770771699 -2.2545093298 28
28271 43.0612885833 -89.48598145 2
28272 40.7146756942 -73.9426718036 8
28273 53.477319807 -2.2579693794 4
28274 53.4782456465 -2.2594606876 3
28275 37.3213936833 -122.0341179 6
28276 33.3203172167 -111.98276745 3
28277 28.4050851304 -81.5800094604 122
28279 43.06015275 -89.4902898833 10
28280 39.9074987667 -86.2560456 5
28281 53.4805761186 -2.2558665276 2
28282 40.6960760333 -111.9367541 7
28283 30.2682597302 -97.7429580688 239
28284 34.0007160167 -118.4860023833 18
28288 33.8942059146 -84.4555413723 2
28289 43.7841614167 -79.2908289667 2
28291 37.7969563333 -122.43521565 46
28293 45.5425096337 -122.9591667652 53
28294 41.8920918829 -87.6267642657 11
28296 53.4852111427 -2.2445422411 8
28297 25.7511438254 -80.2545237812 97
28298 38.2497154667 -122.04579095 1
28299 61.2175408167 -149.8965835667 29
28300 29.9811687333 -95.51073055 9
28301 28.3760241544 -81.54941082 450
28302 51.5126353194 -0.1391422749 48
28304 39.9123639167 -86.2127331333 6
28305 42.5200364416 -70.8933442984 25
28306 39.9123773833 -86.2126005 2
28307 42.3724718673 -71.0565555096 90
28308 33.6738495 -117.9528508 3
28309 30.2417269399 -81.5276741982 3
28310 37.3846871333 -122.1966539667 13
28311 33.4539301242 -88.8417363167 10
28312 29.7369535677 -95.3910879119 2
28313 38.8332801167 -104.82376025 12
28314 39.3446334875 -76.6310662884 11
28315 37.37002 -122.04179535 21
28316 30.2715306537 -97.7573776245 51
28317 40.6936181 -73.2952487 3
28319 39.8328119925 -86.1781740189 1
28320 40.6961765667 -111.9371784 6
28321 40.7985467431 -81.3724264058 3
28322 32.9640447171 -97.0338892937 15
28323 35.5234074267 -97.4750375748 42
28325 35.5230930753 -97.4723124504 124
28326 33.1399383545 -117.1923217773 12
28327 47.6099099287 -122.3393189907 9
28328 50.6337747167 3.0632473833 9
28329 51.5075573348 -0.21038007 3
28330 40.7544938333 -111.9000403833 2
28331 41.9392622723 -87.7121829987 8
28332 49.2740768923 -123.0697917938 26
28333 33.6154481667 -117.8773072667 8
28334 49.2740809333 -123.0695131667 1
28335 41.7765131 -88.0968131 20
28336 28.3738034323 -81.5496656299 28
28338 40.7985727 -81.3725951 12
28339 49.2720118679 -123.0693626404 6
28340 49.2724511303 -123.0697435141 1
28341 26.080143912 -80.2332508564 12
28342 34.0205300167 -118.4524359667 9
28343 37.7944979187 -122.4040257101 5
28345 33.9727376667 -118.4236553333 30
28346 40.0738450438 -83.138138624 6
28347 44.2634071869 -88.4070364105 15
28348 53.4852206 -2.2332982 10
28349 51.5231431136 -0.1079237278 3
28352 35.8431082014 -78.6823439598 43
28353 37.7758196 -122.4090319833 2
28354 33.9993247 -118.4810741 70
28355 47.5992046333 -122.3017093333 5
28356 33.4628183213 -86.7770817573 16
28357 44.26877025 -88.3836167833 1
28358 29.7708323854 -95.4579173568 5
28359 30.3562864253 -97.9600346088 3
28360 35.5214315833 -97.4638378 4
28361 51.5156859498 -0.1387245022 2
28362 39.9557495879 -75.169549517 13
28364 39.7435767623 -104.9898040295 2
28365 40.4268670333 -3.6939042 4
28366 29.96711165 -95.5625292833 67
28367 37.5648524333 -122.3228141 6
28368 39.2862994833 -76.5844294667 7
28370 39.28223975 -76.5807366333 11
28371 33.4820723667 -82.0961408 3
28372 39.9531830675 -75.1718151569 5
28373 35.90308715 -78.65760175 15
28374 37.5138593512 -122.2025710454 29
28375 39.9531254967 -75.1703989506 7
28376 35.9958114272 -78.8998603821 21
28377 51.5791306 -0.3370059167 24
28378 28.373975711 -81.5516424179 64
28379 40.7222257546 -111.8560767174 4
28380 44.9625104 -93.23067505 15
28381 34.0903896536 -118.3381015062 12
28382 41.8934939658 -87.6201102428 12
28383 34.2366645095 -84.4897873982 8
28384 28.3749196991 -81.5508270264 58
28385 43.7822187 -79.29306775 1
28386 42.3510597833 -71.07749275 4
28387 40.1341852667 -74.8865232167 5
28389 44.2725333833 -88.4768167167 3
28390 42.3895660667 -71.11873565 18
28391 38.9069851141 -77.0450010795 3
28392 44.9686844379 -93.2126346231 1
28393 47.6629664667 -122.3757493 13
28394 51.5682341653 0.0081753731 32
28395 21.282318413 -157.8140868601 29
28397 44.9722215382 -93.174598217 19
28398 29.9726690887 -95.6947159767 5
28399 37.7833315 -122.4088760833 9
28401 37.7530145446 -122.4236169419 2
28402 38.8826573333 -77.1696733833 8
28403 34.0509065549 -118.364207099 1
28404 21.0047615 -156.6512892833 6
28405 33.69146335 -117.8896528667 13
28406 47.5823062 -122.134422 36
28407 21.3172624609 -157.8685301542 4
28408 35.8036524833 -78.5497415 1
28409 33.9990810833 -81.0170133333 4
28410 42.5190315667 -83.7584242833 3
28411 26.59139495 -80.20617285 2
28412 37.7640840047 -122.3936653214 7
28414 30.2949045667 -92.0272905167 2
28415 20.9987525667 -156.6665475167 6
28416 33.9987477393 -81.0175716877 13
28417 33.9990916333 -81.01704285 20
28418 29.4689926333 -98.4917724167 14
28419 29.72677225 -95.4193612 17
28420 35.9931098667 -78.9058136167 14
28421 40.7223802469 -73.2473301888 1
28423 32.7257712374 -97.3616552353 36
28425 29.9754944253 -95.697838068 15
28428 38.8991158417 -77.0220136642 42
28430 40.6781042833 -73.9734552833 6
28431 37.2077723333 -93.2935122333 153
28432 45.5294859113 -122.6815581322 78
28433 39.9470309414 -75.1523208618 48
28434 35.8165760142 -78.6938124003 29
28435 34.0923488026 -118.3338153362 13
28436 40.7528467667 -74.0225669667 1
28437 42.3540268 -71.1371927 43
28438 40.0353693725 -105.2545917034 14
28439 35.1312155333 -89.8081501667 3
28440 40.7531799667 -74.0258477 2
28441 27.3136696 -80.4108259 11
28442 39.9517931301 -75.1704847813 19
28443 29.9681551 -81.3099977 3
28444 28.3735886735 -81.5524148941 75
28445 39.9519493967 -75.1717400551 9
28446 28.3739945909 -81.5493893623 43
28447 47.7538642833 -122.1657494167 1
28448 39.9519012197 -75.1720187573 11
28449 28.375193454 -81.5498185158 22
28450 40.3223974667 -111.7066690333 3
28451 41.2354913833 -73.03778795 32
28453 30.3686555379 -97.8007449729 16
28454 31.3287030167 -94.7330307667 8
28455 44.2652730833 -88.4752372667 2
28456 36.9739352833 -122.0264421333 13
28457 21.3331932881 -157.9205703735 592
28458 40.7622191588 -111.8422794342 5
28459 37.3221883974 -122.0306013678 67
28460 38.8778959648 -104.8727095127 40
28462 35.5324183096 -97.565073967 96
28463 41.2228755667 -73.0584501667 8
28464 34.177787516 -84.4208105004 1
28466 34.0729241247 -117.5518655777 90
28467 32.8925658167 -97.0976826833 20
28468 30.40530075 -97.8514976 5
28473 48.8713800313 2.3580968453 24
28475 21.2959820162 -157.8552961349 43
28476 37.7969560469 -122.4372705817 2
28477 45.5350709203 -122.653553174 1
28480 32.8926062333 -97.1008663167 8
28482 35.9126234304 -78.7812739197 31
28483 37.44678345 -122.1600368 18
28484 34.0155811 -118.4495010333 4
28485 40.1851427667 -105.1154655167 15
28486 30.1763261833 -97.82176265 8
28487 42.351272135 -71.0741429491 6
28489 37.42974355 -122.10940435 1
28490 39.7206843878 -104.9534546459 1
28491 29.9486531833 -90.0713573333 20
28492 20.9236753667 -156.6953501 27
28493 34.097559289 -118.329170175 119
28494 40.7024884445 -73.9871048927 41
28495 33.4448710833 -88.8477826 9
28496 34.0983903371 -118.3290946484 11
28497 42.3513215419 -71.0752419384 15
28498 37.3938209861 -122.0789247751 255
28499 47.61200485 -122.3425913333 27
28500 33.7339228258 -84.3497443199 29
28502 38.9586905181 -77.3586800045 78
28503 32.8644712002 -96.8046174897 19
28504 33.9618132045 -118.3703899384 37
28505 45.5272961667 -122.6763148 3
28506 32.8776709667 -97.58392355 4
28507 41.8925244238 -87.6216217102 7
28508 33.6549235006 -118.0042362213 33
28509 42.3661100167 -71.1856084833 3
28511 40.7285377167 -74.0031525167 4
28512 29.73407685 -95.40406385 35
28513 40.763877 -73.97941 27
28514 40.7027367558 -73.9878953789 3
28515 35.1288881 -89.9965403 10
28516 37.5677118828 -122.3244380951 49
28517 41.2352003333 -73.0379194 11
28519 39.1256371 -94.827095 14
28521 40.7261448701 -111.8661510944 9
28522 61.146921749 -149.8445999622 9
28523 42.3017220689 -71.4011871815 7
28524 35.46956895 -97.5205086167 27
28525 35.3194607833 -97.4959000167 119
28526 29.9537394333 -90.1092274333 8
28527 37.7948617999 -122.4008861165 38
28528 25.6872106167 -80.3945739667 34
28529 41.4115138761 -81.839196682 377
28530 41.1535051833 -81.40888625 23
28531 47.6712526667 -122.1278325167 2
28532 37.7646557667 -122.4252144333 8
28533 37.4691180167 -122.4355175833 13
28534 37.7663962037 -122.4304267065 48
28536 32.7284639333 -97.3628660167 59
28537 35.1501074333 -89.8903186833 1
28538 36.1381348167 -97.0474716333 2
28539 44.9736533734 -93.2258825899 11
28540 38.8591791833 -104.9024787167 3
28541 30.2683120667 -97.7367582167 40
28542 40.7490129856 -73.9858690391 9
28543 26.1290530013 -80.1439762115 11
28544 33.1817658667 -117.2930396667 5
28545 34.0831914 -118.3855566833 12
28546 47.67545975 -122.31509515 17
28547 37.751759368 -122.4280573372 13
28548 32.5960917 -96.9419455333 8
28549 37.4014616167 -122.1931122667 6
28550 39.550805 -74.73605365 9
28551 35.8987494833 -78.5577264667 29
28553 34.05692465 -118.3642343833 6
28554 30.4585212166 -97.6515644789 85
28555 33.7226796779 -118.0410618729 2
28556 16.0533005333 108.2011944333 9
28557 33.7294079861 -117.7869987488 42
28558 39.0947001461 -94.5823395546 48
28559 37.785045656 -122.4642737675 24
28560 47.7006865 -122.3452854667 1
28561 47.7266663747 -116.9650948048 4
28562 30.29171255 -97.8601781333 36
28563 30.1043158 -95.2461739 11
28564 47.2229675833 -122.4204960167 1
28565 30.1972733341 -97.7670550346 213
28566 47.6024449833 -122.2064699667 2
28567 39.2439920167 -94.6559031833 31
28568 49.2505374923 -123.1277704239 1
28569 37.78848175 -122.4148582167 20
28570 33.3902832146 -111.7171152329 2
28572 38.99205535 -74.8169397 3
28573 41.8966297134 -87.6311363733 18
28574 -33.861988021 151.2108850479 9
28575 20.8760318167 -156.6804776833 14
28576 1.3228411 103.9334305 6
28577 34.1442475064 -118.4131550789 18
28578 37.4044684333 -122.1104330333 12
28579 49.0363768429 -122.2669637203 1
28580 39.0554223333 -94.5906707 17
28581 37.44494315 -122.1624036833 22
28582 35.9081448333 -79.02040145 10
28583 21.3804062833 -157.7572909333 15
28586 37.7643101167 -122.4670732167 23
28587 40.0138574833 -74.9570364167 3
28588 32.8227396517 -97.1537378757 1
28590 47.6686931547 -122.3858448223 34
28591 37.7641766833 -122.4654035667 10
28592 37.4257791696 -122.1580736801 2
28593 40.7258684255 -73.983424902 9
28594 37.7895482039 -122.3949158192 65
28595 34.1013221029 -118.3283650875 26
28596 37.7809825333 -122.4550768167 33
28597 40.7259090792 -74.0094423294 25
28598 53.6816619926 -1.5052127838 63
28599 47.2619020333 -122.4459768333 14
28600 34.8499542737 -117.0824038982 33
28601 50.8350211833 -0.1706220333 74
28602 37.7510250667 -122.4426741 4
28604 36.7570303667 -119.79992535 8
28605 35.6468172761 140.0352573395 17
28606 53.2108195956 6.5656936169 158
28609 53.3919926833 -2.5922889667 13
28610 44.8400268555 -0.5763115238 1
28611 51.49944685 -0.30624195 2
28612 51.5006702833 -0.3068225167 4
28613 51.5012950167 -0.3068405167 24
28614 53.5932242667 -2.2973111833 5
28615 50.9077631667 -1.4140927167 96
28616 -33.8680103154 151.1952853203 13
28619 -28.8092344 153.27858985 4
28620 36.0593948025 -115.1712656021 16
28621 51.5048739352 -0.0942434349 15
28622 32.9142312667 -97.01201675 10
28623 52.9861029 -1.8929802833 12
28624 -37.8007297333 144.9785650333 27
28625 59.3569897 17.9713451167 5
28626 51.421503352 0.2890777588 3
28627 50.63676745 3.06688605 6
28629 52.98697635 -1.8830119833 13
28630 42.2438867167 -70.8379992667 3
28631 51.5267389667 -0.1341616667 22
28633 -33.7553713146 151.2900161191 2
28634 51.7688385167 -0.23324935 1
28636 51.5262658553 -0.1336306017 21
28637 42.22244415 -70.8046159833 2
28638 -37.8008122333 144.9767917833 12
28639 50.63965785 3.0617902 2
28640 42.4516437014 -76.4963835365 4
28641 32.9643485667 -96.64823025 73
28642 50.6378167333 3.0641495167 9
28643 51.5209340814 -0.0864744186 17
28644 33.9017850667 -84.4775983833 8
28645 51.6902301542 5.2975559235 1
28647 51.5169757104 -0.0855204154 5
28648 55.6972610833 12.5414616667 9
28650 55.7001640167 12.5334120333 1
28651 38.7378021195 -9.1416115832 16
28652 39.9518383652 -75.1709032059 7
28653 39.9519575333 -75.1734423 43
28655 1.3464736938 103.9444274902 1
28656 51.443709932 0.3670978546 4
28657 51.5156396333 -0.11615445 11
28660 51.3750487031 -0.0927937031 147
28662 51.5098501667 -0.1301268333 2
28663 52.9892683 -1.8900432333 1
28664 51.0630452167 -1.3164529 2
28665 35.6807948322 139.7672080994 213
28666 40.3559004833 -74.6116190833 1
28667 54.0389643667 -6.1860113833 2
28668 50.8977532167 -1.3927073333 3
28669 52.4891244 13.3534455 7
28670 40.4193242229 -3.6930960417 15
28671 50.896756 -1.3926132167 9
28672 40.4199694976 -3.6887133121 11
28673 37.5566051333 -77.4887964 63
28674 50.8961015333 -1.3922508333 5
28675 35.8262073833 -80.25736005 1
28676 30.4676600333 -97.7953667833 26
28677 40.1790367667 -105.1169928333 4
28678 29.7875962226 -95.5441636566 2
28679 50.8966324333 -1.3907596833 4
28680 35.9089305468 -78.7845093012 33
28681 50.8969024333 -1.3902435667 5
28683 -27.9606515512 153.4108529985 6
28684 50.89483835 -1.3930360167 42
28685 33.43317317 -112.00627774 5
28686 50.82523845 -0.1391757333 4
28687 41.8812961811 -87.6375102997 15
28688 55.7065815646 12.5148862643 5
28689 50.8961543167 -1.3938752833 40
28690 33.9639088001 -84.4241058826 13
28691 50.896989 -1.3938816667 3
28693 50.8999468667 -1.3937939167 4
28694 51.5182227667 -0.1516088167 10
28695 35.7828741667 -78.5872606167 15
28696 55.6985461167 12.5420813667 5
28697 35.7770740833 -78.6390608833 13
28698 33.6516162667 -84.47227 1
28699 55.683750493 12.5712457196 1
28701 51.5198897214 -0.1517061633 5
28702 55.6951435167 12.5433582667 4
28703 1.2932217 103.832345 26
28704 33.6564877 -84.4968352667 2
28705 34.8271960333 -82.2943396833 1
28706 33.6566910333 -84.4983832833 6
28708 35.9592651333 -78.9545576833 2
28709 55.9595671607 -3.1909918785 2
28710 34.0409714605 -118.2495025188 9
28711 51.5299037 -0.0909352 12
28713 1.2922062333 103.8312901667 10
28714 37.9088312333 23.7368354 1
28716 35.7776513 -78.63895265 4
28717 48.8646097 2.3465505 2
28718 53.1386359678 8.214468956 15
28720 44.992098488 -93.1675225496 2
28721 37.7830436375 -122.4626483924 36
28722 59.6743603167 10.6577913667 5
28723 45.0078839602 -93.164255619 78
28724 30.3221886333 -97.7285418667 9
28725 29.6854524721 -95.4591599328 5
28726 51.5256736451 -0.0875258446 58
28727 57.7031879667 11.9655969833 2
28728 37.5205165659 -122.2760939598 29
28729 33.85437405 -84.6093297667 1
28730 53.1390816601 8.2113334537 5
28731 40.8013438813 -111.9478940964 6
28733 49.23292405 -123.0160341333 2
28735 33.4741616167 -82.0235395333 3
28736 32.7491427987 -97.0923614502 45
28737 40.0204912787 -105.2521026134 16
28738 51.5274918333 -0.0791141333 2
28740 37.2095593534 -93.2911123666 33
28741 51.179477494 -1.8289661407 50
28742 55.9562578431 -3.1876444817 1
28743 35.91383915 -78.90494795 90
28744 52.9890387333 -1.8844382667 5
28747 51.4096639537 -0.2338977128 2
28748 55.955663217 -3.1863999367 6
28749 37.9139476667 23.73130025 1
28750 41.3952640167 -81.6422892667 13
28752 37.2081787 -93.29360135 10
28753 55.9536690508 -3.1872475147 2
28754 29.6889470244 -95.4631601473 13
28755 55.9519150607 -3.1884276867 11
28756 55.9520231857 -3.1897473335 133
28757 35.7739082646 -78.637419641 25
28758 30.46722965 -97.79774085 12
28759 55.9516021 -3.1918044667 20
28760 38.9538689667 -92.3662383667 1
28761 33.2016326167 -117.2422232667 12
28762 38.9544781131 -92.3662769794 2
28763 37.447524563 -122.1599659087 42
28764 53.2060858167 6.5831410333 6
28765 29.7389370141 -95.4185793992 32
28766 29.7383909297 -95.4172058597 2
28769 42.7923647571 -71.2352297307 4
28770 37.7947311527 -122.4181823788 42
28771 29.7375761569 -95.4202458899 2
28772 53.3075444496 -113.5840845108 113
28773 29.738184072 -95.4292357662 10
28774 29.7405973762 -95.4326105118 9
28775 35.2181725167 -97.4743893833 31
28776 29.7412960465 -95.4408824444 3
28777 55.9335227333 -3.0727796333 10
28778 29.7416831948 -95.4424696182 5
28779 43.6467276011 -79.3789565563 24
28780 55.9402792 -3.0154937333 1
28781 52.9381818 -1.48403 5
28782 28.4866661703 -81.4285612106 14
28783 44.4897168973 -73.1852531433 1
28784 47.6090998142 -122.3258435726 2
28785 39.04039 -94.5939350333 10
28786 24.5736071333 -81.7492403 3
28787 50.6325289667 3.0524922333 44
28788 41.8947664136 -87.623847127 326
28789 28.5949733667 -81.3652903333 9
28790 32.9619180578 -96.6351252794 17
28792 32.7805662167 -96.80019005 103
28793 33.3841263973 -111.7374673323 5
28794 55.8646801242 -4.2626309395 4
28795 50.6345973167 3.0491026833 9
28796 40.7028544553 -73.9867830276 37
28797 40.7032975553 -73.9897976565 71
28798 32.8607853565 -97.3175436258 33
28799 50.6190157333 3.1309392333 1
28800 39.7274692 -104.94057735 14
28801 38.8938991538 -77.4484259069 6
28802 50.6179346167 3.1298156 6
28804 59.9111988167 10.76229575 125
28805 42.3388536333 -71.0987813333 12
28806 42.3369987806 -71.0313153141 4
28807 30.250521 -81.5292859 14
28809 39.7519623404 -104.9975014777 2
28810 33.5088028333 -86.8036799333 6
28811 39.0448308167 -77.4766214667 1
28812 35.6574016847 -97.4678053288 43
28813 40.72138585 -73.9990819167 14
28814 53.4760920833 -2.2294917667 8
28815 35.53849995 -97.59412605 106
28816 34.019354 -80.9649216833 4
28817 36.0572570167 -115.1491326 4
28818 35.9136287195 -78.9036171421 24
28819 32.4790043833 -97.7503304 1
28820 41.6393312748 -83.6643426844 2
28821 33.0570743333 -96.7712235333 6
28822 33.0595598 -96.77134175 12
28825 52.3785137268 4.9005031586 543
28826 49.1168826833 6.1854201667 33
28827 40.7566721918 -73.9847754368 3
28828 41.0325881833 -73.56888215 3
28829 30.3679159833 -97.7280332 51
28830 42.3597953438 -71.0643555828 5
28831 47.5987616667 -122.3010333667 4
28832 35.8783936333 -78.8500169833 5
28834 39.9519318333 -75.1718740667 10
28835 29.6051826667 -95.6135664167 4
28836 35.6551299044 -97.4709705997 10
28837 28.5435318532 -81.3683563471 82
28839 32.9697209667 -96.9943697833 7
28840 41.01125175 -73.5689156833 1
28841 25.8939860667 -80.1619284667 10
28842 51.5466152738 -0.4778838158 6
28843 39.7586313737 -105.0101551968 20
28844 32.9761725333 -96.7201655167 6
28845 41.5722386667 -93.72984325 5
28846 25.74951655 -80.26100195 16
28847 42.3454066671 -71.1266817821 15
28848 37.7692882333 -122.4273210167 83
28849 33.1082663 -96.1095326 2
28850 41.033406763 -73.5679507256 7
28851 44.4896518408 -73.1855267286 12
28853 29.62478645 -95.1403495 4
28854 40.7411540833 -73.9913216833 2
28855 41.2572069167 -95.9295998 3
28856 30.3910124545 -97.7485947311 7
28857 33.1067123019 -96.1097189578 1
28859 47.2623849167 -122.4508650167 5
28860 35.7758574989 -78.6389796701 14
28861 34.0821522833 -84.35854285 54
28862 45.5284711911 -122.6863862833 4
28863 50.63989485 3.06174055 1
28864 35.4801551667 -97.50034655 23
28865 29.7482223333 -95.38591515 8
28866 39.7503163126 -105.0015521049 24
28867 29.7482978333 -95.3859430667 52
28868 43.068419 -77.6132555 34
28869 33.4867196167 -82.0304630667 3
28870 37.8958573333 -122.5223608333 4
28871 37.7768733789 -122.4383596104 10
28872 37.7255831009 -122.4509096146 25
28873 38.9055859 -77.04493785 10
28874 40.0175148597 -105.2810168266 39
28875 51.9035904167 -1.15077205 6
28876 51.5039394 -0.34463995 1
28877 34.4040270167 -119.6931452833 14
28878 37.5349284167 -77.4196061167 10
28879 29.7504211 -95.3707481333 12
28880 32.9783991667 -96.7160892167 14
28881 41.02914085 -73.6296757 4
28882 33.0722451333 -117.0669230167 9
28883 50.6242767206 3.1277561188 10
28884 32.7819052667 -96.7658669333 42
28885 38.6410536667 -90.1859954667 1
28886 32.7526497833 -97.3340621667 48
28887 28.3320433 -81.4969129 4
28888 33.38131275 -86.80701265 14
28889 36.1001122667 -115.1849668667 9
28891 32.8813856 -97.10224 1
28892 25.8387588833 -80.1841269167 6
28893 32.7499661 -97.3327450167 14
28894 39.7500044858 -104.9997896433 3
28895 32.7502955378 -97.3316574097 16
28896 32.8841996167 -96.9585704333 4
28898 33.8127581112 -117.9189741611 97
28899 51.1893565239 0.5471599102 1
28900 51.1891194923 0.5472189188 4
28901 34.0307914 -81.0884949 17
28902 50.8192695 -0.1390677 6
28903 38.9037000006 -77.0432014991 14
28904 30.3756289667 -97.9472698833 5
28905 39.6809590273 -104.9388420582 24
28906 30.3759400833 -97.9475232833 3
28908 52.0944489713 5.1167485007 2
28909 29.6910592667 -95.40921925 5
28910 49.1019689333 6.1750629667 12
28911 35.5512088989 -97.5300855395 4
28912 34.1739081667 -118.3009260667 5
28913 42.3265700966 -122.8733789921 5
28914 32.9333995667 -96.8207990333 41
28916 47.6197218667 -122.3307796333 5
28917 51.5105527352 -0.1234376343 8
28918 50.6312649 3.1352698 2
28919 30.3559010333 -97.9610833167 2
28921 39.9142157287 -105.069956506 1
28922 32.80855005 -96.7984779 95
28923 37.80296805 -122.2618468167 5
28924 41.8915183481 -87.6246128757 7
28925 53.405438622 -2.1630620956 118
28926 40.6363924167 -111.97769395 2
28927 51.5359387831 -0.110861063 37
28928 37.8022396423 -122.2616153955 24
28929 40.7421871833 -111.93963945 2
28930 28.4066422491 -81.2014746666 19
28931 35.7856869297 -78.7819290161 209
28932 47.6090969667 -122.33975815 26
28933 37.3402670333 -121.9054780333 16
28935 47.609679642 -122.338123757 24
28936 52.2164284667 4.9353774167 2
28937 50.8996942667 -1.3959928333 4
28938 37.4247838 -122.1447993833 27
28939 45.5215506391 -122.6731697271 10
28940 35.75879155 -78.78184265 72
28941 36.05677485 -115.24223825 18
28942 33.0468183167 -96.8491730333 4
28943 35.44523605 -97.4254891333 22
28944 33.0694434167 -117.0648367167 11
28945 51.5261317667 -0.0796909167 23
28946 35.3336588333 -97.4598494833 20
28947 52.2119805833 4.9367546 4
28948 40.7359822967 -73.9902806282 124
28949 41.893203812 -87.620041081 41
28950 36.8748812 -119.7780602333 3
28951 21.3339927822 -157.9236388206 84
28952 38.63356415 -90.3070117833 3
28953 37.7502284 -122.1460604833 5
28954 26.2044647347 -80.1750147343 6
28955 35.7746416261 -78.6399435997 28
28956 42.3637717833 -71.1396688667 3
28958 37.3194176667 -122.0316533833 2
28959 37.4198087833 -122.08374995 19
28960 47.6155777811 -122.3345610936 10
28962 37.87185825 -122.2706050833 3
28963 37.21499375 -93.2950100333 5
28964 37.3180891667 -122.0319625167 13
28965 33.0569132716 -96.7693416946 3
28966 40.7023664833 -73.989918285 107
28967 37.7517325 -122.1466961333 3
28969 41.1237038167 -73.5450102 1
28970 41.2341221667 -96.1381807 5
28971 35.71075445 -96.8903405 3
28972 41.6750268333 -86.25054155 69
28973 32.9400631833 -97.1127360167 4
28974 51.4621067 -0.2215719167 1
28975 41.6750870833 -86.2506244333 5
28977 35.1518707275 -89.9895616267 7
28978 37.7832652624 -122.4060738087 87
28979 34.090183074 -118.3444932103 86
28980 42.9900784 -81.2325189667 18
28981 40.7625767149 -73.9492964745 8
28982 -23.60248985 -46.66477515 3
28983 33.9769356667 -84.4182798333 2
28984 43.0809702333 -88.8859276167 27
28985 42.3435490667 -71.1007842333 3
28986 41.9793047488 -87.8604984283 31
28987 34.0903718833 -118.3443000913 55
28988 52.2053741691 0.1293163191 1
28989 25.7414362441 -80.2140290114 4
28990 29.6935922667 -95.4078653333 1
28991 32.9421146667 -97.12954595 15
28992 44.4907195229 -73.1830322742 18
28993 34.0916802092 -118.3444878459 9
28994 31.32979185 -94.7201926667 1
28995 53.9606217667 -1.084104 7
28996 47.7217198167 -122.20714195 2
28998 31.3279729167 -94.7171159833 2
28999 33.0993068167 -96.8116950833 22
29000 34.0891168488 -118.3443537354 48
29001 31.3280153667 -94.71728205 2
29002 40.7581396326 -73.9772236347 55
29003 48.6653821667 7.71937425 173
29004 42.3489379 -71.0959672667 3
29005 40.7585113667 -73.9790817 61
29006 35.56587325 -97.5187378667 12
29009 35.3624172167 -96.9217833667 3
29010 38.9058676833 -77.0362127833 5
29011 39.6806674167 -104.9386931667 30
29012 35.9117703421 -79.0693584357 37
29013 35.3757453519 -97.5472211838 42
29014 38.9043742833 -77.0364313333 6
29015 32.84082295 -97.2798894 10
29016 30.16130225 -97.7923150833 94
29017 38.9036550667 -77.03636625 3
29019 32.9287008667 -97.08944845 4
29020 29.7518672333 -95.3730811167 6
29021 32.8663439667 -97.13032065 189
29022 31.1169412667 -97.9028286833 2
29023 33.9805646167 -84.4326093 13
29024 51.4122086723 -0.2846378471 5
29025 38.81114655 -94.7522328167 1
29027 28.5535452191 -81.2048381567 55
29028 45.4968771 -73.5773065667 5
29029 37.7359214333 -84.30981155 9
29030 34.0231513973 -84.4231295586 12
29031 42.4595108667 -83.1342737167 5
29032 38.8021038 -94.6887719667 3
29034 42.3444154167 -71.1017899 18
29035 33.6709098167 -117.95199785 5
29036 32.8804521499 -97.1004831791 44
29037 38.8925401114 -77.0379379392 18
29038 33.1716220333 -96.6441060167 13
29039 40.6738660833 -89.5399391167 3
29040 32.8812491833 -97.1013195 7
29041 47.6207355833 -122.3312443833 10
29043 32.8800190167 -97.1015098 7
29044 25.6959249667 -80.3010906333 11
29045 41.7266616667 -86.17705415 5
29046 38.9798051 -94.6312294 10
29047 32.8799505333 -97.1015259333 4
29048 32.8805958833 -97.1042392833 131
29049 33.0993751229 -96.8121929354 204
29051 42.6364922 -83.2917307 18
29052 26.4879649167 -81.7874274167 7
29054 37.6204182258 -122.3885965347 34
29055 32.8143338833 -96.7702024667 13
29056 32.4453291 -97.7472108667 7
29057 35.9104621133 -79.0703120828 30
