700 180 520 70 22.084285714285713 135 390
23545 53.3399650167 -6.2616481167 3
23550 53.3397555667 -6.2600569667 17
23551 39.9823446 -75.1515579 3
23552 53.3385364167 -6.2559415833 1
23554 38.8325216 -104.8237923 2
23555 51.0474192366 0.5126693845 1
23557 51.4860887709 -0.1239623425 4
23559 47.6231456667 -122.3411229833 10
23560 52.9539045186 -1.1437744752 7
23561 61.2155076667 -149.8907106 1
23562 61.2169203667 -149.8895826333 16
23563 37.7754919833 -84.2933914333 1
23564 39.7433973345 -104.9619787931 60
23565 32.9150076333 -96.9625864333 12
23566 33.5405778817 -82.1332485205 1
23567 32.872234529 -96.9663619995 26
23568 42.3743111414 -71.1199801229 9
23570 39.9493586157 -75.152567625 16
23571 42.3743111414 -71.1199801229 5
23572 47.5501129333 -122.3179865167 4
23573 49.242562 -123.0039519833 2
23574 49.2427354167 -123.0039457333 3
23575 32.9547449 -96.83441635 9
23576 40.72194215 -74.0028679333 2
23577 29.7575958 -95.7751731167 1
23578 32.9539172 -96.8353891667 21
23579 33.76089545 -84.3839007167 18
23581 39.0442138167 -95.7633876333 5
23582 40.0886048833 -74.0490971 1
23583 47.3369680667 -122.5921894333 3
23584 37.7577227 -122.2512873 27
23585 32.90661549 -96.97065418 2
23586 47.7294249333 -122.2629332167 1
23587 30.5329281833 -97.7835255333 42
23588 37.3934565907 -122.0789891481 92
23589 37.7856990833 -122.4330414333 13
23590 37.1589254833 -93.2363583333 27
23591 33.79193383 -118.12772172 2
23593 32.8846679333 -96.9646158333 14
23594 32.8870518 -96.9636124667 31
23595 45.5231645989 -122.6921153069 18
23596 40.7600168959 -111.8488454819 12
23597 48.08448085 -122.1718606 2
23598 37.8663123 -122.2582716667 11
23599 37.3932797198 -122.0791634917 51
23600 53.0702052279 -0.8123874664 5
23601 -28.6892747273 153.6081951857 1
23603 51.7504575 -0.3276252167 45
23604 -28.8101663167 153.2778424 5
23605 -28.8073049667 153.2795426 4
23606 -28.8096380667 153.2767151167 4
23607 -28.8102578 153.27618825 4
23608 51.5485197333 -0.1917873 18
23609 51.5224134833 -0.1567482833 15
23610 51.5228032641 -0.1546883583 36
23611 51.5230369065 -0.1569521427 48
23612 51.5237993833 -0.1584163333 4
23613 51.5237993833 -0.1584163333 3
23614 51.5264986 -0.1574698 2
23615 51.5303726691 -0.1537227631 64
23616 51.52646605 -0.1540358833 1
23617 33.5781351667 -96.1877140667 1
23618 51.5286964 -0.1534643333 4
23619 51.5282141833 -0.1544132833 3
23620 51.5555791167 -0.17707085 4
23621 51.52784015 -0.15230405 1
23622 51.5284028667 -0.1485335667 3
23623 51.5309838667 -0.1502449833 5
23624 51.53280365 -0.1505842833 1
23625 51.53579215 -0.1557019167 26
23626 51.53522835 -0.1559856 6
23627 53.3407005667 -6.2510011167 2
23628 30.2715497 -97.7413088 18
23630 33.7615866439 -84.3849349022 53
23631 43.7800071667 -79.4149759833 20
23632 53.3427930333 -6.27233825 9
23633 51.5349782 -0.1562393167 3
23634 33.7615509659 -84.3832933903 45
23635 53.2300170141 -0.5384132266 1
23636 33.7589731919 -84.3831968307 31
23637 53.2312500826 -0.5379170179 4
23638 51.5345925833 -0.1559118333 2
23639 53.231266138 -0.5382174253 2
23641 33.7597427138 -84.3871917502 23
23642 51.5347317333 -0.15556065 4
23643 33.7595262157 -84.387563467 22
23644 33.7615420464 -84.3867266178 67
23645 51.5350808667 -0.15578895 5
23646 43.7755406558 -79.3457615376 28
23647 32.9841700558 -96.889500618 49
23648 53.2350999821 -0.5375039577 2
23649 51.5353883167 -0.15553905 8
23650 53.2357774515 -0.5383300781 3
23651 53.2356843403 -0.5387860537 3
23652 53.2358561143 -0.538764596 2
23653 53.237172491 -0.5381932855 2
23654 53.3430833319 -6.2660908699 12
23655 51.5342361667 -0.1548228167 5
23656 53.2350598473 -0.5353099108 1
23657 53.2348993078 -0.5355325341 1
23658 41.7337800333 -87.5639898667 20
23659 33.7597616667 -84.3860644333 6
23660 53.3405357167 -6.2702152833 7
23661 53.233574834 -0.5332633853 2
23662 53.2332344777 -0.5329442024 2
23663 51.5341145167 -0.1530237167 6
23664 45.52079285 -123.1119521333 3
23665 45.5205497667 -123.1117784833 1
23666 51.4024385569 0.5365169048 4
23667 45.51968765 -123.1119698333 2
23668 53.2321138517 -0.5364686251 2
23669 51.5334733 -0.1523168667 3
23670 53.2320335765 -0.5360662937 2
23671 43.76911785 -79.3759694 4
23672 51.5333927667 -0.1517046833 5
23673 43.7672312167 -79.3879466667 2
23674 51.5343712 -0.1518345833 7
23675 51.5344073167 -0.15299785 7
23676 51.5347719667 -0.1529378667 4
23677 43.7443370167 -79.40691 9
23678 51.5353023 -0.1526182167 6
23680 51.5351367833 -0.1520851667 5
23681 51.53577735 -0.1526797833 7
23682 51.5360833167 -0.1529648667 4
23683 43.00317925 -81.2696193833 3
23685 51.53635755 -0.1546499667 5
23686 51.5364031167 -0.1545109833 6
23687 51.5369118833 -0.1535944833 4
23688 38.9558159667 -94.6842750167 2
23689 51.5371238167 -0.1536715333 3
23690 51.5368030333 -0.15574885 3
23691 32.97150615 -96.9941169667 8
23692 51.5368854333 -0.15655845 3
23693 51.5363272667 -0.1566604167 6
23694 51.5362273333 -0.15587305 4
23695 40.7325563 -89.5737123833 1
23696 32.8652406793 -96.948599716 7
23697 38.9398578333 -94.6681457667 4
23698 51.52854025 -0.1640597833 7
23699 47.9694011167 -122.20091305 7
23702 51.5222491929 -0.1631963253 25
23703 29.7327047232 -95.4366612056 31
23704 47.9637602333 -122.2106817333 3
23705 40.7279579927 -73.9915680885 53
23709 30.2695328 -97.7519435 73
23710 32.9217420417 -97.0129762069 16
23711 51.5151725109 -0.1417815685 103
23712 47.9930155333 -122.1647122333 1
23713 37.3940836667 -122.0787175167 21
23714 48.0325424667 -122.1804756167 5
23715 40.76248225 -73.9695874833 5
23716 37.7623910167 -122.39754325 42
23717 47.6346464667 -122.2796786167 4
23718 47.6340492833 -122.28058565 12
23719 32.9341762333 -97.0778106833 5
23720 52.1360301167 -0.47945305 108
23721 47.6354753167 -122.2786283333 1
23722 40.7626742299 -73.9713549614 23
23726 37.43297865 -122.1705028333 21
23727 30.3059377167 -97.9334536833 1
23728 40.7630399097 -73.9736616611 20
23729 40.763486849 -73.9733719826 21
23730 47.6089262166 -122.3368406296 13
23731 40.762820502 -73.9739406109 41
23732 47.6240849016 -122.3207902908 10
23733 40.7625578 -73.9738289333 87
23734 40.7626742299 -73.974391222 19
23735 40.7629342691 -73.9742410183 8
23736 47.6251584 -122.3226143167 3
23737 41.5768829333 -87.3435041667 5
23738 47.6249942667 -122.3220576333 7
23739 45.6314981176 -122.6688766479 6
23740 -37.6737411099 144.4356036186 2
23741 40.763608741 -73.9729428291 206
23742 40.7631822167 -73.9733152167 19
23743 37.4478885333 -122.15970335 49
23744 40.7619634333 -73.9726579833 9
23745 40.7608686667 -73.9733049833 13
23746 40.7617072001 -73.9739084244 13
23747 40.7615558667 -73.9703734167 14
23749 38.4960804 -106.3255645667 4
23750 38.8986399045 -77.0236337185 43
23751 40.7630044833 -73.9675527167 18
23752 38.04277688 -84.49361211 2
23753 37.44433405 -122.16162565 128
23754 37.2066294167 -93.2924768833 54
23756 39.9996721119 -105.2593767643 7
23757 37.5142006167 -122.2682464 1
23758 32.9075509 -96.9604037 19
23759 37.50743855 -122.2599610333 6
23760 37.8365154833 -122.26236065 40
23763 42.35153746 -71.0862599 4
23764 37.8287262167 -122.2495165833 12
23765 32.97933721 -96.76574802 5
23766 -28.6366307333 153.57950705 3
23767 37.5206633532 -122.2760242224 8
23768 37.8245575 -122.2565571 11
23769 47.3846454333 -122.2349614167 27
23770 37.8357917833 -122.2627612167 14
23771 47.38491155 -122.2353929333 3
23772 39.0346862259 -94.5871353149 18
23773 47.6140237167 -122.3277499333 39
23775 37.4440511333 -122.1635202833 41
23776 33.0982056333 -96.8110152 28
23777 40.7618302167 -73.9663498333 8
23778 60.7760931333 -148.7280170833 4
23779 41.9397411116 -87.6703941822 9
23780 33.78932135 -117.8529848 8
23781 42.3483019 -71.0874710333 20
23782 39.0895805012 -94.5816029093 39
23783 41.8981325296 -87.6245820522 51
23784 37.77608585 -122.4260314167 20
23785 40.1402558833 -74.9548883833 2
23786 37.53634385 -122.3231705333 2
23787 30.3150708041 -97.7354612947 84
23788 39.0908346167 -94.5803266667 8
23789 37.8709660909 -122.2508597374 11
23790 37.4288308995 -122.1427237988 65
23791 33.0737512869 -97.0851302147 28
23792 40.7648317119 -73.9469254017 9
23793 37.8618222333 -122.2535551667 2
23794 32.7689210667 -97.0968124 23
23795 41.8854417849 -87.6276504993 65
23797 30.2667400573 -97.739084959 146
23799 47.7612852667 -122.2058064667 3
23800 47.7600383333 -122.2069701333 3
23802 47.7596154833 -122.2080112833 1
23803 47.760379 -122.20722015 10
23805 -23.55925985 -46.6625836833 2
23806 29.95694917 -90.06699919 14
23808 37.3917660333 -122.08027815 67
23809 37.3920818833 -122.0799996667 6
23811 37.7618418833 -122.4216006667 50
23812 37.3936307833 -122.0802563833 33
23813 37.7872366052 -122.4103991365 106
23814 -27.4654654294 153.0262094736 9
23815 -27.4635614973 153.0097943544 18
23820 -28.8139808667 153.33871425 31
23821 52.5230626096 -7.8876042366 9
23822 53.0748124536 -0.8168748021 4
23823 53.0744950075 -0.818502903 1
23824 28.3896607 -81.5058914 2
23826 53.076555948 -0.8105742931 3
23828 38.0374108903 -84.5998764038 72
23829 51.5283769781 -0.1335203648 547
23830 51.506919444 -0.0919568539 20
23831 51.7508394806 -1.2573444843 3
23832 51.5077942331 -0.087761879 65
23833 51.7517644 -1.2599156 4
23834 51.7546584887 -1.2598013878 5
23835 51.5054970412 -0.0869196653 334
23837 51.9288791189 -8.5708379745 1
23839 51.9270382333 -8.5717888333 1
23840 35.9189326333 -78.9599666333 11
23841 -27.4641707591 153.0121546984 3
23845 51.5128162168 -0.132035772 6
23847 51.4587066417 -0.9717321396 181
23848 51.5047624495 -0.0787174702 27
23849 51.5119441333 -0.1318338833 39
23850 39.02206195 -94.65379515 4
23852 28.4056230467 -81.5850412846 110
23853 51.5122642167 -0.1276437 4
23854 51.5120155833 -0.1278253167 2
23855 51.5119742911 -0.1279628277 6
23856 51.5097380667 -0.078951 4
23858 32.98293505 -97.1227814833 1
23859 51.75296995 -1.26837045 8
23860 51.7528977833 -1.2674499 4
23861 51.7521557167 -1.2673944833 6
23864 51.7464621681 -1.2561964989 6
23866 51.7456185402 -1.2564110756 3
23867 51.7438116619 -1.2561535835 3
23868 51.4959361833 -0.1762712167 93
23870 51.4972889762 -0.1742148399 71
23873 36.0575097667 -112.1375870667 21
23874 51.5137905833 -0.1270044667 28
23875 32.2469038833 -95.4563255333 13
23876 51.4961048833 -0.1718344333 94
23877 36.8452528833 -75.9878033333 8
23878 51.4939559063 -0.1738071442 75
23881 30.508042 -97.77349475 6
23882 51.4892264028 -0.1974964142 58
23883 51.5045420697 -0.2187609673 55
23884 51.4921690399 -0.1930546761 15
23885 51.5394938333 -0.16064855 12
23886 51.5073000795 -0.2210140228 229
23887 43.3738477833 -80.96838965 8
23889 30.3499352948 -97.7969026566 125
23890 42.3482089215 -71.0886025429 40
23891 32.8457413333 -96.9915209333 14
23892 51.50987395 -0.2245829167 95
23893 51.50212585 -0.1599267167 18
23894 32.8946690333 -97.2881893333 75
23895 51.5103717583 -0.2258634567 74
23897 32.9299389097 -96.8203898665 45
23898 51.5118814833 -0.2247405833 68
23899 36.063246 -112.1182816167 18
23900 51.5032019333 -0.1522588333 32
23901 51.5031546 -0.150704 5
23902 -23.61059308 -46.65385264 1
23903 51.50306025 -0.1503070833 7
23905 51.5025886 -0.1491706167 8
23906 30.4983943287 -97.7768130393 21
23907 32.7834814 -96.7832138333 60
23908 51.5029095333 -0.1423652 12
23909 41.9398898667 -87.6555638333 14
23910 51.5063498667 -0.1438088667 6
23911 38.25559025 -122.3510680833 30
23912 51.50683375 -0.14283 38
23913 49.2527084602 -123.1223845482 1
23915 37.4850749342 -122.2329854965 4
23916 51.5135199 -0.1583246167 51
23921 32.8354670833 -96.8056579167 7
23922 53.0715621466 -0.8136802912 2
23926 37.7700370333 -122.4490116333 23
23928 51.51362425 -0.1285487667 12
23929 39.2028918667 -84.2216846167 1
23934 39.23053295 -84.2588594833 2
23935 39.2293876167 -84.2582777333 1
23936 43.1979228333 -77.5817260167 2
23937 36.1033262 -115.17284744 68
23938 53.0709674927 -0.8206915855 1
23939 47.3583297729 -122.1064147949 1
23940 40.7237137447 -73.9922440052 62
23941 33.77225515 -117.4871880167 12
23942 33.7751209097 -84.295783639 113
23943 37.7848097167 -122.3883344333 19
23944 41.8121929167 -87.8703045833 4
23948 47.6643376667 -122.2986031333 4
23949 32.8688362284 -96.7741565019 91
23950 47.6637007 -122.2990252333 8
23951 30.4781000376 -97.7662932873 45
23952 47.6101597167 -122.2050035833 1
23953 43.6946235333 -79.2895337333 62
23954 41.842183276 -87.9964542389 12
23955 43.3705935333 -80.9807614 1
23956 52.0585961667 -9.50852175 3
23957 37.7824478 -122.39273595 161
23958 35.9975301023 -78.9422500134 11
23959 35.9954381747 -78.9417672157 3
23960 47.68198785 -122.2475868167 3
23962 38.2692290833 -122.3558399167 20
23964 47.6506128674 -122.3511555791 35
23965 39.0643903 -94.5272955333 14
23966 47.65149465 -122.3516476 3
23968 24.55898435 -81.8050647667 10
23969 52.8388771333 -118.0660674 4
23971 43.0101938 -81.27293965 15
23972 32.77956285 -96.79788885 4
23973 42.3472719333 -71.10329005 2
23974 47.6336265167 -122.36362045 4
23975 47.63273025 -122.3611273833 9
23976 30.2360079672 -97.7959370613 23
23977 47.63352075 -122.35682945 8
23978 47.6330524333 -122.35691575 6
23979 47.6323566 -122.3566983167 30
23980 36.0564395333 -94.1698006333 11
23981 47.63306205 -122.3567709833 8
23982 27.66798913 -97.28686773 1
23984 29.76273524 -95.42726927 6
23985 37.7581288833 -122.38825095 116
23986 47.60807627 -122.34133768 2
23987 47.6755335667 -122.2070787167 1
23988 47.67652545 -122.2087773333 5
23989 47.6767009833 -122.2072407167 6
23990 47.6769213833 -122.2055954333 3
23991 37.3945769833 -122.0808653667 93
23993 37.7736858333 -122.4220224333 43
23995 -28.0757290356 153.3845686913 3
23996 -28.0761526532 153.3853679895 9
23998 33.5003019833 -86.7995131 6
24004 51.9467282333 -10.22544425 1
24005 51.5129691685 -0.1283061504 8
24007 51.5230369065 -0.1242828369 28
24010 59.3279876667 18.0366922167 87
24012 51.5328488062 -0.1058936119 46
24015 42.348353774 -71.0867008747 21
24018 51.5349641667 -0.10456865 12
24019 51.5356739667 -0.10301215 9
24020 51.5374388167 -0.10282255 5
24022 51.5235834667 -0.14667405 13
24024 32.9405623167 -97.1220396167 11
24025 43.1970542 -77.57588085 2
24032 32.94198335 -97.1205810333 5
24033 30.2135017167 -97.8289077 13
24034 33.7622525667 -84.3920464167 10
24035 41.1850659667 -85.0955266667 2
24036 33.7593401667 -84.3930102667 22
24039 38.8867381703 -76.9962775491 2
24040 32.8353021833 -96.99549465 4
24041 47.30761355 -122.0065571667 3
24042 42.4627234667 -71.0928927667 4
24043 52.82848665 -118.1278060667 1
24044 38.88361702 -77.0650577545 116
24045 41.8172294 -87.8694821167 9
24046 32.8645613 -96.5380790167 27
24047 37.321626135 -121.9696547777 10
24048 38.8808895167 -77.0712543 14
24050 38.88104325 -77.0724508 10
24051 33.0520124234 -96.794410984 37
24052 51.51102875 -0.1574410167 12
24055 51.5084085833 -0.1559730833 6
24056 33.0123608667 -96.8595803833 2
24057 32.9245883833 -96.8379723667 6
24058 51.5060426833 -0.1526499833 9
24059 51.5044094167 -0.1526355167 11
24061 33.19768105 -96.6152151833 18
24062 33.1983488833 -96.6160284333 9
24063 33.19706275 -96.6156853833 19
24064 33.1973821167 -96.61485045 27
24066 37.5151499 -121.9418379833 34
24067 46.9354015 -121.50069265 1
24070 51.5102428 -0.1242691 26
24072 27.6938626167 -97.44904535 81
24073 30.2282910167 -97.8243051333 87
24074 46.9355502532 -121.4746123552 7
24075 40.7568799674 -73.9545536041 43
24076 45.5192374833 -122.6534411167 17
24077 40.7756211167 -73.9683362 13
24079 32.8381341667 -96.7756115333 112
24081 35.9999018992 -78.9100112021 20
24082 42.8223440167 -73.9574206833 6
24084 47.6707924833 -122.1186362 8
24085 49.2809818167 -123.1206018667 3
24086 37.8014340167 -122.409458 50
24087 32.9176696378 -97.0080974673 18
24088 35.9999170889 -78.9102646708 4
24089 37.1686759333 -93.32894025 2
24090 32.9509887695 -96.8221664429 44
24091 35.9214284667 -78.9586872167 28
24092 44.2614827875 -88.4684371948 1
24093 35.0923405833 -111.6891620333 1
24094 36.1022692227 -86.8173437933 16
24096 37.6510043 -121.8785047 2
24097 37.7827612667 -122.4007778167 42
24098 44.2228019 -88.4940270167 1
24099 37.4028188 -122.0791214167 81
24101 32.68280965 -97.1344669167 8
24103 32.9533620167 -96.8393386167 24
24104 37.7643876667 -122.4326708 89
24105 39.9524108 -111.9390269167 1
24106 -23.56070506 -46.66908067 2
24107 32.9935054333 -96.9753313167 7
24108 33.0051047667 -96.9673602333 2
24109 33.0105669833 -96.9695124667 2
24110 33.0097600063 -96.9706401229 38
24111 33.00298285 -96.97861925 7
24112 33.00307725 -96.9807629 5
24113 47.614212025 -122.3476638492 30
24114 33.00295925 -96.9813795333 22
24115 33.00304135 -96.9817838333 2
24116 -23.55455976 -46.65623587 3
24117 49.2494888333 -123.12784955 5
24118 47.26921898 11.39860057 2
24121 52.5866384333 -9.36056845 1
24122 52.5951378833 -9.36149155 1
24127 52.83912485 -9.4315267833 1
24129 59.3400102495 18.0339369567 1
24134 52.9728301667 -9.4300031 3
24135 52.9730968 -9.4312642167 1
24136 -23.42750918 -46.48091441 79
24137 33.6896401833 -85.1524271833 1
24139 52.8346134833 -9.0089077833 1
24141 51.5202561333 -0.09659705 8
24144 52.6961718333 -8.8112618667 2
24145 54.9739293333 -1.6132061 18
24146 52.6962249667 -8.8116352333 2
24147 30.2644419707 -97.7702817321 57
24148 33.0035256 -96.9780722 2
24149 51.5142247333 -0.13278555 7
24150 32.9308248167 -97.2869575167 18
24151 30.1661055833 -97.7917011167 13
24152 32.7180948333 -97.35393665 26
24153 51.786970968 -1.4844954014 3
24154 36.9673599833 -122.0076399833 16
24155 51.7867652292 -1.4846992493 3
24156 33.8185493667 -84.3527126333 6
24157 36.9677921667 -122.0034507333 1
24158 37.7613111167 -122.4259584667 150
24159 40.7691867333 -111.9039620833 14
24160 38.7963552 -104.7994125 1
24161 51.5184026667 -0.1192339167 61
24163 51.4816475667 -0.1419185833 20
24164 34.4989136667 -89.0294307667 3
24165 38.799400062 -77.1293127537 27
24166 30.2696240333 -97.7485771 20
24167 24.9148916 -80.6403608833 12
24168 51.5211297485 -0.075320812 8
24169 33.67273095 -117.74307535 3
24170 51.7535550834 -1.2630304232 3
24171 33.5069240062 -82.1407306194 2
24172 29.7852465897 -95.4721677303 159
24173 33.76969736 -118.19326758 3
24174 36.9527447833 -122.0106032833 1
24175 52.21827745 -113.8119808 3
24176 38.06998345 -81.0784633 7
24178 51.5223457862 -0.0716670149 5
24179 52.6985717337 -8.8188886642 1
24180 33.4629499833 -82.0809602667 30
24183 38.2607120701 -122.0547800586 25
24185 38.0510319 -81.10580605 4
24186 37.10660385 -113.5809718167 2
24187 38.2392756094 -122.0788657665 39
24188 51.5261234774 -0.0802938369 26
24189 45.51179085 -122.6283747 10
24190 52.6963364 -8.8128172833 1
24192 51.51760925 -0.12015825 7
24193 51.5174358335 -0.1201093197 34
24194 35.9287211167 -79.0340728833 7
24195 36.6703661333 -93.3362425333 5
24196 33.0172300667 -96.6843510333 3
24197 36.6704713333 -93.3364989833 3
24198 32.67323065 -97.1362294167 13
24199 32.9597860833 -96.9929301667 11
24200 33.10171215 -96.8082970667 11
24201 37.16737735 -113.0140245667 1
24202 36.6688750172 -93.3403587341 42
24204 37.1245322167 -122.1220567 3
24205 35.4591036667 -94.7715580833 1
24206 -5.8692293833 -35.1812525 1
24207 42.50972425 -73.7745840667 4
24208 30.2325968169 -97.8230810165 79
24209 29.95694917 -90.06699919 7
24210 42.16909721 -72.4540615082 2
24211 -5.8805591833 -35.1762893333 3
24212 37.4435347406 -122.1682369709 42
24213 61.1961761 -149.90807875 12
24214 37.39014605 -122.0816000167 17
24215 37.3901367 -122.0815279667 9
24216 -5.8812238167 -35.1765436333 1
24220 -28.6436885486 153.6135274172 2
24223 54.9688232473 -1.6103553772 6
24224 53.145073 -6.9018872 1
24225 53.1472822833 -6.89838825 1
24226 54.9675145258 -1.6019868851 41
24228 54.9674210833 -1.6077969 9
24229 51.47199135 -0.25262645 9
24230 51.4872823544 -0.1243150234 22
24231 51.4857858483 -0.1239180565 36
24232 -5.7076245167 -35.2058584167 1
24235 51.5019107862 -0.2268397808 13
24236 32.8439899667 -96.8341071 11
24237 54.9743029167 -1.6092274667 2
24238 51.5066152 -0.2207825833 99
24239 51.5464686667 -0.1465292833 9
24240 25.7995963 -80.2004252667 13
24241 51.5206107333 -0.2008924833 6
24242 51.522753 -0.2014708333 6
24243 51.5243630833 -0.2015871 4
24244 30.3901960667 -97.7403618167 139
24245 37.6695931333 -121.9069667833 6
24246 51.5341739833 -0.2043730333 13
24247 51.53479795 -0.2047205333 3
24248 51.5351201833 -0.20495755 12
24249 51.53593925 -0.2054532 15
24250 53.3469801 -6.2586217167 18
24251 37.3721621167 -122.0488467833 6
24252 32.7373939833 -97.3932691833 32
24253 53.3433195 -6.2592694833 4
24254 32.7823316533 -96.7962563038 37
24255 37.2084851167 -93.2927652667 27
24256 37.5566558191 -122.2757667303 37
24257 51.4942698531 -0.2250480652 33
24258 37.3875814167 -122.0829430333 138
24260 39.027773 -95.746542 6
24261 45.5348520803 -122.6502272487 9
24262 37.3913728833 -122.08022995 14
24263 53.34568335 -6.2567877667 1
24265 53.34768975 -6.2435913 6
24266 32.9512974978 -96.8244087696 20
24267 39.8246461 -77.2308791833 1
24268 47.60903149 -122.33413159 9
24269 42.7369856333 -73.7625307167 10
24270 49.2841408953 -123.1110373494 4
24271 49.2844887624 -123.1102877615 1
24272 37.161889791 -93.2660722733 139
24273 49.2844141 -123.1105092333 11
24274 37.7856462575 -122.4149903441 30
24275 40.4242427 -86.9083141 1
24276 30.2464607667 -97.7507881833 127
24277 39.0510152333 -94.5964872833 14
24278 49.2484574755 -123.1265687943 3
24279 45.5278802833 -122.6807977167 9
24280 -5.86250984 -35.18291527 1
24281 54.9679641149 -1.6060638428 23
24283 55.4154454 -1.7053522 4
24284 51.5059186833 -0.0813609833 30
24290 51.5140878833 -0.2037505667 12
24291 51.5146243833 -0.2042238 12
24292 1.2993187 103.84987055 1
24293 32.88618095 -96.9772519333 82
24297 50.71778988 -1.88583785 1
24298 33.47207725 -81.98107855 6
24299 51.58798055 -0.6276275833 6
24300 51.5879745167 -0.6273822833 2
24302 35.6587538 -97.4758612833 114
24303 28.5381667 -81.55439072 3
24304 32.7806315701 -96.7969670132 6
24305 51.5056645833 -0.1003276833 8
24306 32.8497637667 -96.7870176 21
24307 37.67509155 -121.8736527 2
24308 -6.22906565 -35.0516223833 2
24309 38.8958343152 -77.030800581 31
24311 37.7045991151 -121.9301945466 8
24312 49.2763332667 -123.1253010167 1
24313 49.2824970969 -123.1171059608 11
24314 42.3490061769 -71.0847955303 26
24316 32.7540115333 -97.3308289667 6
24317 40.0164816073 -105.2848818898 2
24318 42.3541649167 -71.09100185 34
24319 42.36011475 -71.0941649833 3
24321 42.3633260833 -71.099905 5
24322 42.3455723731 -71.0464167595 48
24323 42.3648906667 -71.10236225 1
24324 42.3463167 -71.0433112167 10
24325 37.3529545167 -121.9760087333 3
24326 41.5841579 -93.6804450667 2
24327 37.8352636128 -122.4763906002 38
24329 37.788725771 -122.4083697796 54
24330 40.4238124298 -86.9091081619 3
24331 35.6537481977 -97.4653065205 61
24332 47.5474677833 -122.03929275 14
24333 47.5461782167 -122.0385907833 12
24334 37.4444103998 -122.1631415289 83
24335 30.3910714527 -97.7384144068 238
24336 49.2756455 -123.1204475833 24
24337 47.8388332167 -122.1238393333 2
24338 41.5867537417 -93.6646111819 24
24341 49.2569459333 -123.1055071333 2
24342 37.6725489 -112.15801255 10
24343 42.38389615 -71.1094135667 6
24345 37.7667776426 -122.4298323102 123
24346 41.70781455 -111.81735405 1
24347 52.9399229242 -1.1328363419 10
24348 52.9384422409 -1.1364090443 4
24349 52.9425608721 -1.137213707 9
24350 52.9428938369 -1.1316454411 1
24351 52.9418205818 -1.1324232817 1
24352 52.9413722333 -1.1325581333 1
24353 52.936935642 -1.1322784424 11
24355 52.1435826461 -0.4771757126 1
24356 49.605329754 6.1292415539 1
24357 51.6697569 -1.3000345333 4
24358 38.8897468074 -76.9718027115 52
24359 51.486389634 -0.1798435652 2
24361 35.6526989599 -97.4635578972 32
24362 49.6018661349 6.0646247864 1
24363 35.7100210654 139.7531735686 5
24364 55.0398958333 -1.4428136333 7
24365 30.2652699 -97.78152625 39
24366 30.2655437667 -97.7810585667 37
24367 34.1170720333 -118.2621877667 39
24368 37.76304375 -122.4263025833 42
24369 41.8177171833 -71.3539941667 4
24370 38.0570210006 -122.2247457504 31
24371 32.73919985 -117.1869926167 3
24373 42.0510648667 -88.03907395 12
24374 30.1713824 -97.82306335 17
24375 39.0400095912 -94.585850943 40
24377 40.7469051333 -89.6115832167 2
24379 -6.2278995667 -35.0498592333 2
24380 36.0884931167 -83.9238049333 4
24382 42.3712948094 -71.2368965149 4
24383 45.5349280333 -122.6484639667 11
24384 32.54175015 -92.6349735333 20
24385 37.7625560167 -122.3960515167 170
24386 40.4958522503 -80.25349617 394
24387 40.7589344285 -73.9771699905 39
24388 40.7590218333 -73.9760790333 8
24390 37.3715725759 -121.9972622395 17
24391 41.3543271557 -72.09400177 25
24394 49.2714095667 -123.13957285 10
24395 40.75925195 -73.97830873 9
24396 37.44687985 -122.1603479833 105
24400 37.4422176833 -122.1612414167 18
24403 49.2719348653 -123.1148099899 20
24404 42.3916442167 -71.0919898667 5
24406 40.4467674355 -80.015745163 48
24407 52.9071614779 -0.6651824713 3
24409 33.2174334667 -96.6391648667 4
24410 38.9064078815 -77.0415479205 1
24411 30.4022894 -86.8557470833 2
24412 40.6540759736 -111.9418644905 2
24413 40.0451531667 -76.3191797667 6
24415 40.0212672667 -86.9076645667 1
24416 42.3472772215 -71.0957157612 50
24417 45.5185265136 -122.6761722565 24
24418 38.6490700803 -121.5182304382 67
24419 42.0481836326 -88.037594707 13
24422 38.67973865 -121.26935365 2
24423 40.4234367224 -86.9004714489 1
24424 -6.2288455833 -35.0491092333 1
24425 38.571622432 -121.4881789684 12
24426 32.9084325 -96.96037045 31
24427 -6.2277128167 -35.0458429833 2
24428 38.57650615 -121.49764665 5
24429 38.5844235167 -121.5039984667 20
24430 38.5810431833 -121.5065209667 4
24431 38.5820388833 -121.5044366167 29
24432 49.2663413562 -123.0694806576 3
