700 87 613 10 52.54571428571428 65 459
22704 30.2305313333 -97.7985063333 34
22705 32.75603045 -97.3312530167 20
22706 37.7904443167 -122.4059872 13
22707 32.7552176336 -97.3297637701 15
22708 32.7554747842 -97.3305416107 46
22709 52.1351399833 -0.4654816333 3
22710 32.7780625738 -79.9269064673 13
22711 43.0990120167 -76.2076147333 1
22712 37.79089715 -122.4027069 18
22713 37.79089715 -122.4027069 8
22714 43.0999544167 -76.2068834167 1
22715 40.7065033167 -89.5234214833 23
22716 37.7905305833 -122.4038923 4
22717 37.7909038 -122.4048314167 19
22718 48.0520450833 -122.1671521333 3
22719 37.7885914833 -122.4092794667 15
22721 39.0557311333 -94.5916277333 10
22722 39.0541264167 -94.59471595 52
22723 32.6724865333 -96.9966622333 21
22725 40.6208550667 -89.4673019833 6
22726 40.6209450667 -89.4673198833 3
22727 38.9215054082 -77.0423005038 9
22728 33.1321172667 -95.62245625 1
22729 32.705839 -97.60329995 8
22730 32.7018307333 -97.60330595 6
22731 40.6607337557 -111.8841004372 5
22732 32.9417444167 -97.1187085833 18
22733 28.56547485 -81.58646105 10
22734 33.1156485667 -95.5940560333 3
22735 30.3716226167 -97.7275616 29
22736 38.9211614466 -77.041782954 23
22738 37.80054225 -122.2701480167 20
22739 32.9434467 -97.1241919 12
22740 42.396147049 -71.14130795 35
22741 32.9837618 -96.8417092 3
22742 37.7906745667 -122.2939870167 9
22743 37.7893349833 -122.30674315 2
22744 37.8047887 -122.41311945 18
22747 46.046299 -118.3914281167 3
22748 37.7817655167 -122.30116105 33
22749 30.2368731833 -97.7909384167 188
22750 37.7723969333 -122.3010220667 12
22751 46.7320719167 -117.1667868833 1
22752 38.91732465 -77.0313360833 12
22753 32.9513830255 -96.8385976553 30
22754 28.5408551781 -81.3786828518 91
22755 28.5412420667 -81.3795089833 25
22756 26.0623923633 -80.1872331097 6
22757 28.5408834532 -81.3787150383 39
22758 53.0194272 -112.83240335 1
22759 29.5191517667 -98.4954482333 42
22760 33.55822405 -83.4746344667 2
22762 47.6612956167 -122.1199071667 16
22763 35.5088594167 -97.5251243333 4
22764 45.5261099405 -122.6944344908 45
22765 37.4191867667 -122.2122015167 45
22766 33.6269350227 -111.8910937444 10
22767 36.1140694238 -115.1985919476 37
22768 52.1472630191 -0.4652881622 11
22769 51.5061314517 -0.0895965099 39
22770 32.3070063077 -86.3957966629 12
22771 51.54122135 -0.14516535 59
22773 51.1088858077 0.4302424192 5
22774 43.0987292333 -76.20377905 3
22775 32.75679185 -97.3376686833 19
22776 32.8380244167 -96.7756736833 21
22777 43.1029058 -76.2081231667 1
22779 30.38570505 -86.38493085 2
22780 28.4858457679 -81.431286335 146
22781 29.7229912167 -95.3852988167 18
22782 30.2799766167 -97.7591924 52
22783 38.99162945 -94.5864594833 4
22784 30.3701910667 -86.3273530833 3
22785 37.8041045167 -122.4684297333 118
22787 37.7861592167 -122.40450745 36
22788 37.7856078 -122.4041913667 21
22789 29.5944527 -95.6209494 8
22790 37.7851561363 -122.4037778378 40
22791 37.7853087608 -122.4038287997 36
22792 38.6679618 -90.6081867 15
22795 30.26935795 -97.7424278333 32
22796 51.541424143 -0.003401041 46
22797 51.5406434833 0.0012183167 9
22798 28.541580903 -81.3789510727 13
22799 25.7034967167 -80.2885461 11
22800 47.6749314833 -122.1289233667 14
22801 38.9123118167 -94.77684245 27
22802 38.9064039 -77.0382711 23
22804 30.4184635809 -97.7460694313 13
22806 40.7358847426 -74.0049684048 57
22807 30.3768163833 -86.3537707667 1
22808 33.7674878333 -117.83937625 2
22809 30.2233065167 -97.8439984333 53
22810 34.2368316833 -84.4913563167 1
22811 40.7291125115 -73.9918577671 13
22812 44.8506390667 -87.3604110333 1
22813 40.3575738622 -111.7769944668 2
22814 45.1282132785 -87.2367668152 4
22816 30.3225707167 -97.75692365 17
22817 33.6732872 -95.52180525 1
22818 32.8939895167 -97.2582045167 20
22826 33.8723903833 -118.3079573833 9
22827 40.7275378667 -73.9902552333 1
22828 39.2680627833 -84.2573702 2
22830 40.6222526833 -89.4601113833 7
22831 41.9780286285 -87.9036712646 3121
22832 40.62421485 -89.4613876167 1
22833 51.4711990231 -0.4536151886 904
22834 35.549991858 139.7864663601 53
22836 40.722134738 -74.0035075383 19
22837 45.1742603 -87.2217585667 1
22838 42.3321817586 -71.0532993078 5
22839 32.9443568 -97.12995425 13
22841 44.8585002478 -93.244882822 101
22842 32.8811675 -79.9769646833 20
22843 36.0077307095 -78.9218652248 11
22844 42.3505361287 -71.0699665546 7
22845 37.8058784859 -122.4194311676 16
22846 41.8513318188 -87.9528176492 53
22847 30.2359091167 -97.7951395833 66
22848 45.1618523333 -87.2348129667 2
22849 32.8077553667 -96.8098443167 46
22850 30.4018339755 -97.7259528637 24
22851 30.4031202166 -97.7247405052 9
22852 40.0162474287 -105.2818214893 86
22853 32.3867223 -96.8467426667 3
22854 32.3864003667 -96.8470284333 1
22855 32.4301206667 -96.8381710833 25
22856 30.37904274 -86.34806138 9
22857 43.0293457333 -81.2830947833 5
22858 30.3092363333 -97.9409573 39
22859 37.7733382 -122.4223983667 16
22860 47.6082839966 -122.3399124146 5
22862 38.9845157277 -77.0941650867 78
22863 25.7158176167 -80.27505425 2
22865 30.2954083351 -97.7423626184 100
22866 37.8067934667 -122.4201070333 15
22867 32.8842495833 -97.2597698833 2
22868 37.8067696167 -122.4194813167 28
22869 49.2643517833 -123.1700016333 1
22871 37.8677109014 -122.2590011067 18
22872 32.8117462667 -96.77505875 156
22873 -28.0678227667 153.3796457333 4
22874 34.0781664167 -118.2615352833 20
22875 51.53086435 -0.12149345 8
22876 51.5226029982 -0.1630675793 111
22877 51.5053230167 -0.1510974667 14
22878 51.5127094 -0.1480993333 9
22881 -28.1675628588 153.5390263796 2
22885 -28.2438987333 153.5574940167 4
22887 30.25548525 -97.8389686 1
22888 55.94759505 -3.189387 2
22890 38.0184290333 -84.5008562333 1
22891 38.026892 -84.5016033333 1
22892 35.9973912209 -78.9064049721 9
22893 51.9087029833 -0.6517939833 1
22894 38.02789715 -84.49920945 3
22895 38.0364922167 -84.5019962167 2
22896 38.0391226 -84.5008726833 5
22897 32.8447017242 -96.7735804009 93
22898 38.0413593667 -84.4909059333 5
22899 51.5025986745 -0.1132321358 756
22900 51.5022673667 -0.1097967667 19
22901 51.5048459265 -0.1136398315 74
22902 44.9496388333 -93.0854201167 14
22903 30.4472870833 -97.8107028667 15
22905 36.0884263 -94.1304615167 10
22906 44.9491293876 -93.0838560421 6
22907 30.3967166039 -97.7444386482 284
22908 33.7101148167 -117.85139485 3
22909 43.1145203659 -76.1122448209 70
22910 32.8513685333 -97.1686902 13
22912 33.7870246 -117.8222792 5
22913 51.4984578308 -0.1330804825 18
22914 51.499586582 -0.1341855526 29
22915 32.82179605 -97.1760208 66
22917 37.76544183 -84.31180948 1
22918 35.7782247185 -78.6383192311 26
22919 47.6938461333 -117.4257367833 3
22920 38.8959511667 -77.0397148167 22
22921 35.4935404167 -97.5250582333 9
22922 47.6935412 -117.4235046333 2
22923 33.2036571237 -96.7324215795 2
22924 38.6515785 -90.1977321 3
22925 47.6557802587 -122.4198442698 9
22926 51.5414508342 0.0007081032 13
22927 32.82033535 -96.8029899667 19
22928 32.8211870833 -96.8022844 28
22931 51.54150245 0.0028183167 3
22932 51.5416506833 0.00279245 2
22933 51.5458518667 0.0046024167 6
22934 47.6620960167 -117.41893235 3
22935 47.6605610833 -117.4197712333 6
22938 38.8938124333 -77.0393300333 20
22939 32.73132025 -97.4106005167 16
22940 37.6693506607 -121.8431854248 4
22941 45.0549523333 -92.80433275 4
22942 32.8416718667 -97.1339016833 19
22943 30.4142583167 -97.6720844833 30
22944 39.0401381667 -94.5945588667 27
22945 40.8054369968 -73.9654111862 22
22947 47.7234282333 -122.2054068167 1
22948 47.7232299 -122.2061745 15
22949 37.7998662 -122.4410638333 15
22951 47.6613058667 -122.3320858333 5
22952 52.6613784 1.3290883 4
22953 32.8055713167 -96.7989240167 63
22954 35.5314837 -97.5763725667 12
22955 42.09770895 -88.2952707333 23
22956 42.0976709667 -88.2953198167 6
22958 52.1336015833 -0.46606555 1
22960 47.6513236333 -122.3498907167 14
22962 52.9997996029 -0.4106998444 2
22963 47.65125435 -122.3499758 7
22964 40.1814581 -76.1875164833 2
22965 47.6798097333 -122.4058214667 5
22966 35.5409769 -97.6001709167 8
22967 36.39072485 -93.7380051 4
22968 47.6905773833 -122.4023162667 59
22969 32.8414206813 -96.7829632759 6
22970 47.6733686167 -122.4073159833 34
22971 36.4172249667 -93.77164465 4
22972 32.5569212 -97.0834243667 2
22973 37.7096038833 -121.72011385 2
22974 47.6686154333 -122.3853355167 1
22975 38.9794517167 -94.6315901167 7
22976 47.6155537 -122.3542587167 23
22977 47.6059820167 -122.34072955 42
22978 47.6052064167 -122.3400576833 32
22979 47.6052064167 -122.3400576833 8
22980 47.6048343833 -122.3397738667 17
22981 40.2937953167 -76.6488898167 34
22983 47.613830127 -122.3382031918 56
22984 37.8060055364 -122.4283415079 5
22985 47.59835535 -122.3151503833 1
22987 32.8418832 -96.7718030667 17
22988 47.5894941109 -122.270450592 65
22989 33.08826105 -96.8217087 11
22991 42.3881436833 -71.11952365 2
22992 33.077479 -96.8201081667 15
22993 47.4907431 -122.0238441667 1
22994 33.0782815167 -96.8211833167 41
22995 39.0157771 -94.7384548167 16
22996 40.7229238833 -73.9942199667 41
22997 43.6427059815 -79.3867564201 78
22998 42.3490124 -71.0813193 6
22999 33.0987740994 -96.8122312912 34
23000 47.3572104 -122.1177091833 8
23002 32.8524036793 -96.7691928148 98
23003 33.1065963 -96.8082616333 13
23005 40.7230472167 -73.9896355833 3
23006 37.7779718299 -122.3930999637 11
23007 42.1573596 -87.7748898833 46
23008 48.49569575 -122.6125872333 3
23010 36.4086875333 -93.7254754667 7
23011 49.2722737833 -123.1356529833 3
23012 37.4275412333 -122.1437183333 21
23013 38.8950271477 -77.0228576748 9
23014 35.9106745167 -79.0615807167 8
23015 49.27223765 -123.1345028833 2
23016 49.2719223833 -123.1347652667 3
23017 32.9232295 -96.9829713 24
23018 35.9097604206 -79.0649932623 3
23019 49.2702888833 -123.1332748333 8
23021 37.7944694016 -122.4055847578 13
23022 34.1016330418 -118.3266592026 34
23029 32.9089710167 -96.8031593667 2
23030 37.7932371333 -122.2736798167 1
23031 49.2841927333 -123.1070659667 2
23033 37.6803997333 -121.7683284833 7
23034 46.0695507167 -118.3373209333 4
23035 37.7937727167 -122.27480265 12
23036 35.5409388 -97.5648154833 100
23037 39.0844801 -94.5944059833 3
23038 39.0512681 -94.4522738333 5
23039 39.0335858 -94.61839175 27
23040 26.3172022 -80.0758625833 5
23041 32.8118072833 -96.7752961167 69
23042 40.5715474084 -89.6529328823 3
23043 36.0865405667 -94.1199619 8
23044 36.0866772167 -94.1329695833 2
23045 37.78831745 -122.4336761167 51
23046 -28.1680487742 153.5436800122 3
23047 36.0955631333 -94.1603009 20
23049 36.0789802167 -94.2164506833 11
23050 47.7532091167 -122.1688485333 1
23051 40.724047115 -73.9964282513 11
23052 45.5010792 -122.80489426 27
23053 40.760179427 -73.9846587181 70
23055 33.1083837167 -96.8064857667 93
23056 49.2832879483 -123.1043171883 21
23057 39.0360546 -94.4165039 8
23058 26.3162792167 -80.0766824167 4
23059 38.2586456833 -122.05996655 16
23060 32.7964137738 -96.8053974902 6
23063 49.2842537496 -123.1001973152 30
23064 30.2670325267 -97.7385934442 86
23065 32.8509311333 -96.81939875 24
23066 32.8508194 -96.8193749 56
23067 26.36346477 -80.08571678 6
23068 33.6496364349 -117.7427530289 190
23069 32.8321637 -96.8078642 2
23070 39.8893052155 -105.0693315268 23
23071 -28.8107987935 153.2863998413 19
23072 33.6981074833 -117.82728785 16
23074 52.9996284972 -0.4094874859 2
23075 52.9999642511 -0.4025834799 1
23076 53.0006970894 -0.4037261009 1
23080 52.9985082226 -0.4110431671 1
23081 52.9973443331 -0.4094606638 1
23082 52.9966469529 -0.4088303447 1
23083 52.996501664 -0.4086908698 1
23084 51.5104919502 -0.1294863224 24
23085 51.5104385316 -0.1301515102 73
23087 52.13420435 -0.4457692833 6
23088 51.5163072167 -0.1325426333 5
23089 51.5127667833 -0.1407959 47
23090 51.5144113683 -0.1419210434 476
23091 51.5142822 -0.14938 8
23092 51.5144313985 -0.152746439 131
23093 51.51175415 -0.1515176667 7
23094 51.5138430333 -0.1439667833 28
23096 52.1297604262 -0.451169014 6
23097 51.5147106333 -0.1372930833 11
23098 26.3676461667 -80.0783008333 9
23099 51.5096626833 -0.1365542333 24
23100 40.7566872 -73.9820505 6
23102 51.5101321 -0.1333455833 15
23103 42.3422981833 -71.0993357333 9
23104 51.51025595 -0.1326084167 16
23105 51.5103942167 -0.1319208333 2
23106 33.0786014902 -97.056607604 14
23107 51.5113358 -0.1256259167 12
23108 51.5115536317 -0.1199269295 20
23109 51.5132727667 -0.1206056667 5
23111 51.51375125 -0.1234786333 10
23112 39.1959190833 -84.2650832333 1
23113 44.6504004833 -63.57195895 3
23114 33.6497347474 -117.8380603372 22
23115 33.6512222218 -117.8391627875 9
23119 37.99700975 -122.53238285 9
23120 30.2525106833 -97.7484078833 60
23121 39.2824635667 -75.5927479167 3
23122 32.8649139 -96.80259805 18
23123 39.0561496333 -95.7269736333 20
23124 35.4839452667 -97.7592365833 2
23125 51.4996333344 -0.1636147499 103
23126 29.8761931105 -97.9389026948 11
23127 51.5005955667 -0.1625022 12
23128 51.501596892 -0.1605141163 34
23129 47.7064372 -122.1427628667 2
23130 28.5167114 -81.6214144167 8
23131 51.5020128333 -0.1591978167 4
23132 51.50280005 -0.1526716 32
23133 51.5025218719 -0.1508688927 22
23134 51.5028386167 -0.1515582333 16
23135 51.5025598833 -0.1518085167 7
23136 51.5034277 -0.1516086333 9
23137 40.7249858167 -73.9824099333 5
23138 35.5514890333 -97.76003905 2
23139 40.7619002 -73.96472 71
23140 34.0015575333 -118.48372775 20
23141 45.16529565 -87.22350075 5
23142 38.8034414 -77.0405823 18
23143 45.16276045 -87.1979177333 2
23144 47.6762788 -122.2073658833 1
23146 47.6756249167 -122.2089654833 5
23148 39.0349449667 -94.5834122667 16
23149 36.0006852492 -78.9354908466 6
23151 47.7884403833 -122.0794651 1
23152 33.0113837167 -96.6137876833 24
23153 32.8608537667 -97.25379135 22
23154 21.00033676 -156.65604978 2
23155 44.9974743667 -87.315633 1
23156 37.6939370738 -121.9289313451 70
23157 30.3085793167 -97.9432468333 35
23158 30.3094540833 -97.9417593167 36
23159 30.3095176333 -97.94200825 7
23160 30.3098788167 -97.9429652667 3
23161 32.8115827 -96.7746293833 292
23163 30.3094239667 -97.9409714 59
23164 30.3086016 -97.9394044 20
23165 44.8659908286 -87.3381543159 1
23166 33.0280507918 -96.7893955012 46
23168 38.0409146167 -84.48992835 1
23169 32.7540663667 -97.0963551833 13
23170 39.03131079 -94.68896675 2
23171 38.0409590333 -84.4904739167 1
23172 47.6246004167 -122.5209496 13
23175 47.5645903333 -122.6229965 2
23176 30.4239244315 -97.7151918411 80
23178 39.0275004833 -94.6886939333 7
23179 41.8180963695 -87.8766131401 6
23181 41.8188159902 -87.87753582 1
23182 39.9014073533 -75.1719760895 110
23183 38.91498165 -94.9764014333 1
23185 39.2465684 -84.3123051 1
23186 39.2688127667 -84.2666653 2
23188 35.6084676167 -97.6196871833 204
23189 44.925705 -89.654003 1
23190 38.9125180833 -77.0383359167 11
23191 33.07682155 -96.9193505833 1
23192 36.2754488 -97.3295296 7
23194 -28.8179525387 153.2976007462 10
23195 36.78827702 -119.76423805 1
23196 40.0171738676 -105.2839940786 15
23197 37.4257566 -122.1437229667 19
23198 37.4492236 -122.1602024333 5
23199 37.4469453333 -122.1618981167 2
23200 37.44457075 -122.1648749833 3
23202 36.1566624167 -86.7838588833 79
23203 37.3973491667 -122.0839611 6
23204 37.7974888 -97.3272163667 1
23205 37.38730955 -122.05498245 31
23206 37.3920571833 -122.0706892833 38
23207 40.7525295532 -73.9732598805 7
23208 37.3879463333 -121.9635878333 29
23210 37.4050195667 -122.1463866667 3
23213 -28.6431094743 153.6122131348 2
23214 37.4226198667 -122.1989636167 7
23215 37.4230935 -122.2035944667 2
23216 37.42108625 -122.2126151667 7
23217 37.4191894333 -122.2088859833 7
23218 37.4199923833 -122.21361365 8
23219 37.42388265 -122.2218814667 5
23220 51.43211685 -0.50312635 13
23221 -28.8131781333 153.2744069167 3
23222 -28.6383496448 153.6356019974 5
23223 -28.8089431333 153.2761602 4
23224 51.4056243829 -0.5099630356 14
23225 -28.6364349167 153.6330856333 1
23226 -28.6427140071 153.6223304272 3
23227 -28.6474548076 153.6129748821 2
23228 -28.6447949012 153.6118429899 1
23229 -28.6412592398 153.6130017042 4
23230 51.4026259645 -0.5119264126 10
23231 51.4023481993 -0.5131280422 1
23232 51.1923825 -0.6195720667 1
23233 51.4028234333 -0.5144889833 1
23234 51.4034458641 -0.5132943392 7
23235 33.54060095 -82.1337681 3
23236 51.4034023596 -0.512521863 12
23237 32.82397645 -96.7699002833 38
23238 52.6258788 1.2915239 29
23239 36.07275765 -94.1579060167 8
23240 52.6278264167 1.29143935 15
23241 51.4034726361 -0.5160570145 15
23242 43.7372844833 -81.70587205 1
23243 52.6277426583 1.2961935997 19
23244 52.62835795 1.2963135833 9
23245 51.4049902472 -0.5158478022 9
23246 44.6403265833 -63.5705962333 7
23247 40.7454007667 -89.57373745 4
23249 49.0133294077 2.5409317017 402
23250 39.12606735 -94.8260902333 22
23251 38.9157653833 -94.6577795333 74
23252 39.1266193167 -94.8274201167 12
23253 50.0462266848 8.5734558105 683
23254 40.0775460263 116.586227417 177
23255 46.7314412168 -117.1731591225 1
23256 39.8495018818 -104.673871994 3416
23257 30.27195745 -97.7541688167 279
23258 51.40433015 -0.51515045 1
23259 38.968205 -94.6669244167 37
23260 37.3717422833 -121.9897534167 6
23261 40.6438845363 -73.7828063965 1654
23262 46.7264686 -117.1853197833 1
23264 32.9797033667 -97.16903895 15
23265 30.2747425833 -97.7524576167 64
23268 39.043165 -95.726704 2
23270 38.8744112333 -97.6107884333 6
23271 45.5331536004 -122.6984345913 41
23274 38.9708753167 -94.6949651333 4
23275 41.7874410169 -87.744884491 1201
23276 38.9713981667 -94.7363977 7
23277 35.7701934779 140.386390686 157
23278 47.6731035488 -122.3438358307 40
23279 34.4348942907 135.2444028854 34
23280 34.7898671476 135.4389381409 13
23281 33.5954252908 130.4459953308 23
23282 47.6819743152 -122.3313474655 62
23283 40.7389373057 -73.98968786 17
23284 47.67974265 -122.3253101333 7
23285 32.9408180167 -97.0928782 5
23286 47.68012615 -122.3256469833 35
23287 47.68064785 -122.3260308667 3
23288 39.185703439 -96.57723248 6
23289 47.68518255 -122.3370993 4
23290 47.6821976833 -122.33998945 3
23291 30.2481371667 -97.7714909333 371
23292 47.6718862833 -122.3433134333 22
23293 37.8346921833 -122.2629167167 25
23294 37.6697623167 -122.0870218167 34
23296 47.46119308 -122.25839954 3
23297 37.754151995 -122.1974086761 115
23299 47.6784023833 -122.3270437333 8
23302 37.4430577204 -122.1647393703 283
23303 47.6783613167 -122.3272889167 12
23304 39.0584335146 -95.7677149773 12
23305 39.0451567 -95.7635863 5
23306 39.0449027047 -95.7637882233 16
23307 39.0447639333 -95.7648011167 8
23308 37.3924582833 -122.07908565 159
23311 33.8040977 -118.1688165333 4
23312 51.047360218 0.51335603 9
23314 51.4950117833 -0.1207605 8
23315 -28.8111946167 153.2796407 7
23316 51.5058042305 -0.0835990906 26
23317 33.6525009833 -95.52969315 1
23318 33.6525055167 -95.5295850167 1
23319 52.1456960996 -0.4856729507 11
23321 33.1096659921 -96.8065251865 9
23323 39.0500499667 -94.59908755 22
23324 37.3945369858 -122.0782703161 65
23325 51.5440677167 -0.1537857667 15
23326 51.4478990146 0.2174695485 26
23327 52.146130629 -0.4686141014 1
23328 48.8738185587 2.295024097 93
23329 52.1487377165 -0.4691505432 1
23330 47.6073124589 -122.3401307081 6
23332 32.8044495667 -96.8069708 24
23333 39.04271135 -94.5894828333 10
23334 32.7942497667 -96.80554105 7
23335 39.0425102 -94.5904223833 20
23336 39.04247535 -94.5904207333 29
23337 39.0424778333 -94.5906063333 31
23338 51.5463373667 0.0059677667 15
23339 30.4309257554 -97.7651390193 20
23340 32.8991917518 -96.9587854816 25
23341 49.2411309667 -123.0033100667 2
23342 39.04220015 -94.59262665 47
23343 32.8949482659 -96.9389015436 12
23344 39.0426075 -94.5936894833 19
23347 39.0425349667 -94.5939458333 22
23348 39.0412867167 -94.59412815 22
23349 39.04126675 -94.5940272167 21
23350 39.0412523333 -94.5937986833 15
23351 39.0424348333 -94.5919301833 62
23352 39.0006752167 -94.5172018667 1
23353 32.7124345863 -97.3609149456 6
23354 39.0406858333 -94.5915378667 25
23355 39.0411052333 -94.5915298 36
23358 39.0413142 -94.5916232167 49
23360 39.040486 -94.5944159667 17
23361 30.2559858461 -97.7469277382 178
23362 39.0508073667 -94.5861284167 19
23363 39.0532725667 -94.5918889833 17
23364 39.0517923 -94.5912061 17
23365 33.8681518833 -118.2373159 1
23366 39.05206685 -94.59199735 14
23367 29.4219041686 -98.4842079878 53
23368 33.7484546833 -118.40662515 3
23370 33.0148122833 -96.6497176833 1
23371 43.7230077424 10.3966122866 48
23372 36.0848987512 -115.1490783691 2275
23373 52.3094691299 4.7622191906 754
23374 39.0553535833 -94.6114669667 7
23376 39.0498730667 -94.6029463833 20
23378 32.6706523 -97.2031493167 17
23379 37.6647552167 -121.8744540833 21
23380 28.5515900333 -81.5818390833 8
23381 37.6639318 -121.8743674333 4
23382 39.9524757656 -75.163564682 84
23383 39.0538960333 -94.5939940667 5
23384 37.6586141 -121.8766786667 29
23385 37.6609461667 -121.8754397 23
23386 37.6609224833 -121.87556405 22
23387 39.0413151167 -94.5889263 34
23388 33.2488708 -84.2637314833 1
23389 39.0481112167 -94.5863906667 20
23390 35.5987164333 -97.5824257833 6
23391 29.5965535754 -95.6215110851 22
23392 35.6575403342 139.78333354 3
23393 37.3917161167 -122.0778812333 46
23394 40.6191972269 -111.9808959961 12
23395 47.6687512833 -122.3874764333 16
23396 30.1660530667 -97.78805985 49
23397 34.1189326333 -118.2595851333 16
23399 37.75782605 -122.3905651833 13
23400 -28.8060982993 153.2803595066 7
23401 -28.8082183 153.2858696167 4
23402 35.5073390013 139.6176052094 46
23404 38.95717465 -77.35983562 2
23406 -28.6431659695 153.6147987843 1
23407 53.0819857879 -0.8000895381 2
23408 53.0774541 -0.8084558333 4
23409 -28.81846855 153.3002943833 5
23410 33.2201929333 -96.6426265667 4
23411 51.5044421788 -0.0831852839 37
23412 35.7000997333 139.7717987667 13
23413 35.66839855 139.7619369 4
23414 40.2392292667 -74.9685186333 2
23415 39.0489672667 -94.5859627667 7
23423 35.6298509817 139.7359442711 5
23424 32.5118759 -93.7512099 31
23426 34.0920868833 -118.2801161833 123
23427 37.7882338167 -122.3875991667 21
23428 42.9533920833 -81.2294224167 1
23429 26.3679332167 -80.1262174667 12
23431 47.9871453833 -122.20957925 19
23432 40.4855714059 -3.5698699951 125
23434 29.516222423 -98.4653627872 10
23435 32.9749990145 -96.7152106762 26
23436 38.9117751 -94.66136185 15
23437 52.1323068333 -0.4364037333 2
23438 37.7735302833 -122.42579775 203
23439 47.9791932833 -122.2095209 3
23440 42.3526082259 -71.0598305711 4
23441 37.80761345 -122.2690437333 12
23442 37.8039350602 -122.2713196278 40
23443 47.9799321333 -122.2086208833 5
23444 37.7948818333 -122.2771462333 37
23445 37.7954141 -122.2764857833 22
23447 47.6676176999 -122.3846746385 22
23448 38.240694 -84.56079665 1
23449 38.9012536167 -77.0496586333 4
23450 37.8086066333 -122.2685635167 4
23451 34.2349404333 -119.1796667667 11
23452 47.4700621142 -122.1615669861 21
23453 47.4818391 -122.1867022 1
23454 32.9419725569 -97.1330944367 8
23455 33.0038046333 -97.1019733167 9
23456 32.8329458167 -96.7024776833 26
23457 42.3867068833 -71.0963871833 2
23458 40.0170629421 -105.2832645178 99
23459 40.0170773214 -105.2832001448 17
23460 35.8995667082 -79.0438950062 17
23462 33.0086769902 -96.7053723335 12
23463 35.9370588477 -79.0238589048 10
23464 38.8803939854 -76.9950027449 16
23465 38.9178585497 -94.6475923061 27
23466 47.6989039833 -117.4218639167 1
23467 38.5997906 -90.2237513 2
23468 42.4032941 -71.0816447333 7
23469 36.1262797833 -94.1431872333 7
23470 37.3771803667 -122.03047865 15
23471 32.8589749002 -97.0796025794 1
23472 30.2308564 -97.8177845333 25
23473 32.8705245333 -96.93931205 26
23474 41.9103892667 -87.6760699833 71
23475 37.37655575 -122.0303015167 6
23476 45.52121275 -122.65372465 13
23477 -28.8059745667 153.2808538 1
23478 37.7605727167 -122.3989091 4
23479 53.4279976603 -6.2397193909 189
23480 53.3442170642 -6.258559227 21
23481 53.2953273 -6.2034526333 8
23482 35.6701707728 139.7026795149 120
23483 -28.1671064983 153.5368859768 3
23486 51.5555616175 -0.177966206 3
23487 51.5070606976 -0.0923842662 12
23488 53.3487435 -6.26694745 14
23489 53.3517485333 -6.2631844667 1
23491 53.3524357833 -6.2614359 5
23492 53.35374825 -6.2643667167 2
23493 32.9547282333 -97.0056489333 17
23495 61.1584151167 -149.8541259833 10
23496 53.35722985 -6.2634880833 1
23497 53.0734669175 -0.8128085732 9
23500 53.35589515 -6.2654481 1
23501 53.3552080167 -6.2658400667 1
23502 48.0618206333 -122.176185 1
23503 37.6630390333 -121.8748761333 20
23504 29.8061856167 -95.8209023167 2
23505 37.6617433667 -121.8752057167 19
23506 37.6630118833 -121.8746967833 19
23508 37.6630455833 -121.8746549 19
23509 32.9851012333 -96.9929988667 1
23510 37.6633302667 -121.8725835 19
23511 41.5979766833 -87.0460665167 5
23512 32.7567346667 -97.0642097 12
23513 29.7421667333 -95.7785945667 7
23514 38.96194645 -94.6687193833 7
23515 32.9246414167 -96.8423036 17
23516 49.4903640747 5.9798049927 5
23517 32.4986538333 -94.7517731333 14
23518 39.2588125333 -84.3414767167 1
23519 13.6898969614 100.7483196259 754
23521 32.9961276 -96.8303098833 13
23522 53.3508122167 -6.2697370833 1
23523 29.9877985723 -95.3393554688 1764
23524 33.4357390069 -112.0011520386 1854
23525 39.2296069167 -84.2546242 9
23526 42.2152965186 -83.3553314209 876
23527 39.5059758981 -119.7758865322 204
23528 53.3465411167 -6.2631151333 9
23529 32.7247585 -97.4742995833 7
23530 53.3454049833 -6.2623529167 2
23531 53.3455301667 -6.2618451667 3
23532 37.06357347 -93.29091781 1
23534 30.2698905167 -97.7493256 168
23535 53.345035 -6.2590363 2
23536 53.34431205 -6.2605508333 3
23537 53.34321705 -6.2619397 1
23538 37.6038362667 -122.3944024333 4
23539 51.5428828333 0.0040315 3
23541 30.2017409921 -97.8774952432 215
23542 32.83807255 -96.7764123667 43
23543 39.4770177355 -119.7840633434 4
23544 37.7657699 -122.4018472167 17
