700 166 534 5 25.087142857142858 124 400
21865 33.5351670667 -101.919661 15
21866 33.5351670667 -101.919661 10
21867 32.8377045167 -96.77268955 10
21868 47.6100852607 -122.3352602521 23
21869 48.8583481772 2.2943508625 171
21870 33.8726444333 -117.7359483833 10
21872 53.0783074281 -0.8084177971 1
21873 51.3823313 1.4014245667 1
21874 32.6833010833 -97.1336853167 14
21875 40.725356187 -73.9923298359 27
21877 33.5905247 -101.8857501 3
21878 33.59087545 -101.883759 4
21879 33.5910640468 -101.8729376793 37
21880 33.5908986098 -101.8681094376 10
21881 35.1390255833 -90.03798755 27
21882 32.7845024 -96.7808540333 67
21883 32.78476725 -96.7831579333 22
21884 32.78482285 -96.78327615 8
21886 33.5911684409 -101.8697240594 13
21887 32.7847518167 -96.7837272 12
21888 32.7846435667 -96.78389655 4
21889 32.7846227274 -96.7842936516 72
21890 32.8518579167 -96.8219375167 6
21891 32.8497450833 -96.8428108667 6
21892 35.1059049167 -89.8797397333 3
21893 33.57960677 -101.88843041 29
21894 37.13006007 -76.51526474 1
21895 33.582716297 -101.8845462799 8
21896 30.4136018833 -86.6540928333 1
21897 35.13855345 -90.05787855 17
21898 33.5844949538 -101.873677969 3
21899 33.5846160865 -101.8748413413 7
21900 33.5846160865 -101.8748413413 2
21901 33.5836525148 -101.8751921547 8
21902 33.5836525148 -101.8751921547 79
21903 33.5809631348 -101.8753967285 58
21904 33.5809631348 -101.8753967285 5
21905 33.5823816833 -101.87658345 91
21906 33.5808627456 -101.8792368472 7
21907 33.5815237816 -101.8813715257 21
21908 33.5811074301 -101.8828725815 3
21909 33.5834720961 -101.8753713548 5
21910 33.5849910522 -101.8751050512 8
21911 33.5844842015 -101.8703593789 5
21912 32.3872880167 -96.8495927833 3
21913 33.5844842015 -101.8703593789 12
21914 33.5844842015 -101.8703593789 16
21915 33.5844842015 -101.8703593789 27
21916 32.7804013324 -96.8008375168 26
21917 33.5844842015 -101.8703593789 12
21918 39.0321745833 -94.59565125 7
21920 32.86676955 -96.7724401333 32
21921 33.5917476989 -101.9204750583 6
21922 33.5916392 -101.9055258 10
21923 45.5245484874 -122.683818561 121
21924 38.9734894 -94.6077104167 36
21925 37.4493098508 -122.1861004829 62
21927 26.0179544333 -80.1178027167 11
21929 51.76163065 -1.2538555333 2
21930 37.4539127667 -122.18001425 11
21931 47.7086710667 -117.4346807167 5
21932 32.5928216167 -96.9417477833 2
21933 30.230715072 -97.7881479263 42
21934 32.38311365 -86.1856369 5
21935 33.7600324059 -117.8393857849 8
21938 52.8999719893 -0.6609177589 1
21939 47.6154886333 -122.34464365 32
21940 32.93698425 -97.1850850833 7
21941 43.2496103287 -70.5936169624 16
21942 43.6702877667 -79.3937541667 2
21943 32.9216712 -96.973222 59
21944 32.8933126333 -97.2532284167 3
21945 47.61088275 -122.33897255 12
21946 47.61204248 -122.34260785 10
21948 33.8108983833 -93.42748355 6
21950 37.7820701924 -122.401086241 30
21951 32.6034142833 -96.9438077833 9
21953 32.9358383333 -97.2499526667 5
21954 32.9380402833 -97.249337 4
21955 32.9429644333 -97.24920775 15
21956 40.014394513 -105.2250042558 5
21957 32.9396197667 -97.23417815 17
21963 49.2863672489 -123.1182861328 7
21965 37.7871730859 -122.4035981297 35
21966 32.98472785 -96.8627594833 51
21967 18.46543514 -66.11213815 3
21968 43.6612583167 -79.3831948833 57
21969 37.7799068833 -122.479932 11
21970 47.6105175064 -122.337269783 11
21971 38.9934000833 -94.5933176 34
21972 47.6110780628 -122.337256372 55
21973 32.9087701 -96.9580376667 18
21974 38.9661326516 -95.235875845 10
21975 43.6612327304 -79.384395179 13
21981 37.11033765 -76.4684295333 1
21982 37.6900873667 -97.32950795 9
21983 35.9216666 -78.9583606333 1
21984 33.07244215 -96.8770820167 8
21985 43.3160612667 -81.7642230167 6
21986 33.0373471667 -96.7640340167 2
21987 33.5106633152 -82.2179031372 2
21988 39.94479165 -104.9907959333 3
21989 39.9448008 -104.99297615 7
21990 32.9495162964 -96.8389205933 5
21991 38.9925918579 -94.5943832397 10
21992 37.4272142167 -122.1440163167 134
21994 32.59362825 -96.9365176 10
21995 33.8882658167 -117.8294096167 3
21996 40.7818928 -73.98128765 7
21997 33.8891028126 -117.8190886974 12
21998 40.78387635 -73.9806528167 4
21999 31.8820881833 -102.31378555 5
22000 32.8972959 -96.9582678167 6
22001 39.0901854333 -94.5837067167 8
22004 32.35204231 -86.22144311 4
22005 32.8815321667 -97.25937295 37
22006 32.8823027 -97.2594340167 17
22007 32.88283125 -97.2592054167 7
22008 32.8840272167 -97.2590867667 2
22010 32.89062005 -97.2556453 3
22011 32.8929507167 -97.2570375333 4
22012 47.6614791217 -122.3185157522 21
22013 32.89433635 -97.2582548333 20
22014 32.8958927667 -97.2560746 45
22015 32.8973248167 -97.25573855 18
22016 33.5090441606 -82.2289860249 4
22017 32.89924575 -97.2573937833 8
22018 32.9017649167 -97.2569892667 14
22020 32.9164762667 -97.2543385833 14
22021 32.9180510167 -97.2553219333 6
22022 32.92121335 -97.2537364333 9
22023 37.6903782167 -97.3288506667 16
22024 32.92554105 -97.2537867333 1
22025 29.42543816 -98.48890811 4
22026 37.6897756167 -97.32798355 22
22027 32.92956935 -97.2878962333 33
22028 32.7591318 -97.0988173167 13
22029 32.7620226167 -97.0629393667 10
22030 45.5123785333 -122.65331775 2
22032 32.95121574 -97.0532338 7
22033 32.947245 -97.05816572 3
22034 32.9526729291 -97.0625640919 2
22035 48.8341449444 2.3325669765 9
22036 51.5318410147 -0.1264071465 537
22037 51.5290025 -0.1275637333 13
22038 51.5313285401 -0.1278711782 19
22039 51.5295183431 -0.1266023376 9
22040 51.5292488333 -0.1275495833 8
22041 51.5286939833 -0.12743005 3
22043 51.51878995 -0.12606545 163
22044 51.5186953146 -0.1266627527 15
22046 51.5186953146 -0.1266627527 48
22047 51.5178456833 -0.1256218167 17
22048 51.5181463442 -0.1259228367 29
22051 38.04677587 -84.50559782 1
22053 58.5252325333 13.37951385 2
22054 51.5179395333 -0.1271296333 13
22057 51.5167591667 -0.1300654167 17
22058 51.5162494167 -0.1303119167 40
22059 58.6193536 13.4025438167 1
22061 51.51339615 -0.1294117 16
22062 51.5117138833 -0.1279628277 2
22063 51.5133441 -0.13059285 9
22064 58.6186356833 13.3883399833 2
22065 51.5112331267 -0.1283383369 54
22066 51.5111184 -0.1286793833 13
22067 51.5099394167 -0.1283933167 5
22068 58.5972987167 13.4149578167 5
22069 32.9260233167 -97.17890245 6
22070 51.5092900168 -0.1286494732 48
22071 30.26175155 -97.7618140833 236
22072 38.8997958196 -77.0187341145 30
22073 27.71655625 -97.35489904 4
22074 51.5077207782 -0.1279520988 55
22075 58.6018245833 13.4076706 2
22076 37.6830052093 -97.3409807682 10
22077 43.2586221 -70.5990180833 2
22079 32.8113970997 -96.770284886 16
22081 58.6196945667 13.4899450333 1
22082 51.5020860333 -0.1196759833 26
22083 47.6672876107 -122.1062350273 3
22084 51.5009664667 -0.12144185 45
22085 37.7407506833 -97.24098675 1
22086 30.2654334905 -97.755907774 197
22087 51.500758717 -0.1245939732 187
22088 40.7169381167 -74.0037027 3
22089 51.4992325979 -0.1250445843 133
22091 39.6877826 -104.9805517833 4
22092 38.0493752876 -84.5025014877 27
22093 37.7909279 -122.41891905 25
22094 34.086788 -117.7712918 31
22095 37.7933211167 -122.42302645 43
22096 35.9019935667 -84.14802195 8
22097 32.72192565 -97.3570961 34
22098 38.9377623525 -95.2600863849 17
22099 32.7214057833 -97.35717205 26
22100 32.7212595667 -97.3568936 28
22101 51.5102782754 -0.1339924335 14
22102 48.0510033167 -122.1761088167 2
22103 35.9256903167 -79.0379115833 13
22104 32.7194742333 -97.3549090167 30
22106 38.2804167667 -104.7298001167 1
22107 41.79495565 -110.5381385333 1
22108 58.3855620833 13.4361807833 1
22109 32.8778258056 -97.1593216252 3
22110 58.3865389667 13.43863405 10
22111 32.8378294333 -96.7765135667 12
22112 32.8379357 -96.7764735667 58
22113 40.7297504439 -74.0028312031 11
22114 32.7737876833 -97.4737402 1
22120 48.50209569 -122.62335503 2
22122 32.7674214667 -96.7961796667 40
22124 40.7248302333 -74.0051622333 4
22125 32.7548399167 -97.3324509667 18
22133 37.7202864 -97.2426193333 4
22134 32.7082639348 -117.1602094173 7
22135 32.9309565167 -97.2262086 1
22137 38.9339146 -77.07375633 25
22138 32.7550542833 -97.3318330667 12
22139 49.1688097 -122.57305515 1
22140 47.50426885 -122.3198134 2
22141 32.9277396167 -97.2358161333 2
22142 33.19160985 -97.12750262 2
22143 48.3923154333 -122.4955477833 2
22144 35.9743434667 -78.93167285 26
22145 36.1175362426 -115.1726281643 87
22146 42.83236074 -108.73060905 3
22148 32.7828449333 -96.7832936333 33
22149 37.78248935 -122.3929546667 34
22151 40.73091745 -74.0028999 5
22154 41.9463609667 -87.6560689167 23
22155 28.5506131667 -81.5417260833 4
22158 38.1555311 -84.5146812333 3
22159 38.1555311 -84.5146812333 3
22161 45.5225425764 -122.6781222224 162
22163 30.4145713182 -97.7466259042 321
22164 32.9070524418 -96.804164525 4
22165 33.4863052368 -82.0826873779 3
22166 32.6049329 -96.9405391833 37
22167 33.2100325694 -97.1484920382 16
22168 40.734039317 -73.9906990528 118
22169 49.1550159667 -122.4992027 1
22170 32.8687021596 -96.7736935616 280
22171 32.5995002333 -96.9441308 8
22172 32.5994289333 -96.9437774667 3
22173 26.00762629 -80.18191766 3
22174 49.2192509532 -122.8119134903 15
22177 39.0979090333 -94.58249505 17
22178 38.5838343333 -122.57025605 13
22179 32.71516575 -117.17356625 16
22180 27.6975485 -97.3435207 3
22181 40.7613721833 -73.97242375 4
22182 34.0511230333 -118.25485965 2
22183 34.0558071167 -118.2539047167 4
22184 34.0555483265 -118.2498192787 72
22185 27.69409115 -97.3406959333 5
22186 47.6764611167 -122.2075059833 17
22188 39.0505579167 -94.4502209333 2
22189 30.2647477676 -97.7444922924 55
22190 32.7852550662 -96.8090424143 42
22191 37.7526823521 -122.4120497704 125
22192 30.2578254048 -97.8081786633 142
22193 32.7491543667 -97.3555960833 56
22194 32.8070987167 -96.7974578833 58
22195 40.27843565 -111.7175305 2
22196 30.2635664167 -97.7541524667 16
22197 45.5591832 -122.6548514833 16
22198 37.7766609167 -122.4635481833 6
22199 30.2666937255 -97.7457904816 208
22200 30.2644540333 -97.7585001333 62
22201 49.22783185 -122.8378433 3
22202 37.7452509837 -122.4508237839 8
22203 49.2387848667 -122.8611780333 3
22204 39.7430982869 -104.9801051617 27
22205 49.2372160333 -122.87040455 1
22206 49.2491973833 -122.87737265 2
22208 33.4558420167 -112.0722404833 17
22209 39.7162429833 -104.9874185667 16
22211 37.9807658833 -121.3083650833 2
22212 33.52775347 -101.93147158 2
22213 32.78474385 -96.7831672333 9
22215 39.71622005 -104.9874510667 43
22216 33.4979218333 -112.0740267333 13
22217 39.7561974133 -104.9941599369 303
22218 37.7691881781 -122.4519824982 16
22219 36.0995157822 -115.1713728905 82
22220 37.7695511333 -122.4470652333 24
22221 45.5124061833 -122.6534250833 30
22222 49.1678253333 -122.66544135 12
22223 34.0778524 -118.3764969333 14
22224 32.7846143333 -96.77714425 61
22225 36.1163880886 -115.1723716538 26
22226 51.5896174 -2.9988724833 21
22227 33.0513349 -117.2610837167 29
22228 40.72030228 -74.00102823 5
22229 39.0420491667 -94.5907279833 46
22231 51.7527211333 -1.2515326833 2
22232 51.7527241167 -1.25098435 3
22233 51.75270645 -1.2503994167 4
22234 51.7520283891 -1.2472164631 12
22236 51.75415635 -1.24516725 1
22238 33.5348217964 -82.1282637119 5
22239 41.89736275 -87.6253267333 10
22240 38.9184910026 -77.0319500682 14
22243 40.6754608154 -89.5360794067 4
22245 38.9173493333 -77.02829385 4
22247 27.9858180855 -82.8284490108 19
22248 39.7397604333 -105.0008412833 12
22250 37.5984391182 -122.5021183491 32
22251 37.8812405333 -122.2955731333 2
22252 49.2869151667 -123.1180162 6
22253 47.6206861512 -122.3315191269 24
22254 39.0449193698 -95.7623451948 23
22255 49.2963036802 -123.1384992599 13
22256 49.2989930333 -123.1360794833 4
22257 33.02646955 -96.7979557 8
22258 49.2990704167 -123.1337659167 19
22259 49.2994622167 -123.1336335833 3
22260 37.0840276167 -76.4877823833 1
22261 49.3005785667 -123.1338620667 5
22263 49.3017308833 -123.1337628833 3
22264 37.7899297419 -122.4341511726 20
22266 49.30260535 -123.1304664333 9
22267 40.0178312003 -105.2810302377 39
22268 40.0177038426 -105.281598866 16
22269 49.30003445 -123.1310456333 49
22270 40.0176894635 -105.2816873789 69
22271 37.7893520333 -122.4340008833 25
22272 32.9618122861 -96.7362633348 8
22273 40.0175990804 -105.2821540833 4
22274 49.2999675 -123.1310234 4
22276 41.8793750538 -87.6284605265 41
22277 34.8412094116 -87.6359786987 4
22278 42.4901838667 -83.1305252167 5
22279 30.1747361167 -97.8410514833 10
22280 37.1406443167 -93.2764464833 12
22281 47.6866540333 -122.4031295667 7
22282 30.3051879597 -97.7455437183 57
22283 40.1687982135 -105.1022958755 43
22284 31.5816932928 -97.1092325449 15
22285 51.0546678284 3.720459938 73
22286 34.01425395 -118.5017395333 10
22287 34.8362579346 -87.6298751831 2
22288 35.69237915 -105.9491991833 1
22289 49.19982105 -122.9494871333 11
22290 49.1965758011 -122.9473972321 6
22291 47.3164511333 -122.3105087 6
22292 49.1950263618 -123.177895546 474
22293 49.185153681 -123.1444644928 21
22294 41.8859130408 -87.6277470589 53
22297 49.1248312 -123.18647535 2
22298 38.9570930833 -94.6630809333 11
22299 39.0129768833 -94.7206234833 6
22301 40.0178188754 -105.279506743 5
22302 40.0178353086 -105.2794370055 15
22303 40.0186959939 -105.2781254053 24
22304 49.1237826333 -123.1842853667 6
22305 40.0184330649 -105.2776372433 18
22308 40.0178866624 -105.2760440111 20
22309 47.3153076172 -122.3059539795 3
22311 40.7237037833 -73.9831163333 3
22312 37.7650832705 -122.4389791489 12
22313 28.55275125 -81.5154904167 6
22314 47.2934296333 -122.3013252833 2
22315 41.9929445833 -87.6604190833 5
22316 47.2964594167 -122.30086635 2
22317 32.9321905 -97.3050710167 5
22318 32.9371064 -97.30873575 31
22319 49.1252817333 -123.1851324167 2
22320 32.9099584 -97.2581239333 5
22321 32.9103865333 -97.25715115 1
22324 32.8999659461 -96.7673742771 137
22325 52.8992698015 -0.6610733271 2
22326 45.33347243 -72.64442086 1
22327 40.7268329333 -73.98588355 9
22328 32.95141345 -96.82027455 2
22329 37.56203255 -122.3288550333 2
22330 32.7994359181 -96.8089817461 8
22332 47.6128320232 -122.3352956772 40
22333 37.3263089 -122.0317379167 35
22334 36.0683797959 -115.1775741577 71
22335 36.1150574828 -115.1717698574 26
22336 51.5157018833 -0.1283512 8
22337 32.6734646167 -97.1590325667 9
22338 51.515794 -0.1261606833 7
22339 51.5152411833 -0.12708065 34
22340 51.514731851 -0.1300522685 33
22341 48.1958773899 14.2458901841 6
22342 51.5150382333 -0.1226139 9
22343 51.5148499667 -0.1217214667 14
22344 51.51392485 -0.1203499 7
22345 51.51268365 -0.1207678 9
22346 51.5126219654 -0.1222765446 61
22347 51.511747269 -0.1234030724 101
22348 51.5087892018 -0.1267826557 21
22351 38.9341652 -94.6297000667 16
22352 51.5018119167 -0.14039225 26
22353 51.5023782842 -0.1352798939 62
22354 51.5022809 -0.1295654333 4
22355 51.5021368333 -0.1294268 12
22356 37.6278281232 -122.4270486832 86
22357 51.5004390333 -0.12760975 13
22358 57.6979904 11.9516001833 4
22359 51.4993194245 -0.1274478436 96
22360 34.0902430487 -118.3929741383 4
22361 37.8001987315 -122.4017380178 25
22363 51.4645421925 -0.170545578 301
22364 49.2773727238 -123.1192697573 11
22365 42.3566065833 -71.14575525 3
22368 36.0890331167 -79.9241250167 9
22369 40.01713073 -105.28167665 12
22370 33.6791130406 -117.8612744808 692
22371 39.10261112 -74.71754604 2
22372 49.2759278833 -123.1192559167 13
22373 34.143797 -118.2566661 124
22374 40.7578494333 -111.8408534667 1
22375 32.9381561167 -97.1029541333 1
22377 32.9322173167 -97.0970606167 30
22378 55.5845598833 13.0146686667 6
22380 33.1540745667 -94.9724529333 1
22382 51.8826200667 -0.4132868833 23
22383 37.8040136726 -122.403228317 8
22384 38.8984692833 -77.0120471667 7
22385 37.892991427 -122.5729608536 43
22386 33.6245420333 -97.1474252833 2
22388 39.2460815553 -94.5817627212 2
22389 38.2349598833 -122.12072025 1
22390 42.9755860167 -81.2523291833 1
22392 41.8949022333 -87.62685655 14
22393 39.0377953667 -95.6959631667 2
22394 33.0115717068 -96.6123056658 10
22395 33.0115717068 -96.6123056658 8
22396 44.37746345 -89.8066273167 7
22397 37.7986932169 -122.4083785765 31
22398 55.5844185833 13.0144424167 1
22400 47.6486619667 -122.3772802833 50
22401 32.9256388333 -97.08689155 3
22402 32.9282353167 -97.0857138833 11
22403 30.2240447167 -97.8395215 31
22404 32.9281198167 -97.08741925 14
22405 32.92802545 -97.0877732167 10
22406 32.9281322667 -97.0893479833 4
22407 32.9292813833 -97.08942545 7
22408 40.6049203 -89.4652362167 2
22409 40.6127945 -89.45998265 4
22410 47.6630173604 -122.3726320267 32
22411 40.61565515 -89.4644303833 6
22412 47.6609362996 -122.3762798309 63
22413 37.7989075686 -122.4085815758 36
22416 40.61343115 -89.46080115 9
22417 40.6247544 -89.4498925 2
22418 40.7588992833 -73.9536705167 9
22419 40.7620891379 -73.9499080181 6
22420 36.1099003714 -115.1703965664 269
22421 36.1273205132 -115.1651287079 55
22422 52.1393411167 -0.4665356833 4
22423 52.145083801 -0.4686462879 1
22424 51.491604576 -0.1937842369 116
22425 51.4768643667 -0.2848180333 18
22426 51.477394512 -0.2866922635 3
22428 32.9947710167 -96.9379088667 4
22429 32.99283755 -96.9361938 1
22430 51.4773986667 -0.2858391167 6
22431 30.2696357552 -97.7433872223 104
22432 33.2154339985 -96.6397869587 9
22434 51.4779592833 -0.2906323333 5
22435 42.3814715667 -71.0974090833 12
22436 51.4784852333 -0.29244645 1
22437 33.13978465 -96.1087904667 3
22438 33.1395235833 -96.1072069 4
22439 51.4799438 -0.2932203833 2
22440 51.4767564 -0.29452375 2
22441 32.9221844 -96.99292469 16
22442 41.9247142667 -87.7876895833 3
22443 33.1606118167 -95.2361893667 3
22444 33.1599487833 -95.2358450333 2
22445 51.5209274056 -0.2010315657 32
22446 30.2715971167 -97.7577660167 25
22448 30.271373133 -97.746026516 87
22449 39.0980385333 -94.5821349167 35
22450 30.2732772167 -97.7448606167 76
22451 38.9271632833 -94.4055123833 2
22452 38.9306318667 -94.4078744833 2
22455 38.9264476513 -94.4064295292 1
22456 38.9111843667 -94.45044 2
22457 38.9090214833 -94.4530949667 5
22458 37.7677184667 -122.41091875 36
22459 38.9241650667 -94.4637021667 1
22460 37.7591390333 -122.3883943 56
22462 37.7596451833 -122.3874514333 25
22463 37.3846720333 -122.0824086167 33
22464 51.5154478065 -0.1352451422 9
22466 32.7566414167 -94.3458640667 1
22467 42.31628225 -71.0975353667 4
22468 32.7561272833 -94.3450803833 1
22469 51.515773404 -0.1365888119 4
22470 32.7559175667 -94.3426145667 2
22471 30.2342212993 -97.7575868368 46
22472 39.0071710553 -94.5328903198 18
22474 51.5144499 -0.1407507333 21
22475 32.7552051833 -94.3505596333 2
22476 37.8002437333 -122.4019237333 6
22477 32.7612705 -94.3485938333 2
22478 37.79990635 -122.4000537833 8
22479 40.7236061333 -73.9882734833 18
22480 51.5139106097 -0.140182972 55
22481 39.036636 -95.764475 6
22484 34.6227110376 -117.5425422192 1
22485 35.1483965 -106.5906770167 3
22486 33.5128021349 -82.0491866849 8
22487 37.78242611 -122.39536869 13
22488 41.9556590667 -87.8050100167 6
22489 37.3372404833 -122.0145637 19
22491 32.9737574 -97.0158886333 5
22494 32.9019567243 -97.0381700993 5
22495 43.4120659 -80.3236079167 7
22496 40.7398054 -89.5934352833 1
22497 30.270321444 -97.7548831701 51
22498 37.0353187499 -76.3911688328 3
22499 40.72636225 -73.9843706667 4
22500 32.8410539833 -97.1586341167 12
22501 40.7564842984 -73.9974967501 11
22502 33.1758439167 -96.6969743333 3
22504 32.7962875366 -79.8857803345 22
22505 32.8622103833 -97.2107866833 6
22506 40.7386840833 -73.98224585 3
22507 43.6425785333 -79.42689215 33
22508 32.9042163667 -97.1857457333 2
22509 32.60008615 -96.9449673167 18
22510 40.7414949833 -73.9890713833 14
22511 51.7692984333 -1.2545998333 12
22512 40.7415747333 -73.9870256833 4
22513 32.6611115 -96.9262729833 8
22515 32.9372464833 -97.1840190833 6
22516 32.9374961667 -97.1833491167 8
22517 39.01482215 -94.5890977167 33
22518 32.93734355 -97.1838210167 5
22519 32.7043748 -96.2839843667 11
22520 37.7571442079 -122.5099182129 90
22521 32.7038666667 -96.2843828333 6
22522 36.150645081 -86.7952758381 6
22523 39.0573080667 -94.6063616333 46
22524 40.608849 -89.4628771167 3
22525 32.7033701 -96.2822391 6
22526 35.4627497558 -97.6224303246 27
22528 37.588943427 -122.4131374061 12
22529 40.7538719 -73.9910949167 18
22530 32.90527945 -97.19322195 20
22531 49.2768413365 -123.1152662411 7
22532 37.5804266 -122.4105491167 2
22533 37.581402118 -122.410107851 3
22534 36.1768770833 -86.7456410333 4
22535 30.2798881558 -97.7198159695 390
22536 40.54101905 -89.5990528167 3
22537 40.5422311667 -89.6003751667 7
22538 40.5465810167 -89.6029121 2
22539 40.7269359833 -73.988613 13
22540 40.56243395 -89.6305151833 1
22541 40.56236222 -89.6305847168 1
22542 40.562582288 -89.6308851242 2
22543 39.9590200309 -75.3253355705 7
22544 37.7586015333 -122.25063865 9
22545 35.6144999134 -115.3856921196 13
22546 53.0712108344 -0.822687149 1
22547 35.2668556106 -116.0740327835 53
22548 35.2664176199 -116.0728740692 96
22549 51.52077285 -0.2038028 18
22550 32.9041307799 -97.0362028188 7
22551 51.5168147 -0.2058881667 10
22552 30.4982337833 -97.7774402333 64
22553 51.51758135 -0.2062044667 22
22554 51.5213613299 -0.2032792568 22
22556 32.8361629167 -96.8049834167 42
22557 34.39590245 -103.16147905 1
22558 40.7072151667 -89.5238882167 2
22560 40.0527206333 -76.3215151 5
22561 32.6466985667 -96.94247335 1
22564 37.4564262167 -122.1882479667 16
22565 38.0645351 -84.5212932 1
22566 42.3513429001 -71.0596561432 63
22567 29.7501483224 -95.4996069031 18
22568 32.92275452 -96.99378323 18
22569 38.91476815 -94.6407379667 12
22570 32.7543223 -97.3338448667 76
22571 32.7601845691 -97.3345434666 10
22572 -33.43361115 -70.63370144 3
22573 32.7579206833 -97.3379854833 8
22574 40.7865418167 -89.6027333667 2
22575 39.0423513833 -94.5898510833 21
22576 30.3607052667 -97.7413697833 59
22578 33.6102306333 -95.06121015 1
22579 31.335789 -94.7446485333 193
22583 32.9507487667 -96.8175898 8
22584 30.3878323627 -97.7544167497 1
22585 47.6081233202 -122.3339223862 26
22586 41.9525570667 -87.8101814333 12
22587 41.95275065 -87.8100137 26
22588 51.7524341 -1.2500183 3
22589 51.7516353833 -1.2470677833 5
22590 42.3158887096 -71.0340678692 17
22591 37.7869358 -122.4127963 4
22592 51.7526230333 -1.2533697 2
22593 51.7521827833 -1.2556073667 4
22594 37.8098207333 -122.2645274833 5
22595 39.9766381167 -75.3350455167 14
22596 32.5499349333 -92.6105848833 49
22597 43.7433207 -81.71901635 1
22598 37.58690565 -84.2879967167 1
22599 37.5869648667 -84.28833195 1
22600 37.4336700259 -122.4412161112 63
22603 33.9911651 -118.4668721167 134
22604 39.07181135 -94.5882849667 6
22605 39.0604139 -94.6034508167 3
22607 40.5671578667 -89.6416859667 1
22608 40.5665834167 -89.6402840333 3
22609 36.0347948 -83.876971 23
22610 40.0161159596 -105.2841871977 47
22611 30.2980366333 -97.7474727667 126
22613 30.39187073 -86.47034746 1
22615 42.3859619667 -71.11417545 2
22616 34.4450786667 -119.80342965 1
22617 37.8026653 -122.2751415167 16
22618 32.9104921167 -96.95916555 8
22620 37.7961610833 -122.2767283 6
22621 32.9113993 -96.9592442667 17
22622 32.9120383 -96.9595968833 9
22623 32.9134012333 -96.9596329333 5
22624 37.7958233167 -122.2764868833 22
22625 32.9144787667 -96.9599745167 2
22626 32.7565925 -97.3326692833 22
22627 38.0681103 -84.5040991333 1
22628 37.78763755 -122.3980044833 25
22629 42.3465499878 -71.0991973877 39
22630 37.7624966667 -122.2543455667 15
22632 29.6237486192 -95.6000769138 21
22633 37.7684189333 -122.2329079667 10
22634 39.05731605 -94.6045704 10
22635 39.0572389667 -94.6049183167 10
22636 47.6399208667 -122.3993453833 10
22637 39.0572688167 -94.6058036667 14
22638 39.05651025 -94.6106830833 8
22639 40.7136549344 -73.9725887775 73
22640 32.85146785 -96.8238901833 59
22641 40.6093299667 -89.4610560333 4
22642 40.6109573167 -89.4611660167 5
22643 37.78752385 -122.4138170833 69
22644 37.80109875 -122.4091607333 10
22645 48.0470512333 -122.1785864167 1
22646 47.663277 -117.3794244 1
22647 29.7412109375 -95.4551620483 17
22648 51.5204467462 -0.1050567627 90
22649 53.0806920336 -0.8058160543 2
22650 51.5096506001 -0.1044130325 39
22651 51.4951139333 -0.1020034667 19
22652 51.496220283 -0.1086401939 22
22653 51.7505267667 -1.2398278833 2
22654 51.5432391044 -0.1519095898 74
22656 51.76192685 -1.18124515 11
22658 51.5156655667 -0.2046798833 20
22659 51.4713424 -0.4891310667 25
22660 53.2199359895 -0.558398366 1
22661 40.7246561833 -89.5935058667 1
22662 30.3942514 -86.47250413 1
22663 32.84549455 -96.7695019333 6
22665 51.5219722 -0.0994561667 2
22666 35.9136183661 -79.0545581981 15
22667 38.8445921 -104.75772715 2
22668 51.5184938333 -0.1011622333 6
22669 51.5193026562 -0.0988769531 4
22670 30.2606924333 -97.75887005 72
22672 42.2834562833 -83.7352455167 6
22673 51.5036720804 -0.0877208797 9
22674 36.0085570167 -78.92195145 5
22675 36.0094375833 -78.9219704333 9
22676 38.96685715 -94.6064996667 12
22677 32.9339944 -96.8176370833 10
22678 38.9344349833 -94.6295548833 17
22679 32.88329575 -96.96266985 6
22680 32.8842083667 -96.96317435 12
22681 32.8823565333 -96.96291375 12
22682 30.2677315539 -97.7428078651 97
22683 32.8839411833 -96.9636820667 7
22684 40.752261623 -89.5956578355 5
22685 32.8844453833 -96.95562855 11
22687 40.7958535125 -89.6120131016 7
22688 51.4898300154 -0.122673037 9
22689 32.7519070917 -97.3533082008 34
22690 32.7517830333 -97.3534776 62
22691 32.5422446789 -94.7489815815 4
22692 40.2338378805 -111.6590193777 48
22693 30.3721620506 -97.726785549 8
22694 45.02326047 -123.95810347 1
22695 50.81606725 4.4254727833 3
22696 33.009485 -96.9685077667 41
22697 30.3095252667 -97.7404617833 36
22698 36.1408544167 -86.7408934167 7
22699 30.3057616833 -97.7414205 16
22701 30.3720657667 -97.7260228333 79
22702 51.5565737823 -0.1774273865 11
22703 30.3439845167 -97.73869815 101
