600 115 485 200 24.47 86 363
21060 35.9025319 -84.1491740167 3
21061 29.42482765 -98.47815295 15
21062 47.6670502833 -122.1665993833 3
21065 33.0682525635 -96.696144104 9
21066 36.5551597993 -121.9243109714 3
21067 32.8000870773 -96.802635541 38
21068 32.75515735 -97.06717193 3
21069 42.0381582333 -88.0335163667 5
21070 39.6339640333 -106.52107925 3
21071 35.6871347 -105.93898575 16
21072 39.618733 -105.0283479333 4
21073 32.8610009167 -97.1858513167 39
21074 35.6861858 -105.93870115 11
21075 34.0774510333 -118.260028 20
21076 37.7700235498 -122.4221536517 219
21079 46.5221756274 6.6238868237 2
21081 46.5200495033 6.6248738766 3
21083 46.5202082272 6.6266709566 1
21084 46.5203337296 6.6267299652 1
21085 46.5207582206 6.6311448812 3
21086 46.5231759104 6.632861495 3
21087 46.5225779574 6.6355973482 1
21091 35.9649614167 -78.9575285333 15
21092 52.5646874501 -0.2404010296 4
21093 30.2453787516 -97.780444622 304
21094 35.9744767751 -78.9323982596 39
21095 39.1576861167 -75.50849655 3
21096 35.98569695 -78.99494115 3
21097 33.65272676 -117.76548606 4
21098 41.6504100667 -70.2438786333 1
21100 29.5328398635 -98.4720039368 566
21101 41.9534979007 -87.8081416623 64
21105 29.4196192669 -98.4783661366 20
21106 33.1096213667 -96.80629015 8
21107 40.10147585 -74.7935428833 14
21108 32.80317991 -96.82442098 27
21109 38.80647795 -77.06119505 123
21111 45.4773399495 -122.6721977944 2
21113 46.5198778595 6.6327112913 4
21114 46.5196656109 6.6333174706 6
21115 36.5563507057 -121.9209517872 5
21116 32.7248665667 -97.4750932167 6
21118 40.0199947667 -105.267703 11
21119 41.6505209333 -70.2215082 3
21120 41.8711823 -87.8492814 5
21121 33.1755442167 -96.6968503833 3
21124 40.0170567796 -105.2602028847 22
21125 32.8485705313 -96.7868795143 2
21126 42.4176793833 -90.4253786167 1
21128 32.7222888833 -97.3590712 26
21130 35.6895496833 -105.9382991167 3
21131 47.7401207333 -121.9902498333 1
21132 37.2302042333 -76.5038431667 8
21133 30.6681888 -87.8959856 1
21134 30.2155034833 -97.83969615 465
21136 37.7681311167 -122.47642785 17
21137 35.9325192167 -83.9058377667 4
21138 42.41656475 -90.4278551333 1
21139 42.4162410167 -90.4284838333 1
21140 28.4186230182 -81.5793406821 109
21141 48.5128677 -122.8327041333 1
21142 51.75384915 -1.2602519333 2
21143 51.7538143333 -1.2605723667 5
21144 42.41530799 -90.42902576 1
21146 32.7364797334 -97.4336671829 11
21148 37.7866528333 -122.3986671833 46
21149 37.7685348833 -122.4736954833 17
21150 37.7865721403 -122.3975980282 47
21151 37.7868512 -122.3980823167 17
21152 37.78815295 -122.4007091 16
21153 39.4802615 -106.06752615 6
21154 37.7896957 -122.39702585 6
21155 28.5660327833 -81.3726985833 3
21157 33.1584289167 -96.6811814833 4
21158 32.68088555 -97.37401995 3
21159 34.7432386 -120.11845895 2
21160 34.7432386 -120.11845895 2
21161 32.9511524833 -96.83102275 5
21164 36.5833063833 -121.9000112 25
21165 46.5090853556 6.6158080101 1
21166 28.5682861 -81.3726878 3
21167 41.8518698438 -87.9530239105 3
21169 37.7961558833 -122.3936971833 33
21170 30.2655503833 -97.7269216167 5
21171 30.26536295 -97.7269824167 2
21172 30.2653826167 -97.7274298333 3
21173 30.2656951 -97.72716265 4
21174 30.2650909333 -97.7267727833 3
21175 32.837097168 -97.1280975342 30
21176 30.2651672667 -97.7266142 2
21182 37.7935011833 -122.39683555 3
21183 30.2696878667 -97.7295451833 1
21184 36.5875303667 -121.8505883167 24
21185 45.5056197135 -73.5583045251 5
21186 37.7903973254 -122.402375957 3
21187 37.7900858 -122.4024677167 29
21188 37.78045006 -122.3967933655 19
21189 30.2568765833 -97.7242635167 45
21190 32.83352887 -96.79427039 4
21191 37.7888953833 -122.4056649833 2
21192 30.2554899167 -97.7193788 311
21194 37.78641205 -122.4058326333 47
21195 41.93036045 -87.8362243833 4
21196 37.7860374667 -122.4024125 159
21197 37.7870308167 -122.40119985 21
21198 36.0104493468 -78.9218223095 24
21199 28.3694161307 -81.5191555023 45
21200 37.7809375167 -122.39555155 28
21201 37.7810586 -122.3955969167 48
21202 37.78143015 -122.39408975 22
21203 37.7813357833 -122.3944219333 23
21204 41.8455321811 -87.9661560059 20
21205 32.7976103 -96.80164015 18
21206 37.7814778333 -122.3924510833 193
21207 37.77949465 -122.3936319667 21
21208 28.371058735 -81.5179699659 20
21209 49.3130589667 -123.0354962667 1
21211 30.2673863333 -97.7469518 13
21213 36.0063016167 -78.9201985833 8
21214 37.7792271 -122.39021275 10
21215 37.7813234625 -122.396696806 34
21216 37.7796105662 -122.3903560638 71
21217 37.7799522833 -122.3942427167 46
21218 36.0108305 -78.9286876833 5
21220 33.93594241 -118.3801161 3
21221 42.40315065 -71.12755015 8
21222 30.2589281967 -97.8085970879 154
21223 40.0168143862 -105.2564424276 11
21224 40.0165719919 -105.2565389872 21
21225 40.0152326452 -105.2579069138 2
21227 32.8987491 -96.9350439 2
21228 40.0171225133 -105.282958746 315
21229 46.0475946667 -118.3874523167 1
21230 40.0298369333 -105.2578142 1
21231 32.8669899912 -96.7649924755 37
21232 40.017015696 -105.2568233013 55
21233 30.39440955 -88.88893335 2
21234 39.3872071 -94.58146875 9
21235 39.2591184 -120.2969913167 1
21236 40.06958005 -76.3032262667 6
21237 42.0491235451 -88.0848649751 4
21238 30.27978885 -97.7436719667 63
21239 32.8525914667 -97.13402575 7
21240 28.38290995 -81.50648021 7
21241 32.8363861651 -96.7716872692 38
21242 32.8899624833 -97.2563937333 85
21243 35.76358595 -105.9468963833 23
21244 25.7882267333 -80.1936410833 2
21245 37.7444315049 -122.4289401822 17
21246 32.8543249667 -97.3120480667 46
21247 32.7752325568 -96.7561948299 119
21248 20.9288990833 -156.3672148167 26
21249 33.2124883333 -97.1268158167 34
21250 36.0666141833 -80.32804105 3
21251 30.39356165 -88.8900781333 24
21252 33.80915 -117.87033 24
21255 33.1420981667 -117.1913958167 17
21256 40.5862520679 -105.0764024928 8
21257 34.4182150833 -119.6974228833 6
21259 34.4171945511 -119.6966056179 5
21260 34.1010274833 -118.3290576333 4
21261 37.7909047743 -122.3958277702 69
21262 37.78957635 -122.39758145 31
21264 34.1026234551 -118.3267486413 23
21266 49.0939800667 -122.4924094667 2
21267 37.05524765 -76.4883055333 2
21268 53.0768314845 -0.9541046619 8
21269 53.0811367156 -0.9391915798 2
21270 47.7418696472 -117.4089373713 2
21272 38.0340373333 -84.4901293333 4
21273 37.7002268833 -122.4823568333 43
21274 33.94848015 -98.5254872333 18
21275 35.6559299833 -105.9884451167 4
21276 28.5473694167 -81.7290595167 2
21277 46.5067741116 6.6272556782 5
21278 35.9499419 -78.9927048167 5
21280 33.11289955 -117.1007641667 12
21281 39.2843822686 -76.6188882553 6
21282 35.68902355 -105.93655475 21
21284 40.0170362378 -105.2569413185 15
21285 40.0170444545 -105.2571719885 12
21286 39.5757954333 -106.0985273667 2
21287 47.6576010833 -122.3177793667 20
21288 42.2809384167 -83.7486147667 10
21289 41.6190757729 -83.5817742348 16
21290 29.715564 -95.41522875 34
21291 40.0113459259 -105.2210533619 1
21292 33.82812 -98.2450384333 1
21293 42.27975915 -83.7488089 12
21294 30.3188032405 -97.7759170532 47
21295 37.7717273167 -122.4710699667 27
21296 42.06699514 -87.76884073 2
21298 30.2815900667 -97.7431647 26
21299 30.3964742167 -88.9070145 3
21301 39.5757885167 -106.09958455 2
21302 30.4043416672 -88.9189624786 17
21303 29.7545698571 -95.4573082924 45
21304 33.23000675 -97.5932672333 1
21305 26.02859306 -80.31890285 1
21306 37.4536053667 -122.1827463 50
21307 33.22759282 -97.5911113 1
21308 30.3969787667 -88.8910917833 1
21310 39.5753319667 -106.1005237833 5
21311 32.9661150664 -97.0797872543 18
21312 38.9741798167 -104.8078434833 2
21314 32.9452285767 -97.1292953491 19
21316 46.51162916 6.61339557 6
21317 33.0282665735 -96.7699758171 5
21318 38.8531136833 -104.8711824833 1
21319 39.50017055 -106.15621115 15
21320 39.499711097 -106.1558353901 7
21321 32.8226736667 -97.19976155 21
21322 39.48404035 -106.1554520167 1
21324 35.9082385 -79.0101348 19
21325 38.88139935 -105.0730995 1
21326 38.97749921 -76.487735101 6
21327 47.6107561957 -122.3338365555 87
21328 47.8676550333 -121.7483268333 1
21329 37.4541099333 -122.1829627 13
21330 38.8412034522 -105.0424396992 9
21331 37.4535173937 -122.1823775768 177
21332 37.4535007167 -122.1823832 28
21333 37.45343415 -122.1830168 7
21334 37.4527699167 -122.1834121667 20
21335 37.45133415 -122.1832728 34
21336 38.8577288333 -104.9172868333 1
21337 38.8579754 -104.9173852 3
21340 37.7368275 -84.31122795 5
21342 38.7233237833 -104.7294341833 1
21343 32.8442049167 -97.1331423 10
21346 39.4795993036 -106.0475063324 7
21347 39.47877085 -106.0470663333 5
21348 36.7417342309 -103.9893186092 5
21349 39.5040852333 -106.1423754333 13
21350 36.3867309833 -103.0398435833 10
21351 47.668371375 -122.3829853535 38
21352 47.3760487833 8.5465508167 19
21353 35.1919567 -101.8188248667 2
21355 52.1954057167 0.1378442667 4
21356 52.1944091167 0.1374950167 115
21357 52.20366625 0.11776625 4
21358 52.2019864 0.11551665 2
21359 52.2014883 0.1160271667 2
21360 52.2008296667 0.1135906333 10
21368 30.2224646322 -97.838203311 212
21369 41.8818153948 -87.6354718208 16
21370 52.2020746043 0.11815528 4
21371 36.0632890038 -95.8817732334 129
21372 52.20510975 0.11934095 1
21373 52.2052379833 0.1191512833 14
21374 52.2056215 0.1192136333 12
21375 52.2085580833 0.11866195 4
21377 52.2083643667 0.1183868 8
21379 35.1871724553 -101.9870281219 35
21380 39.450153895 -75.6991696358 5
21381 52.2100104 0.1161996167 4
21382 52.2104683833 0.1135763167 1
21383 35.1808655833 -101.9386844333 1
21384 37.787793104 -122.4108803272 15
21386 26.3889693 -80.14912879 6
21387 33.50338865 -86.7572267833 15
21388 41.5267638167 -83.6395544 5
21389 38.9096790224 -77.0374847717 6
21390 52.2056534333 0.1186126833 3
21391 52.20543655 0.1181647667 2
21392 35.68916435 -105.9414899167 1
21393 32.82376775 -97.4196343333 2
21394 32.30679935 -86.38522166 17
21395 36.213480296 -95.905097723 11
21396 52.2024221667 0.11773885 1
21397 52.2043048833 0.1175804333 21
21398 52.20477395 0.1177521667 1
21399 35.6889935333 -105.9410874667 16
21400 52.20501885 0.1193737667 12
21401 52.2057976333 0.1198253167 6
21403 52.20591895 0.1208587167 2
21404 32.9871133003 -96.8439736825 1
21405 52.2049596167 0.1217638167 4
21407 34.1586343333 -99.2843083667 2
21410 33.5780790107 -101.9063321662 15
21412 47.6855268833 -122.2484760667 10
21413 45.5198942167 -122.6612963 4
21414 40.6753256167 -73.9779895333 3
21415 46.0514782 -118.3884016833 1
21416 33.2307292333 -97.59592435 8
21417 36.1655359415 -95.7653975487 70
21494 49.2157644667 -123.0084225833 2
21495 43.6485142112 -79.3872047578 10
21500 49.2546671667 -123.0216451833 2
21501 49.24921885 -123.01640975 2
21502 40.0173546347 -105.2833530307 27
21503 33.7649681011 -84.349497595 69
21504 35.1207978761 -89.9911026029 8
21505 47.791568 12.99664 39
21512 33.2178767667 -96.6785844167 5
21516 33.5776723667 -96.1786704333 1
21521 33.6612764 -95.5570966 1
21522 53.0799218849 -0.8120334148 2
21523 53.0839142635 -0.803976059 1
21524 42.9847418833 -81.2632722 1
21525 37.7871868641 -122.3977214098 47
21527 35.959912509 -78.9584934711 14
21528 51.77585205 -1.2625078667 2
21530 41.8840918972 -87.6302039623 59
21531 44.1045929167 -78.9410265333 1
21532 36.8714634333 -83.8870005333 6
21533 38.9038458159 -77.0440560579 9
21534 37.3868161876 -122.067707777 67
21535 32.7678622667 -97.0977054667 28
21536 37.3880011037 -121.9636166096 12
21537 28.54289795 -81.3778155833 11
21538 28.5422877732 -81.3766336441 22
21540 30.6212668435 -96.3402915001 8
21542 47.6713111333 -117.2033321333 1
21544 32.9555620167 -96.8534973833 3
21545 32.7537326979 -97.3445734282 70
21546 33.0964930167 -117.2014859667 1
21547 33.0724559333 -117.2658936833 11
21548 32.9419922833 -97.0997248 1
21549 32.9419565167 -97.0996752167 1
21550 32.9419943167 -97.099737 1
21551 32.9420300333 -97.0997509667 2
21552 32.94271185 -97.1003221833 4
21553 40.7412987797 -74.0055263042 252
21554 28.4826018156 -81.4274346828 179
21555 37.4233779879 -122.0709478855 287
21556 37.7625430328 -122.4664878845 19
21557 37.7646295116 -122.394631505 318
21558 29.73854445 -98.1042417833 9
21559 37.7623352299 -122.4146461487 13
21560 37.4469589748 -122.1615314484 8
21561 37.419743913 -122.088779211 30
21563 32.8671966833 -96.9382728333 10
21564 32.8639649 -96.9362611667 8
21566 37.4849046649 -122.2068500519 14
21567 37.5110024294 -122.2006058693 1
21568 29.7397558833 -98.1018914 3
21570 32.5929461833 -96.9509458333 16
21571 32.5921202667 -96.9502291333 19
21572 37.5227970553 -122.2550868988 71
21573 32.59232355 -96.9466062833 30
21576 32.5918045833 -96.9457259 6
21577 32.9189403167 -97.0597257 42
21578 42.3071433 -87.9717863167 1
21579 32.59205695 -96.9450774333 8
21580 32.5926999167 -96.94431355 11
21581 37.3922163547 -122.0726430416 20
21582 32.6011710833 -96.94362705 14
21583 32.6017650333 -96.940614 9
21584 32.60259855 -96.9403910167 9
21585 32.6031794667 -96.9405538333 11
21586 32.6034527833 -96.9411569333 13
21589 27.7439277167 -97.3799162833 6
21590 38.969962 -95.2346561833 21
21591 27.7071268 -97.3615698833 1
21594 47.7326698333 -122.2554017167 7
21596 29.53820091 -95.73921376 1
21597 35.9100558709 -79.015109539 10
21598 33.4906157667 -117.6980706 38
21600 33.5196811 -101.9183639 11
21601 33.8885379833 -118.02851775 1
21602 33.5177389338 -101.872959137 27
21603 32.6024460333 -96.9429795667 12
21604 32.6026985 -96.9432413667 14
21605 32.8212503 -96.7884943 18
21606 34.1375896833 -118.1537912 12
21607 49.2953304833 -123.0262323833 5
21608 33.20831345 -97.0854080667 4
21609 37.7650724333 -122.41906535 37
21611 39.0884965667 -94.5889389167 20
21613 51.4963405122 -0.1439595222 122
21615 51.5072666906 -0.1226091385 65
21616 51.4779785013 -0.0156909227 50
21617 51.4852046028 -0.0095701218 9
21618 51.48240695 -0.00483575 18
21619 51.4831598667 -0.0055409 7
21620 51.4828528212 -0.006737709 8
21622 38.8709883252 -77.0560240746 56
21623 51.4762511498 0.001115799 22
21624 51.4771365509 -0.0007751584 6
21625 51.4773403578 -0.0009012222 3
21626 51.4779450909 -0.001424253 17
21627 51.4809218644 -0.0053322315 13
21629 51.4814031833 -0.0098366333 22
21631 33.2171661 -96.6400014167 6
21632 35.9264485667 -79.0263892333 4
21633 32.68332335 -97.1345035333 10
21634 32.6831817513 -97.1337532997 13
21635 37.7432191333 -122.4285936333 2
21636 39.89268085 -84.1809197167 14
21637 51.4853609833 -0.00254745 3
21638 30.2895095203 -97.7419602871 8
21639 40.7228160833 -74.0013843667 8
21641 32.00349217 -102.0800057 2
21642 35.9600767833 -78.9595371833 3
21643 32.9985681983 -97.2294545174 95
21644 32.3666197 -86.1404308333 4
21645 30.2331331667 -97.82496155 75
21646 41.5931659167 -93.5533843167 11
21647 40.6803651833 -74.0049931833 8
21648 36.0624631 -94.17597385 19
21649 36.0638325 -94.1778769 7
21650 36.0596968667 -94.1594678833 7
21652 51.5185942667 -0.2083845667 13
21653 32.923500061 -97.0638809204 3
21654 36.06096365 -94.1786146 7
21655 40.0190143831 -105.2752661705 149
21656 51.517332 -0.2099167833 56
21657 36.0608095667 -94.1781863167 28
21658 36.07222475 -94.1763738667 20
21659 40.0148669907 -105.2524378896 14
21660 36.1151019833 -94.14746555 5
21661 32.9266491167 -97.11655295 64
21662 41.83263114 -87.8334188461 16
21664 41.8341120143 -87.8334832191 14
21665 38.2409696833 -84.5676738333 2
21666 32.52449445 -97.2713037 3
21667 32.8671051333 -97.1514212833 1
21668 32.8675581263 -97.2262934382 22
21669 33.5198896052 -101.9022821296 18
21670 30.4833194671 -97.6730006933 27
21671 40.1403191556 -105.1170480251 291
21672 34.6021268241 -118.147676152 21
21673 32.6039648667 -96.9355637667 22
21674 42.7597939364 -71.4647644164 1
21675 32.6039861333 -96.9351889333 6
21676 32.6028288167 -96.9341773167 15
21677 32.6017530167 -96.93492415 8
21678 32.6004786833 -96.9361155667 4
21679 32.59295505 -96.9405355333 2
21680 29.743709 -95.77585 12
21681 32.5938844667 -96.9403819667 3
21682 32.5941934667 -96.9394080667 9
21683 47.6538248333 -117.4179615667 2
21684 32.60250765 -96.93671865 7
21685 32.6025171333 -96.9367008667 20
21686 36.0662335 -94.1652850167 27
21687 36.06651605 -94.1640212333 24
21688 36.0664755833 -94.16340965 19
21689 36.06651665 -94.1645068 22
21690 36.0665284 -94.16519925 21
21692 28.5504965445 -81.5901589394 14
21693 39.0364028167 -94.58688925 25
21694 36.0888493 -94.1550165 3
21695 33.53774702 -101.91136628 1
21696 40.7265004229 -73.9902399495 2
21697 35.9928600796 -78.9056754112 76
21699 36.1229638167 -94.15208495 23
21700 32.8077108833 -96.8449856 6
21701 37.4860821 -122.2279862 72
21702 32.9521021327 -96.9090017258 1
21703 35.18981885 -106.4958256833 1
21704 45.5125383667 -122.6533791167 24
21706 34.0982034833 -118.3539755833 25
21707 49.2442818833 -122.9745744 2
21708 49.2895163348 -123.1287521124 2
21709 32.8236059 -97.5133888167 3
21710 36.1212384771 -94.1446158179 25
21711 30.1581965333 -97.9578243167 9
21712 32.90699422 -97.26929247 5
21714 30.2679095833 -97.7493124167 1116
21715 36.06214365 -94.1801515 12
21716 36.0740449259 -94.1763723984 7
21717 32.91423898 -96.95763039 11
21718 36.0687484167 -94.1750537667 7
21719 36.0687158667 -94.1743714833 22
21720 31.5881138052 -97.108604908 2
21721 32.6016445667 -96.94085135 12
21722 36.0687440308 -94.1717576981 22
21723 32.6017578333 -96.9413052167 12
21724 32.6029177333 -96.94396655 12
21725 37.8040304263 -122.4028578401 29
21726 36.06732585 -94.1718147333 9
21727 32.5996589333 -96.9455599833 2
21728 36.06707815 -94.1735718 27
21729 36.0691883333 -94.1724594833 10
21730 32.5968013667 -96.9452345 3
21731 36.0699044 -94.1717818833 13
21732 32.5966182 -96.94523645 2
21733 36.0703463667 -94.1714262167 12
21734 32.5958075 -96.94482605 7
21735 36.0703986167 -94.1728067333 20
21736 32.8401620167 -97.1880639667 19
21737 36.0703613333 -94.17363025 8
21738 36.0705091 -94.1745580167 9
21739 40.7870128667 -89.6032528333 1
21740 36.0707872833 -94.1775665667 8
21741 36.068058921 -94.1789674759 44
21742 36.0692301167 -94.1786410167 9
21743 37.421230795 -122.2121715546 31
21744 36.0703353895 -94.176118687 8
21745 36.0703353895 -94.176118687 20
21746 32.8617248535 -96.947845459 8
21748 36.0703353895 -94.176118687 6
21749 36.0681623167 -94.1741062833 11
21750 37.4448 -122.164447 7
21751 37.3847734421 -122.0814178884 19
21752 36.0664057167 -94.17727875 4
21753 36.0640499167 -94.1770835833 7
21754 37.4234035493 -122.2203522921 12
21755 32.5986925 -96.9446853833 4
21756 32.5997096833 -96.9442193167 16
21757 36.0614418833 -94.1778302167 6
21758 35.76219795 -105.9324253333 7
21759 51.75286075 -1.2677675833 3
21760 51.75273975 -1.2657070333 1
21761 51.7526796833 -1.26335225 2
21762 51.7519124 -1.2627875833 5
21763 51.7517709167 -1.2623357333 7
21765 39.05917565 -94.5909283 22
21766 32.8722680667 -96.7729845833 3
21767 37.3923783111 -122.0786994696 24
21768 32.8721759667 -96.7724333667 28
21769 32.8722805667 -96.7720313667 29
21770 26.00485235 -80.35932731 2
21771 36.1551436167 -86.7857567833 5
21772 37.3934139713 -122.0788764954 101
21773 49.2857771833 -123.0011529667 2
21774 41.8266105167 -87.9322264167 3
21775 49.2829401667 -123.0025927667 1
21776 37.392967531 -122.0796945691 107
21777 37.7822739333 -122.3927251 35
21778 37.4442843376 -122.1610271931 141
21779 51.1701381833 -0.1760694 2
21780 30.2614666 -97.7184216 13
21781 37.3862237225 -122.0839780569 11
21782 49.2469973667 -123.0024881833 5
21784 37.35844314 -121.92429673 1
21786 37.4434282631 -122.1616870165 12
21788 33.5967991333 -111.9822101167 3
21789 34.0761811348 -118.3941704035 107
21790 32.8938067167 -97.2613036833 21
21791 34.7809927 -92.2190525 3
21793 34.78121585 -92.2180238667 17
21794 26.0111376747 -80.3112950426 3
21795 49.2805374104 -123.1255817413 16
21796 49.2838338383 -123.1209361553 20
21797 32.6831418167 -97.1146035667 12
21798 49.2827910431 -123.1150460243 7
21799 49.2832107 -123.1149952667 31
21800 49.2840990333 -123.1143582 1
21801 38.94065945 -95.2435631667 5
21802 30.1897527092 -97.7207762003 1
21803 49.2846316668 -123.1123960018 38
21804 32.79778295 -97.40271775 4
21805 32.8019876167 -97.4086727333 3
21806 49.2845606333 -123.10873755 49
21807 39.7433870225 -104.962939024 30
21808 49.2837498556 -123.1062912941 24
21809 32.7774444667 -79.92515265 13
21810 32.8405260167 -97.1926456 7
21811 49.2833515667 -123.1043152167 15
21812 49.2827980833 -123.1042941333 9
21814 32.7945820167 -96.80396725 5
21815 49.2829222686 -123.104057014 21
21816 49.2880607823 -123.1129860878 20
21817 49.2875429312 -123.1170415878 14
21818 49.2859642333 -123.11862585 4
21819 40.5733810351 -89.6445214748 6
21821 32.80933755 -96.79688674 40
21823 32.7694628167 -96.8368219333 65
21824 38.6516186333 -121.1659350167 1
21825 35.13991555 -90.05160625 4
21826 35.1393506667 -90.05094495 13
21827 35.1394074333 -90.0515388667 11
21829 35.1396721833 -90.0518201833 10
21830 35.139749 -90.0523207333 14
21831 49.25035535 -122.8946974667 31
21832 35.1400188333 -90.0530938333 4
21833 39.0063019833 -95.6871497 2
21834 32.6036595167 -96.9341158667 12
21835 32.6001121833 -96.9367771 10
21836 35.1422554667 -90.05245895 12
21837 32.6000135667 -96.9373128 2
21838 32.6006754833 -96.936624 4
21839 32.6015729 -96.9367739167 4
21840 35.1425444537 -90.0514761724 13
21841 32.90699994 -96.96481668 2
21843 32.9426683833 -97.1306043167 23
21844 32.9425822167 -97.1301463 19
21845 32.94267725 -97.1300673667 20
21846 32.9426786833 -97.1300636667 20
21847 32.9425162333 -97.1299361667 16
21848 32.94234815 -97.1306842167 20
21849 32.9421485667 -97.1306898167 16
21850 32.9420675833 -97.13067885 16
21851 32.9416299833 -97.1306593 10
21852 32.9415879167 -97.13064785 7
21853 47.6684211 -122.38001485 10
21854 32.8226787167 -97.0596495833 2
21855 32.8229489 -97.0601920333 4
21856 32.822936 -97.0600694167 4
21857 32.7917779333 -96.8032796167 2
21858 32.8662518667 -96.9443346667 6
21859 32.8657436 -96.9440025667 7
21860 32.8660494 -96.9434798667 16
21861 32.8646846667 -96.9362138333 4
21862 32.8664492995 -96.9379520416 14
21863 35.9595126167 -78.9570111167 9
21864 32.7916608833 -96.8030819333 15
