55 15 40 5 16.418181818181818 11 30
31183 35.7729166128 -78.675854205 21
31185 29.9616463667 -90.1450085667 45
31186 51.0799640915 -114.1228973866 8
31187 51.0708037 -114.1153373 4
31188 48.2074081089 16.3870954514 19
31189 51.0650976833 -114.1044560167 5
31190 51.0629958166 -114.0910971165 4
31191 39.7461835699 -104.9956297874 24
31192 51.0563470332 -114.0844559669 5
31193 29.5557496167 -95.1112707167 1
31195 39.1687998 -84.4967745 7
31196 35.7692383 -78.7814804 13
31197 29.8508678804 -95.503873914 6
31198 29.8508678804 -95.503873914 1
31199 32.7673530333 -96.79376525 16
31200 29.8487586887 -95.5017471313 25
31201 29.8489065889 -95.5042648948 6
31202 31.1388452 -97.3314242167 6
31203 39.7044463069 -75.669708252 10
31204 32.7803832918 -96.8000972271 36
31205 35.0634100231 -80.855700219 43
31206 48.8564705153 2.3524367809 30
31207 29.8510853454 -95.5042488344 1
31209 32.7803007667 -96.7991693667 8
31210 30.4816903 -97.8341592833 53
31211 52.1983347167 0.1355421667 3
31212 26.4044155667 -81.8088638 7
31214 29.8035978459 -95.4563212395 8
31215 29.8028615901 -95.4807167463 2
31216 52.2038145 0.1328355667 7
31217 39.278697853 -76.614475512 11
31218 51.0405997833 -114.07166695 9
31219 39.276320106 -76.6143050979 2
31220 39.9138541936 -86.1119296576 80
31221 39.1498016281 -94.5446192365 100
31222 42.3378251031 -71.1085852307 7
31223 42.2250771667 -121.77150975 1
31224 47.6439685667 -122.3776471 24
31225 42.1406186 -71.5199658667 5
31226 38.87275025 -77.2285962333 3
31227 37.2999265667 -121.9218925 1
31228 40.8210009167 -74.2098780333 4
31229 33.9790276333 -84.4612414833 35
31230 38.9116310095 -94.6376895905 132
31231 55.958239864 -3.1894415617 4
31232 41.5019016102 -81.6769340336 4
31233 42.3046039827 -83.6945523324 4
31234 59.3425873769 18.0364521839 14
31235 55.957062676 -3.1882882118 7
31236 39.9141993 -86.1093582167 1
31238 51.5102093667 -0.1291067667 18
31239 39.9141993 -86.1093582167 3
31241 39.9145675167 -86.10976665 2
31243 54.8420539833 -1.4666190333 1
31244 33.9777471333 -84.41767255 7
