700 147 553 140 31.982857142857142 110 414
24433 38.5393857667 -121.5017677167 6
24434 38.5394933667 -121.50245985 18
24435 49.2630787666 -123.1167733669 15
24437 49.2571602333 -123.1269947333 1
24438 49.2569975919 -123.1270328164 2
24439 51.51950065 -0.0609541167 38
24441 51.5143856046 -0.1609689717 4
24442 51.6695564833 -1.3067802 3
24443 1.297670511 103.8541030884 27
24444 51.5032331253 -0.0185930729 9
24445 51.4959163687 -0.1299262047 5
24446 51.49546625 -0.1292958833 2
24447 51.4955230167 -0.1293538 3
24448 51.4955430833 -0.1295978667 1
24452 51.50254685 0.0041196167 3
24453 1.2967040012 103.854799788 3
24454 41.8802337769 -87.6372098923 8
24455 28.4719168145 -81.4695239067 139
24456 51.5012181 -0.1197255333 6
24457 30.2699924993 -97.7542555332 235
24458 1.2950223 103.85354441 3
24459 1.2970084833 103.8507335 8
24460 32.9753593167 -96.9912184667 6
24461 51.0536356833 -114.0953365 2
24462 38.9756000313 -95.3134989738 11
24464 34.0002598315 -81.0408854485 130
24465 33.15230725 -94.9711562 2
24467 49.2515739663 -123.1272768974 1
24468 50.8267215667 -1.7013369833 1
24469 32.7410160667 -117.19840965 4
24470 40.4228252167 -86.9034019833 7
24471 38.37369525 -110.7046637 1
24472 51.509208 -0.1376822333 30
24473 51.5079411426 -0.139786005 44
24474 51.5087707833 -0.1385755833 31
24475 51.5090162167 -0.13633735 5
24476 32.7552801833 -94.3460576833 5
24477 35.9628841167 -79.0530359333 5
24478 42.3409787333 -71.1209817 9
24479 32.7598018333 -94.3460743333 1
24480 42.3739731167 -71.12143095 5
24481 32.7570889 -94.3446956333 1
24482 36.0659281 -112.1183753333 79
24483 32.7649728333 -94.3704036333 1
24484 38.9937856 -110.1412491167 3
24485 40.1019273733 -83.1282792169 21
24486 49.4918072445 5.9781847239 2
24487 32.9407048167 -97.0988506667 3
24488 32.8104037792 -96.8103977067 39
24489 41.5060223209 -81.6995716095 81
24490 38.5374804333 -121.5018154 8
24491 30.2643385667 -97.73053245 113
24492 41.508500971 -81.6952103376 144
24493 34.00063195 -81.03906405 15
24494 39.7531950628 -105.0001466274 85
24495 38.9931223667 -110.1417957667 1
24496 39.7543292078 -105.004003644 45
24497 37.3824836054 -121.9959931631 3
24498 47.6142573833 -117.3692575667 2
24499 37.3824199167 -121.9951280667 106
24500 38.5804007 -109.55588752 2
24501 35.4792595713 -97.5214129686 444
24502 37.8003698684 -122.410578008 67
24503 30.2692861999 -97.7424112033 342
24504 33.88023355 -84.4635788833 32
24505 52.989808156 -0.7513806224 1
24506 53.01008084 -0.7349011302 1
24507 33.0270259099 -96.790897516 9
24508 40.37590169 -105.52029401 1
24509 32.8778686718 -97.0984619574 6
24510 41.4966692828 -81.688349247 71
24511 38.9142862667 -77.0386306333 2
24512 41.4954799681 -81.6853451729 109
24513 32.80272535 -80.0152698833 1
24514 32.8763560833 -97.0982826667 10
24515 38.8851257833 -76.9982994333 5
24516 38.2828579833 -85.63000735 6
24517 37.7003295333 -121.901723 14
24518 52.9038774986 -0.6355494261 1
24520 37.1371416026 -93.2769298553 3
24522 33.9408904167 -97.1377528333 3
24525 38.9112728 -77.0420783833 12
24526 30.4045664833 -87.2214472833 6
24527 52.9284640885 -0.619032383 1
24528 38.9070352333 -77.0419921333 8
24529 52.9051361171 -0.6380975246 1
24530 38.9059936667 -77.0442640167 1
24531 52.9064788189 -0.6386178732 2
24532 37.9770524 -122.0452422667 1
24533 41.8141851667 -87.8722634333 2
24534 37.9766635333 -122.5493483833 3
24536 38.9168589333 -77.02623735 17
24537 37.3915628667 -122.0728781 40
24538 41.93162695 -87.68602435 10
24544 52.8919722003 -0.634342432 1
24547 45.52567125 -122.6842613 13
24550 37.3209924167 -122.0239098167 2
24552 37.3187092833 -122.0284202167 1
24553 52.9141103986 -0.6421771646 1
24554 37.3181936167 -122.0289447667 1
24556 37.3217382 -122.0315728 93
24557 37.78278935 -122.4140398333 2
24558 37.3222338167 -122.0320181167 58
24559 52.9142559646 -0.6437623501 1
24561 38.9167594667 -77.02847805 5
24562 52.9130752483 -0.6431722641 2
24563 -28.16599795 153.5129583833 41
24564 38.9079148862 -77.0240963995 43
24565 47.66265145 -117.3432898667 6
24566 42.3481415224 -71.0851585865 22
24570 37.3242756333 -122.0320322333 3
24571 37.3233633 -122.02955725 26
24572 38.2509626134 -85.7577216625 11
24573 38.57166969 -109.5500918 8
24574 -28.0317205051 153.4279668331 5
24575 37.3230871333 -122.0274600333 5
24576 37.3227703 -122.0248148167 30
24577 37.3227246 -122.0240370167 8
24578 42.3956739909 -71.1220755378 16
24579 38.9695238426 -95.235220674 24
24580 33.76453745 -118.1924899833 16
24583 33.7653214667 -118.1925252333 9
24584 39.0401196432 -94.5950102806 31
24586 47.6100638646 -122.3421857915 83
24587 30.2769881276 -97.7508974075 201
24588 -28.03618825 153.4279497833 18
24589 38.8967235333 -77.0123437167 3
24590 42.39533355 -71.12197715 28
24591 33.92712396 -117.94486808 1
24592 45.527118321 -122.6819014549 35
24593 1.2933963333 103.8530763333 25
24594 38.9120437833 -77.0413061167 5
24595 1.2927271333 103.8546783 6
24596 1.2896044827 103.8556051254 50
24597 1.2884323333 103.8543708667 4
24598 1.2868285 103.8544927333 10
24599 1.2887999667 103.8513341667 3
24600 51.4952985149 -3.3774697781 2
24602 -28.0435838333 153.4345145333 7
24609 51.51304655 -0.1184021667 7
24610 53.0755859164 -0.8081066608 2
24611 41.9191770167 -87.6776261667 13
24612 51.4756990667 -0.1603858167 3
24613 28.4084824508 -81.4555227757 4
24614 51.7526896667 -1.2563690167 9
24615 51.5074896667 -0.1419425 18
24617 37.2286124167 -80.4232667667 4
24618 37.2281870333 -80.4192289667 7
24619 37.2293385667 -80.4176990667 12
24620 33.0562516432 -96.7696439414 15
24621 37.22962395 -80.41632075 9
24622 37.2297774005 -80.4165637493 3
24623 37.222520226 -80.4189455509 27
24624 41.7299764333 -93.6263688 2
24625 42.3519120967 -71.0749580785 10
24626 38.0344492033 -78.5001355065 9
24627 37.2199059344 -80.4181623459 13
24628 38.9129502333 -77.0405192167 9
24629 32.6798476167 -97.1306048167 85
24630 30.3156685333 -97.71466375 3
24631 49.2473797333 -123.0749830333 3
24632 30.3064189833 -97.7151821 56
24633 51.7523405554 -1.2577843666 16
24634 33.0579905167 -96.74838495 2
24635 29.5899461 -95.5963541 1
24636 33.1155931833 -95.5957317333 7
24637 38.8978383189 -77.0334398746 84
24638 39.0180785 -94.55688834 1
24639 37.6980098167 -97.3358259667 5
24641 32.4996607333 -92.06555495 3
24642 36.8016908769 -114.1023731232 9
24643 29.9945632167 -95.5722032667 7
24645 51.5392047833 -0.1429379333 36
24646 29.9944915833 -95.5718185667 2
24647 51.5396040643 -0.1416259432 42
24648 49.2504431333 -123.0763464167 7
24649 33.1900748667 -117.3742457 12
24650 35.4749801667 -97.5195946333 515
24652 37.7026573833 -121.8114189667 37
24653 45.5263892334 -122.6834571362 80
24654 51.5405064 -0.1575136167 3
24655 51.5411614667 -0.1571183167 1
24656 38.4925587091 -122.7423155308 8
24657 51.5440605167 -0.15285825 7
24658 37.4492402 -122.1583017667 9
24659 19.4352715196 -99.0780544281 99
24660 32.4989627 -92.0671602833 7
24661 37.4251072333 -122.1367527167 5
24662 47.6294745 -122.3666310667 12
24663 37.7965396 -122.4219464833 19
24664 35.3594359833 -94.3631577 13
24665 37.7963564167 -122.4219402167 108
24666 32.8745688833 -97.2705937167 15
24668 41.9435158354 -87.6711237431 7
24670 38.5049679 -122.4694486333 2
24671 37.3951083 -122.0771515667 11
24672 36.0708513667 -79.7903488167 19
24673 37.4448253833 -122.1624341333 17
24674 35.8007596821 -78.7194871902 18
24675 36.0703722585 -79.7903430303 6
24676 36.0694292667 -79.7905670333 4
24677 36.0684276667 -79.7906856333 3
24678 36.06685145 -79.7907326 3
24679 36.06589795 -79.7908339167 6
24680 47.62506505 -122.0558467833 3
24681 37.4469845282 -122.1587526798 17
24682 36.3036869796 -82.3709070683 2
24683 38.94710141 -77.43619352 4
24684 40.1409579667 -82.98915085 6
24686 43.6389713794 -79.3806302547 23
24687 38.5746726833 -109.5523875 3
24688 39.9985852333 -83.0071881 7
24690 37.3230092833 -122.05389135 11
24691 37.3226205333 -122.0595992333 1
24692 39.99119102 -83.00485008 4
24693 25.7940311958 -80.2774884054 11
24694 37.3216801 -122.03213175 41
24695 26.04957455 -80.1436985333 20
24696 37.3208182833 -122.0326253833 6
24697 37.3183599333 -122.0314257167 10
24698 41.5858945167 -93.6550128 9
24699 41.88638263 -87.62906593 17
24700 32.8242381491 -97.2012805939 18
24701 36.3366035667 -82.3778195833 22
24702 35.2097435601 -97.4836099148 1
24703 38.5720674 -109.5503986667 2
24704 30.61580155 -96.3414286667 16
24705 36.06685925 -79.7906755833 4
24706 36.0672246833 -79.7905584667 4
24707 47.6608429667 -117.4203912333 8
24708 47.6568468603 -117.3972654334 1
24709 36.0678573833 -79.79055615 5
24710 49.2837188 -123.1231981667 7
24711 36.06873455 -79.7904911833 27
24712 49.284603673 -123.1245303154 6
24713 49.2845966746 -123.1251686811 11
24714 49.2860173381 -123.1266921759 2
24715 47.6561030667 -117.4324226167 1
24716 32.93771845 -96.8388372 3
24717 38.9716797721 -95.2358114719 215
24718 49.2545432038 -123.1150138378 1
24720 38.47014555 -122.4286934167 3
24721 41.5857894383 -93.6542463421 9
24722 42.4010032833 -71.0685851167 10
24723 35.2156296901 -97.4903583527 13
24727 49.2558666978 -123.1015169621 2
24728 49.2484979333 -123.1253820833 2
24729 49.2488955833 -123.12584855 1
24730 35.217917408 -97.4753701687 12
24731 45.5253406837 -122.6810109615 58
24732 37.3922169667 -122.0783661167 3
24733 36.69153695 -121.6527405667 10
24734 35.328711141 -97.4934053421 214
24735 30.6178574333 -96.3463320167 10
24736 30.2015862833 -97.8803022 44
24737 35.5117705 -97.5928031333 18
24738 30.6180863667 -96.3467095 25
24740 38.5227788333 -122.4668637667 1
24741 37.6900796833 -122.0627042 9
24742 37.3933774 -122.0793558833 22
24743 42.3482002261 -71.0843673127 21
24745 30.61795275 -96.3467546333 20
24746 35.463108036 -97.5092196465 189
24747 37.3882893833 -122.0827029333 20
24748 37.3881626833 -122.0826999667 68
24749 45.4933749716 -122.574634552 9
24752 35.5159669452 -97.6301128333 8
24753 40.0464311167 -76.2965428667 11
24754 37.50818955 -122.2603015833 73
24755 1.2984416584 103.8489076042 2
24756 37.6145297465 -122.3896990253 27
24757 30.6178528333 -96.34615685 5
24758 37.6136365027 -122.3885965347 32
24760 39.9979913457 -82.8840136528 624
24761 1.3116633927 103.7945973535 5
24762 32.8999773333 -97.0432748 13
24763 39.0140041667 -94.5904685667 25
24764 33.0689862299 -96.6969072819 20
24765 51.5084686774 -0.1216971874 19
24766 51.50855945 -0.12029495 12
24767 39.1798446122 -76.6709661484 1021
24768 51.5049331833 -0.1562990833 3
24769 51.5045499833 -0.1715134833 17
24770 42.3624919368 -71.0861456394 58
24772 40.0378082 -75.152584 1
24773 38.9904095 -110.13301765 1
24774 38.9904095 -110.13301765 4
24776 51.5022894333 -0.1776677 22
24777 51.5009290247 -0.1774764061 95
24778 51.4999381667 -0.1769756667 7
24779 41.817680585 -87.8701972961 19
24780 41.816137361 -87.8717851639 7
24781 40.03691825 -75.15331715 1
24782 41.8147300363 -87.8786087036 7
24783 30.2296376167 -97.8370143667 25
24784 49.2635216092 -123.125603199 2
24785 40.7319546167 -73.9838675167 38
24786 43.7365998 -79.7039083 6
24787 36.0959732167 -79.8179244667 7
24788 37.7648612333 -122.4231970167 68
24790 49.6106722718 6.1335323157 3
24792 49.6111826748 6.1346626282 1
24793 42.3962299 -71.1218748333 15
24795 38.2848056441 -85.8184000607 8
24796 47.2559826939 -122.4394911095 11
24797 25.7512478 -80.2567348 60
24798 31.5485875059 -97.1213185787 4
24799 29.768021187 -95.3806775808 196
24800 35.4782531667 -97.6003289333 6
24802 47.18290165 -122.2971968 42
24803 42.3826490667 -71.1174424667 3
24806 33.35238724 -111.78450649 1
24808 41.9119319667 -87.6775880333 3
24810 30.5084363333 -97.68717845 68
24812 33.0646126333 -96.89411975 6
24813 37.8104643667 -122.4766109333 41
24814 41.8283621933 -87.9207193851 2
24815 42.525364785 -70.994553566 27
24816 39.9575398 -82.9953342667 176
24817 37.8106432833 -122.4106442833 18
24818 33.37969738 -111.81106823 1
24821 40.0164035479 -105.2862471342 1
24822 42.1381967025 -71.0683143139 67
24824 40.0171596 -105.2851578667 1
24825 42.3743966333 -71.1189418833 7
24827 47.6762248833 -122.2057879333 17
24828 40.0380528 -75.1546994 1
24829 37.8007568833 -122.4367637333 28
24830 37.7912538 -122.4525353667 8
24831 37.7713024667 -122.4049971167 5
24833 38.98184385 -77.22593455 1
24834 30.2651362667 -97.7393468333 151
24835 30.2622199667 -97.7276076 27
24836 41.60003725 -93.6834488167 7
24837 41.6003105833 -93.68229415 5
24838 37.7721251167 -122.41904965 8
24839 41.5860908333 -93.6681154 2
24840 41.5860280833 -93.6564694167 4
24841 41.5864070667 -93.661319 1
24843 37.9817379167 -112.7387314333 1
24846 37.7831585667 -122.4326596667 7
24847 30.27990635 -97.70927395 31
24848 30.2833857667 -97.70414995 2
24850 37.4432543 -122.1715111167 89
24851 32.8602248291 -97.2911221437 7
24852 37.8091757 -122.41599555 45
24853 37.80962105 -122.4160727333 16
24854 30.3286094667 -97.7162010167 17
24855 33.199990916 -96.7090819964 4
24856 30.33851165 -97.71953245 76
24857 37.4430854047 -122.1625265479 8
24858 37.7648357333 -122.4241167667 54
24859 37.8077738333 -122.4207563167 104
24860 37.8074386167 -122.4210273333 110
24861 38.9620547201 -95.2329796294 205
24862 37.8071050167 -122.4209346167 52
24864 35.9044160548 -78.9428964257 15
24865 37.4924429696 -122.2241127491 12
24866 35.2048134 -97.4839591667 18
24867 35.5257588167 -97.5374838833 19
24868 36.0868952498 -79.8307871368 84
24869 36.08782835 -79.83827815 30
24870 36.0855965833 -79.8360088 82
24871 35.5119974 -97.6184741833 7
24872 37.79940525 -122.4493802 20
24873 35.2055752383 -97.4770653248 1
24874 37.1103057333 -113.5551120333 2
24876 37.7828298 -122.4209522 4
24877 36.0685966026 -79.7903993726 31
24878 47.611360147 -122.3451501131 8
24879 37.7734181 -122.4388601667 51
24880 47.6114454667 -122.3434554833 9
24881 37.70313018 -121.88337546 11
24882 36.06821405 -79.7901686667 4
24883 37.5018811333 -122.2463103 30
24884 33.38837265 -111.75334955 4
24885 26.172280006 -80.1196324825 12
24886 47.6523533 -122.3538923 9
24887 32.8373455833 -97.15008605 5
24888 47.0540309167 -120.6632974 4
24889 47.2553224 -122.480768 1
24890 49.2808033724 -123.1210756302 16
24891 51.7537519186 -1.2605711818 12
24892 42.3517492553 -71.0550534725 186
24893 51.49049526 -0.17556059 1
24894 35.5388920741 -97.529963851 214
24895 51.5376608833 -0.90495705 27
24896 32.8953986977 -96.9752347469 130
24898 51.4323471 -0.5205085833 5
24899 35.5621243507 -97.5117516518 151
24900 37.38594555 -122.0837477333 14
24901 33.4504398333 -111.9758024667 2
24902 36.0486835833 -95.9585987833 10
24903 53.0755424095 -0.8102953434 1
24904 32.7067534833 -97.3336999667 1
24906 33.0584007167 -96.7509842833 6
24907 30.6167242326 -96.3394224644 21
24908 53.0762320694 -0.8042013645 9
24910 53.0758405115 -0.8061030507 1
24911 53.0757389959 -0.8062639832 1
24913 53.0776242466 -0.8097401261 1
24914 49.4943911755 5.9812218548 1
24915 53.0736602905 -0.8116874099 1
24916 49.4936447144 5.9809341431 1
24917 39.00192405 -94.6301963667 3
24918 37.4159266667 -122.0774966 70
24919 41.5849829667 -93.7059384667 6
24920 41.5719804167 -93.7088240667 2
24921 41.5819939833 -93.71227015 2
24922 47.5994244858 -122.301979959 29
24923 38.9990135667 -94.5853503 13
24924 35.5074601987 -97.5658526155 10
24925 30.2660102167 -97.7422459167 133
24927 32.8782745167 -96.9628683167 11
24928 35.4954821096 -97.5310957432 55
24929 36.1311770679 -86.6678125857 5
24930 37.7901586637 -122.4040567875 68
24931 51.7518828333 -1.2575909167 6
24932 32.94405735 -97.13277305 25
24933 35.5255567833 -97.5757707667 40
24934 39.011384196 -94.5931160568 5
24935 40.6424484253 -73.789604187 11
24936 31.5480389195 -97.1128857136 8
24937 37.9453820126 -122.0620751381 38
24938 37.7705016667 -122.4034463333 14
24940 33.51834585 -82.1143067833 1
24941 37.9728224333 -122.0381060333 1
24942 37.9733353833 -122.0370491333 1
24944 37.9738446667 -122.0363125 1
24945 37.97353575 -122.0347405333 1
24946 34.1504792833 -118.2552814 67
24947 37.97926245 -122.0343480333 2
24948 37.9796977 -122.0348656333 2
24949 30.28934067 -97.7457754 4
24951 37.9790563333 -122.0376600833 3
24952 33.5359294167 -82.1293838167 2
24953 33.85412758 -118.14272463 4
24954 53.0698893595 -0.8133423328 9
24956 44.8812351421 -93.2141017914 1023
24957 53.0713123607 -0.820042491 2
24958 39.7557500833 -105.2216853667 20
24959 33.6418973333 -84.4327495167 6
24960 39.7570552036 -105.218038559 34
24961 34.0016315558 -81.0333480835 18
24962 35.4356572 -97.4486548833 14
24963 40.6912468675 -74.1795158386 1089
24964 41.5700770833 -93.7089863 3
24965 37.7704773 -122.4037487333 39
24966 47.5487544391 -122.3168206215 21
24967 41.57007385 -93.7136828833 7
24968 34.0001175181 -81.0331392288 32
24969 25.6906571333 -80.3138146167 47
24972 47.6100616235 -122.3405643193 21
24975 25.71614035 -80.2740838667 13
24976 47.5489820333 -122.3173371333 2
24977 47.5491749333 -122.3170570167 1
24978 37.5045748833 -122.2466342 29
24979 37.50387225 -122.2455237 8
24981 37.5038205167 -122.2471323 4
24982 37.50439775 -122.24791765 1
24983 47.5497632833 -122.3170826 19
24984 33.8890768599 -117.8707379275 3
24986 30.3237125167 -97.7274703833 189
24988 47.6001003205 -122.3330676568 9
24989 19.1937402333 -96.1237600667 1
24990 37.785842944 -122.4078226089 30
24991 45.493442659 -122.6234936714 8
24992 37.8790842333 -122.2958876333 30
24993 36.0022473333 -79.79322455 23
24994 35.5301962431 -97.5723481178 74
24996 37.7649115333 -122.2421984833 6
24997 47.6095772046 -122.3411858082 72
24998 32.7667435672 -96.9823050499 52
24999 37.7374769833 -122.2401802167 4
25000 30.3778907667 -86.8779501833 3
25001 -28.8136612906 153.2775056362 4
25002 47.56164565 -122.3866663 22
25003 37.7752609253 -122.4104309082 4
25004 47.5612410833 -122.3868480667 4
25005 49.2868501218 -123.1145739555 9
25008 33.2159691667 -97.1439813 68
25009 35.5392980311 -97.529424727 35
25012 35.47879425 -97.5207165 44
25013 47.6650157 -122.3008895 1
25014 37.7896923407 -122.4036812782 30
25015 39.5893107167 -104.8804439 8
25016 42.0109420833 -93.6130292833 2
25017 33.9879881667 -81.0011685167 6
25018 38.5976242167 -121.44953585 53
25019 32.8609723667 -96.9577845167 10
25020 35.5310592302 -97.5660906748 67
25022 37.8394874792 -122.0184516907 10
25023 59.359992981 17.9568710327 11
25024 40.2029196226 -74.8344361782 12
25026 37.7880729053 -122.401996851 98
25027 37.0524457133 -93.3026897907 20
25028 34.0006997333 -81.0377719167 6
25029 37.7955881506 -122.4165945359 44
25031 51.7542766025 -1.2615327537 2
25032 34.19641525 -118.3498366833 10
25033 33.9756271666 -81.0173141956 12
25034 34.0004110393 -81.038954258 10
25035 33.999881811 -81.038852334 102
25036 33.9991441 -81.0400846 9
25037 33.9993328667 -81.0403483167 6
25038 31.5410030133 -97.1767222881 2
25039 32.9433363 -96.94681745 6
25040 35.5397585498 -97.5295132399 57
25041 32.81594312 -96.75926542 18
25042 37.7624771167 -122.3970680167 75
25043 39.0036742667 -77.44689395 47
25044 35.50760545 -97.51678895 40
25045 33.4575156333 -84.17820105 3
25046 33.0629737167 -96.7033632 9
25048 37.3153799333 -122.0328126667 37
25049 38.9087311 -77.04937618 2
25051 36.0088886587 -78.9371950844 16
25053 49.2576272667 -123.12722955 3
25054 32.8321469443 -97.3154729605 11
25055 47.6068285334 -122.3401558399 9
25056 47.73189415 -122.1745818167 1
25058 42.3733794153 -71.11897856 29
25059 34.1336809333 -117.63656665 34
25060 49.25052365 -123.1285314167 7
25061 35.4959739333 -97.55498915 48
25062 38.9704890843 -95.3067479335 8
25063 35.3511488 -97.5291241667 2
25064 35.5210641333 -97.6369855667 1
25065 35.4970532 -97.7420592333 7
25066 35.4798099857 -97.5219252706 119
25067 35.5147860333 -97.7339258167 26
25068 47.61884475 -122.34223815 15
25069 39.0459224833 -94.5986713833 9
25070 38.91792875 -77.0236039333 90
25071 30.3153949668 -97.7340263128 784
25072 42.3289401522 -71.0569128496 3
25073 45.5121425167 -122.6289542833 13
25075 37.5356810333 -122.29764175 14
25077 19.19918626 -96.13888114 1
25078 47.6103571667 -122.3391802333 10
25079 33.9883570333 -81.0002314667 4
25081 33.391621462 -111.7548916051 17
25082 35.4771867833 -97.5125138 106
25083 35.5228473167 -97.5263325167 54
25084 32.91005405 -96.7501421333 15
25085 33.6758908149 -117.7998292908 1
25086 35.5568672614 -97.6370019571 47
25087 30.4541358994 -97.8273353495 24
25088 30.4037748975 -97.8539907932 20
25089 47.2884292603 -122.3186187744 5
25092 47.2221772 -122.43230897 1
25094 47.70689355 -122.2116357833 1
25095 37.7656756 -122.40380942 5
25096 37.7806504 -122.4061246 32
25097 47.6140841333 -122.3189271667 25
25098 47.6137258 -122.3195710333 34
25099 37.7577846233 -122.4243758619 6
25100 39.7707371654 -104.7955799103 11
25101 -37.8164629915 144.9475836754 39
25102 37.7969327329 -122.4002158642 49
25103 -37.8150560362 144.9451911449 8
25104 37.6454236692 -122.4057197571 13
25105 47.6131446 -122.3159251333 30
25106 -37.8147254825 144.9424982071 1
25107 51.7537824 -1.2601723333 10
25108 59.3610205051 17.9708862305 262
25109 59.5690308167 17.5315136 46
25110 59.6072786 16.5525224 266
25111 59.60714197 16.55385863 11
25112 37.5903574333 -122.3595117333 6
25113 51.7878689333 -1.4819615833 5
25114 59.60923236 16.54893141 12
25116 51.5189931833 -0.2051969333 10
25117 51.5151189333 -0.2046297833 12
25118 51.5165787667 -0.2054905333 14
25119 51.5168761833 -0.2056322167 17
25120 34.0680450404 -81.1571323872 8
25121 40.659917 -111.8954879833 5
25125 34.0615635374 -84.4179076006 34
25126 53.0949840074 -0.7814723253 1
25129 41.5990759428 -93.6531767483 4
25130 1.290361321 103.8606044984 5
25131 33.0451733761 -96.8362003081 15
25132 35.9970309667 -78.8997937 37
25133 35.9972347667 -78.9050524667 62
25134 35.9603732833 -78.95992125 2
25135 39.7985638489 -86.2648219535 1
25136 33.5059715167 -84.22140715 4
25137 35.5657893 -97.5758625 43
25141 34.0008468718 -81.041175127 47
25142 38.8831236 -94.7635072 12
25143 33.07153925 -96.75082895 5
25144 33.9988027333 -81.0368186667 25
25145 33.99900635 -81.0364731333 29
25146 33.9994393 -81.0368648167 85
25148 38.9718784127 -95.2353823139 34
25149 35.5487347833 -97.5652270667 28
25150 35.6567383342 -97.4713039398 51
25151 30.244761 -97.7489610333 30
25152 35.65440165 -97.4715785167 37
25153 37.3693369167 -122.0372702167 13
25155 30.2687224 -97.7364019333 79
25156 35.6578782167 -97.47372105 24
25157 35.653785699 -97.4750278893 16
25158 37.60060715 -122.38208745 29
25159 40.7934644667 -89.6061144333 2
25160 30.2674906304 -97.7414667606 16
25161 39.712733056 -86.2996673584 446
25162 39.0126774667 -94.5903203 21
25163 32.8609692658 -97.3134394891 14
25164 38.9249801636 -94.7547607422 2
25165 37.3927150088 -122.0797871053 16
25166 51.7516033081 -1.2573981285 7
25168 51.7513044206 -1.2571942806 2
25169 40.7755770167 -89.6042556333 1
25170 45.5350570886 -122.6513441319 1
25172 37.6006216167 -122.3821467 138
25174 45.5339333616 -122.698769709 32
25175 30.2963208 -97.8320287 231
25177 52.941891702 -1.1365538836 1
25178 52.9391470266 -1.1384153366 2
25179 32.90562963 -96.96445101 1
25180 52.9382531106 -1.1352691054 4
25181 32.8523049833 -97.1145391167 8
25182 52.9380122513 -1.1321631074 2
25183 40.74549565 -74.0095552667 14
25185 37.44528085 -122.1603324667 12
25186 31.5452433647 -97.1228608489 7
25187 49.2486171167 -123.1256220667 1
25188 -33.42150682 -70.61107593 2
25189 36.357145782 -94.1723585129 13
25191 37.7841725487 -122.3944330215 12
25192 37.8027066 -122.4033498 56
25193 37.8022565967 -122.4023938179 29
25194 37.3539182667 -121.9977483 11
25196 37.7371470167 -84.2914196 1
25198 37.7981731 -122.4040109667 8
25199 44.4600446833 -110.8312585833 5
25200 42.3390583333 -71.09382825 48
25201 37.80044735 -122.4092029833 20
25202 37.8007701 -122.4101788167 31
25203 41.8784684 -87.6320410167 46
25204 42.3950778 -71.1221953667 42
25205 42.2709491167 -88.1983284333 1
25206 35.5626147833 -97.5124101 20
25207 38.9674080827 -95.2351502983 201
25208 41.6004982333 -93.7090863667 3
25209 39.0130655833 -94.5217144333 2
25210 47.5992718667 -122.3329352167 2
25211 47.600484338 -122.3323237896 19
25213 35.5108890167 -97.6431810167 10
25214 37.7339199167 -122.4340679667 35
25215 37.8681848333 -122.2949950667 1
25216 33.0686760427 -96.6936028004 6
25217 32.94600862 -97.00939452 3
25218 37.4445432378 -122.1630132125 11
25219 19.2009363667 -96.1361934333 1
25220 33.5707117167 -117.8346714167 30
25221 41.59961835 -93.6745363833 9
25222 35.5572830333 -97.6391251 29
25223 41.5999941333 -93.6728914833 6
25224 35.5481521849 -97.5295642018 68
25225 40.0191540631 -105.2773931623 61
25226 28.5210668833 -81.5880977333 8
25227 37.8272301833 -122.2570721833 19
25228 33.5412963031 -117.6633810997 2
25229 37.86926735 -122.2917539833 1
25230 42.3424784167 -71.0966357 5
25231 41.94644715 -87.6731053667 7
25232 35.5254484978 -97.544734776 60
25234 41.58656025 -93.6601373333 4
25235 42.0973770333 -88.2785105167 3
25237 37.9019737833 -122.0594390167 9
25238 40.0397597167 -76.3624628833 5
25239 42.34132025 -71.0975003833 2
25240 42.3433785333 -71.0940954333 7
25241 42.3432162333 -71.0933668333 7
25242 41.5857005833 -93.6611851333 14
25243 42.3450569447 -71.0859954357 9
25244 41.58211005 -93.70372355 2
25245 47.2442874 -122.4393399 13
25246 37.37664745 -122.0302153833 25
25247 47.2444473 -122.439156 3
25248 34.00597875 -81.0358941 11
25249 37.3775834303 -122.0301246643 80
25250 42.3426066196 -71.0853946209 16
25251 47.6613753167 -122.3254327333 4
25252 32.8699951 -96.7676255 11
25253 31.5488526548 -97.1179282665 15
25254 37.83790715 -122.3078918667 5
25255 33.9855168633 -80.988382978 56
25256 45.5524951996 -122.6806139946 20
25257 3.0704954147 101.6507220268 53
25258 37.7827387167 -122.3926699833 27
25259 35.652716 -97.5098722833 3
25260 -28.8054308119 153.2783746719 2
25262 52.1347862667 -0.4755644833 9
25263 51.8801205242 -0.4156672955 14
25264 51.5164259333 -0.2054124 10
25265 33.0660050833 -96.7455163667 2
