900 202 698 90 19.575555555555557 151 523
30121 35.5120945333 -97.6259519833 8
30122 48.0760629833 -122.18078635 81
30123 37.89629965 -122.0599038333 14
30124 36.1143490387 -79.8353978147 3
30125 39.8088736667 -105.5296846333 1
30126 47.6742787833 -122.2649828833 4
30127 35.87446845 -78.5408231167 17
30128 32.86368535 -96.8052245333 24
30129 35.87424475 -78.5399252 29
30130 35.7822886333 -78.6662786333 2
30131 35.87471155 -78.5394878 1
30132 35.5110048167 -97.6188243833 11
30133 39.8095168167 -105.5298876 1
30134 48.0768925 -122.1813779667 12
30135 35.8751087333 -78.5403368833 12
30136 61.1452246167 -149.8775126667 1
30137 47.6683642667 -122.3820312167 3
30138 36.1143579528 -79.8354117118 25
30139 34.0721042983 -118.3585640788 8
30140 47.6691520167 -122.38229565 3
30141 42.5210341167 -70.89631605 14
30142 35.8947320333 -78.5077358167 1
30143 35.8935046167 -78.5094119667 78
30144 32.6598566833 -97.1359954 2
30146 35.8931145667 -78.51042815 1
30147 32.7304860833 -97.33391995 82
30148 35.8930664 -78.51060525 2
30149 46.7837621052 -92.1024195665 1
30150 47.6687254667 -122.3842774833 24
30151 35.8930512667 -78.5119194833 3
30152 41.2881106167 -72.6806308667 16
30153 32.8623059333 -97.3117640833 6
30154 35.7867305167 -78.6639775667 3
30155 47.7328390667 -122.29220385 7
30157 27.5679739 -99.4961667167 8
30158 47.6686607167 -122.38634735 4
30161 27.5668097833 -99.4979932 5
30163 39.9107259333 -75.05790115 8
30164 47.6163469998 -122.2019335628 35
30165 27.5668540167 -99.49825085 4
30166 47.7538078333 -122.2797898333 2
30167 47.6682462833 -122.3857995667 17
30168 47.7522916667 -122.2800470167 17
30169 48.0754717833 -122.181397 15
30170 40.7424087524 -73.984916687 23
30171 43.6726583877 -79.2873493905 5
30172 35.8237715167 -78.5876510333 11
30174 48.0751528833 -122.1748008667 6
30175 35.8501872813 -78.5800659657 2
30176 30.5351887942 -97.6939916611 34
30177 48.0753798833 -122.17363825 5
30179 39.2501892667 -84.2973136167 3
30180 49.2319532333 -123.03295365 3
30181 38.98098364 -77.0975598398 203
30182 37.8693230298 -122.2617280483 14
30183 40.6855478 -73.9811236667 10
30184 28.3804418606 -81.5365576744 33
30185 49.263687893 -123.1145015359 5
30186 33.85614095 -84.59149225 2
30187 41.29511665 -72.3768730667 16
30188 49.2304415167 -123.0054374833 11
30189 49.262959741 -123.1145203114 30
30190 33.1216450167 -117.0863179 26
30191 45.5172754222 -122.68942789 3
30194 40.1658531499 -105.1026417916 15
30195 30.5163678134 -97.6863902807 8
30196 29.7411704 -95.3739452333 34
30197 41.2881788 -72.3801070333 34
30198 37.7940827071 -122.4162870996 11
30199 38.440106308 -122.7125453917 8
30200 32.6850963333 -97.4143891167 10
30202 32.836688154 -97.18334198 62
30203 42.3625334285 -71.0989336161 4
30204 42.3408254 -71.0820259 2
30205 34.0345343 -118.6792714167 5
30206 37.3901639667 -121.9842183667 8
30207 33.8375553759 -84.3742388407 17
30208 37.3124570333 -121.90722795 2
30209 47.6152910852 -122.203899622 171
30210 39.7492274703 -104.9996316433 2
30211 39.0143034 -94.5758574 4
30212 29.5836759667 -95.0985945667 8
30213 30.0728554333 -95.7748644333 2
30214 39.9509651846 -75.1443665226 17
30215 37.3128046667 -121.86961875 1
30216 34.0452944901 -118.4519425035 5
30217 32.8500172833 -96.8215442 28
30218 37.762634505 -122.3965384769 20
30219 49.2809643487 -123.1138658524 23
30220 27.5749214058 -99.471293585 2
30221 30.0080763011 -95.283805738 3
30222 49.2796345286 -123.1141233444 16
30223 40.7442998059 -73.9968000717 20
30225 49.2797255174 -123.1155824661 102
30226 37.811936907 -122.2663414478 16
30227 49.2798763333 -123.11607135 4
30228 37.8437579175 -122.2517560178 2
30229 42.3725768899 -71.1193057895 31
30230 45.5628327167 -122.6210281 2
30231 49.2803189333 -123.1180184 10
30232 37.7859157735 -122.412870104 98
30233 37.3226421167 -121.9489802167 12
30235 42.099347688 -87.73425264 1
30236 48.0536042459 -122.1428717434 4
30237 42.2805042799 -83.7473575797 40
30238 49.2812128111 -123.1202280521 1
30241 33.1353230667 -117.3317133833 8
30242 29.9821107167 -95.2812123667 5
30243 37.8003237733 -122.4090886116 63
30244 33.77437185 -118.0075704 4
30245 49.2755888554 -123.1208449602 44
30246 47.542910172 -122.0500668883 14
30247 37.7602288227 -122.4214969641 15
30248 46.7858335655 -92.1018051573 3
30249 40.7863144898 -73.9505733057 3
30250 47.2552870319 -122.4746436863 16
30251 38.7750550667 -93.6226727167 1
30252 40.7555568903 -73.991347528 5
30253 35.5221325496 -97.5456440449 91
30254 35.9784378333 -78.5374582333 2
30255 3.1199706167 101.6219967667 3
30256 34.0980173707 -118.2867463258 29
30257 33.1264831667 -117.25332305 1
30259 3.1204777633 101.6213464737 3
30260 33.8338040981 -118.3477413654 52
30261 32.7763146089 -96.8079971181 43
30262 33.8332910448 -118.3475226346 10
30263 33.2588402333 -96.6548504667 2
30264 48.4218969 -123.38033725 27
30265 47.04572765 -122.8950402833 10
30269 35.9162891333 -78.4703698333 1
30271 37.4469223022 -122.160369873 54
30275 35.91687065 -78.4663091333 1
30276 35.9171388167 -78.4650445667 15
30278 35.9169759667 -78.4631315 3
30282 35.9443622167 -78.5047919667 13
30284 35.9505415167 -78.5144013167 2
30285 35.9505750667 -78.5135769333 1
30286 40.3616356667 -74.9504184667 2
30288 53.5976276833 -113.5706927833 3
30289 39.754572531 -104.9908661842 6
30290 47.0453588667 -122.8989531 19
30291 35.9468033167 -78.5354765333 15
30292 35.9467949167 -78.5360641333 5
30294 35.9446722667 -78.5423673333 4
30295 35.94235845 -78.5421260667 11
30297 37.7763223333 -122.4205770833 44
30298 33.50018575 -86.80043205 12
30299 40.2279518833 -74.9371838833 15
30301 34.01403642 -118.2878851891 55
30302 37.7839436084 -122.4046576023 193
30303 19.6389807167 -155.9935621333 3
30304 32.7987826 -96.7675868667 4
30305 41.4117267667 -81.6405220167 8
30307 39.91309875 -75.05643695 10
30309 40.7620046167 -73.9254687833 8
30310 30.2842358333 -97.7436489833 5
30311 32.8186620833 -96.8339357167 3
30312 32.6986670851 -117.1687924862 51
30313 -37.8034517333 144.9837840167 5
30315 50.6320879 3.0607230167 5
30316 50.6321040167 3.0616781167 3
30317 50.6330021833 3.0625507333 1
30318 50.6330003333 3.0625495167 4
30319 45.5226083495 -122.6823735237 25
30320 39.7256715667 -104.9782683333 14
30321 51.4180988833 -0.1784192667 7
30322 -27.4652254333 153.0134359333 14
30323 36.114415 -115.1601816 14
30324 -27.4666951646 153.0186965412 11
30325 -27.4662462167 153.0468618 3
30326 51.4572923667 0.1405778667 3
30329 48.4273986816 -123.3656616211 48
30330 37.8681035667 -122.25644565 8
30331 59.333589361 18.0245066344 3
30332 1.3309080167 103.93448175 3
30333 50.1084964739 8.7506115617 3
30334 3.1305746495 101.6265070438 92
30335 51.0468594005 0.5124145746 1
30336 51.0466707167 0.5119987833 3
30337 51.5418527167 -0.1012777167 4
30338 51.0472641019 0.511623323 1
30339 51.0472759057 0.5115187168 1
30340 53.5656559071 -0.1025408506 1
30341 51.0472927682 0.5113738775 1
30342 51.0473034833 0.50995485 1
30343 51.0472050832 0.5097001791 1
30344 51.0474237 0.5100486 1
30345 51.0473171333 0.5097242667 1
30346 52.3632888136 4.8426714386 7
30347 51.047197 0.5094424333 1
30348 51.0472347833 0.5095193667 1
30349 51.0472347833 0.5095193667 1
30350 51.0472347833 0.5095193667 1
30351 51.04763335 0.5094288167 1
30352 51.0476855167 0.5091563 1
30353 51.0476540667 0.50891075 1
30354 51.0476836833 0.5090962333 1
30355 51.0476175833 0.5093989333 1
30356 51.0475232167 0.5094021 1
30357 51.0474557333 0.5094945333 1
30358 51.0476350752 0.5096518993 1
30359 51.0475318167 0.50984295 1
30360 51.0475156667 0.5099243333 1
30361 51.0475704 0.5099715 1
30364 35.0475360833 25.9870146 1
30365 51.04783035 0.5104676 1
30366 51.0475372734 0.5102553964 1
30367 51.0473865333 0.5103474667 1
30368 51.04730395 0.5104699167 1
30369 51.04726905 0.5105301 1
30370 51.0472642167 0.5106144667 2
30371 51.0474647651 0.5105289817 1
30372 51.0474395167 0.5106726167 1
30373 51.0474016333 0.510725 1
30374 51.04725445 0.5108830333 1
30375 51.0473367833 0.51094395 3
30376 51.5132225333 -0.1388926 12
30377 51.5410308838 -0.1148300171 18
30378 50.8315091667 -0.1108882 2
30380 1.3528752295 103.9442198658 42
30381 51.5134831333 -0.1385388167 10
30382 37.7982191167 -122.4113483 37
30383 55.7139851242 13.1598722935 223
30385 51.4991260333 -0.2980581 6
30386 51.5116404347 -0.1372218132 30
30387 51.5202919833 -0.13260425 6
30388 53.5910198333 -2.2974541333 1
30389 1.3525764899 103.944543372 14
30391 50.6369882167 3.0719733667 4
30392 50.6366392833 3.0731828333 1
30394 51.1715505468 0.550070107 14
30395 50.6333402333 3.0763992333 1
30397 51.5610754167 -0.1158809667 4
30398 51.1642698057 0.5527845025 1
30399 51.5128778248 -0.1388467156 8
30403 50.6289782 3.0748711 1
30404 51.5096135333 -0.3057865333 3
30406 51.5431282833 -0.11326045 15
30408 50.6270211833 3.0723502333 3
30410 51.5124076333 -0.3034173167 3
30413 51.5289563 -0.0701373167 19
30414 51.5005616936 -0.1930439472 10
30415 59.4210846757 17.8587913513 467
30417 53.37207755 -1.4991212833 7
30420 51.5051540333 -0.3061321667 1
30422 50.6314950333 3.0683741 1
30423 41.5928987167 -93.6741277167 1
30424 34.0387529833 -118.55287995 28
30425 42.520774221 -70.8890460589 20
30426 42.5519268333 -70.8827054167 4
30427 52.0895469163 5.1101016998 571
30428 51.5620902667 -0.08817845 14
30429 42.2846810167 -83.74513745 34
30430 37.9779257667 -87.5644641167 19
30431 51.1055226833 -0.0862855667 1
30432 47.3781778812 8.5394239426 749
30433 48.7273605 5.2612870667 1
30434 38.9015870333 -77.0611839167 34
30436 35.5647251785 -97.4993062019 95
30437 53.4518802 -6.1523621333 1
30438 51.1812109833 -1.8289318167 2
30439 43.0749181 -76.1679840167 7
30440 51.7152476383 0.2453452482 2
30441 39.0140178667 -94.5837001 14
30442 40.9849551833 -74.1392951667 31
30443 1.3536605667 103.9451524667 44
30444 50.841497944 -0.1219949126 5
30446 38.9861073667 -94.8610200333 8
30447 25.73961395 -80.1694099333 7
30448 52.09591365 4.3963576 4
30449 35.8449167 -78.6799972 1
30451 30.2743798667 -97.8013085667 16
30452 38.5936570667 -78.3811570167 2
30453 30.4002641667 -91.0498456333 1
30454 50.8405155709 -0.1228290796 1
30455 51.5139269652 -0.302172778 9
30456 53.1654247167 6.9781074833 6
30457 37.2158462333 -93.2239979333 89
30458 43.0679514833 -76.1737994 141
30459 51.17955695 -1.8263303 4
30461 52.3669798604 4.8885685859 6
30462 30.2683364699 -81.5098403213 4
30463 42.2415107056 -83.7484648125 240
30464 51.4597014643 -0.1666798966 5
30465 35.9095395667 -78.9400072667 5
30466 32.3502013388 -99.7761046886 7
30467 29.8756975167 -95.6445761333 2
30468 27.7937698833 -82.6464934667 4
30469 29.9383778333 -95.2740522333 5
30471 39.7556812833 -104.9891363333 51
30472 35.7993667833 -78.81600545 5
30473 42.8913174509 -85.4464030266 17
30474 41.9355192213 -87.6700723171 9
30475 28.0994292833 -80.6213436333 1
30476 30.2374632833 -97.8412116667 14
30477 51.5362935667 -0.1030404333 11
30479 32.4250843333 -97.7671478333 2
30480 38.9942668167 -77.0325717333 10
30481 47.6052129629 -122.314241818 4
30482 38.767594337 -9.096776247 103
30483 29.9643673833 -90.0857673333 6
30484 37.8910978 -122.1188169833 6
30486 39.0424848861 -94.5945734289 35
30487 32.808386 -96.8020461333 29
30488 33.5555671215 -117.1992409229 25
30489 39.0913211 -94.428438 3
30490 48.1563344333 11.5842058833 7
30491 27.7812021833 -82.6385730333 10
30492 39.0093228667 -94.8397889 73
30493 40.7608867614 -73.9995997772 9
30494 40.48324025 -79.9169753667 1
30495 35.2216775399 -97.4810993671 17
30496 52.72844795 -1.1397252333 3
30498 50.7272264064 -1.864156723 57
30499 42.5208429734 -70.8898632836 15
30500 51.5219421145 -0.0465202332 3
30501 27.5664752667 -99.4994165667 6
30502 50.8196420322 -0.1385951042 4
30503 49.8140573667 6.4199998 1
30504 27.5536625667 -99.4940399667 24
30505 41.4817713667 -75.6897711 4
30506 40.7591668667 -73.92571775 5
30507 27.5556269667 -99.5047957333 3
30508 43.0547853 -76.1194534167 1
30509 53.6560910333 -1.7656617833 3
30510 34.14581235 -118.13602945 11
30511 49.8127194728 6.4205112552 2
30513 35.4703169933 -97.5146779418 29
30514 38.9934034 -94.7122824 7
30515 51.5428742667 0.0010046167 5
30516 35.51129615 -97.6028989333 4
30517 40.3783659 -105.5176751167 6
30520 39.1961121333 -84.2376073 17
30521 40.6417764167 -111.9747431833 3
30522 30.265965627 -97.738762027 146
30523 33.9642884 -84.41154 3
30524 27.8893191667 -82.8493234667 3
30525 50.6346339833 3.0678827333 3
30526 50.8194361705 -0.1277997841 3
30527 37.7742413667 -122.4442890667 25
30528 35.175395 -80.79576 21
30529 47.6019103667 -122.2847518833 7
30530 33.7816347 -96.6100597333 7
30531 42.67677325 -83.7520987333 2
30532 25.7340118167 -80.2285515333 8
30533 32.9642848436 -97.044743451 7
30534 32.8808081167 -96.89477675 23
30535 37.77510235 -122.43783785 65
30536 33.7648065213 -84.3502056599 46
30537 50.63272105 3.0716915667 3
30538 37.8343357703 -122.2502052784 15
30539 32.8924234 -97.10120675 50
30541 51.0446205333 0.5285388 1
30542 42.2633816178 -71.7903824824 5
30543 32.8814469333 -97.0997858333 7
30544 50.6336939667 3.0728379 2
30546 36.15290105 -86.7908277167 11
30547 45.5346273 -122.8776182 1
30548 32.8798785333 -97.0970964167 38
30549 51.5057732167 -0.21166245 1
30550 53.2142360614 6.5662059188 5
30551 29.9750659833 -90.1712496167 5
30552 50.6317584167 3.0708956333 2
30553 35.81535285 -78.6259352167 10
30554 50.6314729667 3.0721872833 1
30555 50.6352385167 3.0599764167 6
30556 33.1986181667 -117.3727894333 7
30557 50.6307744167 3.0726552 1
30559 33.3999096204 -86.8053817749 4
30561 38.9926722167 -94.8566362167 1
30563 50.63020615 3.07476555 2
30564 50.6368131167 3.0551309 3
30565 35.5974448667 -97.56693795 5
30566 50.6306844167 3.0743631167 1
30567 50.6306066 3.07390435 1
30568 50.6377514333 3.0544253167 3
30570 50.6378490667 3.0536670667 3
30571 50.6299749 3.0719363667 1
30572 50.62982805 3.07144915 1
30573 29.1759464949 -81.0296461759 19
30574 50.6355885167 3.0569128833 4
30575 33.9079208331 -84.6013641404 2
30577 42.42624135 -76.5108790167 1
30578 50.6293206833 3.06988075 1
30579 50.8883249333 0.5508224 3
30580 35.9828035333 -78.5115307833 1
30581 25.8855198277 -80.1236261383 3
30582 50.6337297333 3.0553078667 37
30583 35.2784800333 -120.6642891167 17
30584 36.0261359833 -115.1194310167 98
30585 35.9821829 -78.51359225 3
30586 33.777933849 -84.3529208161 26
30587 32.97748265 -96.7186594 45
30588 50.6321784 3.0545015833 14
30589 35.4703781575 -97.5153672695 21
30590 40.48337865 -79.9210703667 24
30591 50.6304090667 3.0565439333 4
30592 37.3597533833 -77.4156992167 2
30593 50.8996938 -1.3960009667 3
30595 35.1124708681 -89.8680245876 6
30596 37.7954406258 -122.2704613209 37
30598 50.89865555 -1.3963532667 1
30599 30.3950264 -97.7481603 31
30600 35.1047779455 -89.8681747913 5
30601 49.8133791333 6.42082395 1
30602 49.2156628737 -123.1139945984 2
30603 52.1928507002 5.4334688187 23
30604 50.8978529167 -1.3970469667 1
30605 32.9471224 -96.6991747833 5
30606 40.7850828862 -73.9558019885 6
30607 50.8977167 -1.397545 2
30609 35.9131251167 -78.77999 8
30610 39.7945211333 -86.0452839167 1
30611 29.9338161 -95.2513203833 7
30612 25.7284371333 -80.2440300333 2
30613 30.111518 -97.2934446167 20
30615 50.89804205 -1.3982615333 5
30616 38.8051387312 -77.0481114071 13
30617 50.8983382167 -1.39896905 2
30618 50.6284429833 3.0679516167 1
30619 50.8992999167 -1.3996779 2
30620 33.5082817741 -82.107974674 1
30621 40.81730705 -74.2114267 2
30622 30.2994634198 -97.7406996489 29
30624 40.7170404 -74.2860373 24
30625 37.3881713833 -122.0843438667 114
30626 36.02919025 -83.8801541333 3
30627 35.3924081 -97.5206314167 22
30628 48.4449312553 -123.3346116543 100
30629 30.4308345333 -97.76406705 29
30630 47.1845844728 -122.287747069 4
30631 47.5969531838 -122.3339727843 63
30633 40.836986211 -74.0918503882 1
30634 50.8995879667 -1.403344 2
30635 42.6508316 -74.0064115667 2
30636 42.9860424333 -81.16725005 1
30637 32.9532511105 -96.8270802498 6
30638 50.85421155 0.5791998833 4
30639 37.3893748 -122.0830562833 14
30641 37.2164885 -93.26216115 9
30642 50.902680999 -1.4041793346 5
30643 32.79405895 -96.8026065667 22
30644 33.9994523667 -81.0377856667 8
30645 42.2254012833 -88.3105385333 8
30647 50.8267180549 -0.1381112204 7
30648 50.9038176778 -1.4064216614 90
30649 39.9465509 -74.8627868833 14
30650 37.2871619833 -121.94494135 17
30651 39.47646125 -105.0739213667 1
30652 33.4967604 -117.6622053833 5
30653 47.6724904667 -122.104725 41
30654 50.9061112487 -1.4058852196 12
30656 35.7629614333 -78.7286948667 5
30657 37.753574021 -122.4185818191 13
30658 38.804056164 -77.0437602538 14
30660 30.338787416 -97.9710960388 5
30661 39.9160528833 -86.1096645667 12
30662 50.9069760333 -1.4057461 3
30663 50.9070219833 -1.4055183333 4
30664 38.1577429967 -122.4519395828 27
30665 50.907226 -1.4063390333 6
30666 37.7703246205 -122.4452126026 123
30667 43.6414689167 -79.3853071 22
30668 32.8502507667 -97.239116 6
30669 33.7520304959 -84.3232842462 7
30670 50.907742 -1.40796705 2
30671 33.7670541203 -84.3562889099 10
30672 41.6765540487 -86.2514278293 5
30673 29.7531633821 -95.3595685959 77
30674 50.9085893333 -1.4066345167 2
30675 37.77658065 -122.2770816167 16
30676 37.77351275 -122.4504290667 3
30678 50.90798395 -1.40561655 8
30680 30.3087739636 -97.7503931522 36
30681 47.25834225 -122.4373869 3
30682 35.7396111674 -78.7789839506 9
30683 41.9654406667 -87.6581318667 10
30684 21.2637706174 -157.8216290474 28
30685 49.2839598121 -123.0998969078 19
30687 50.9030430333 -1.40277065 25
30688 43.645117 -79.3838292833 21
30689 32.8268094833 -96.8227869167 5
30690 33.64052685 -86.62643335 2
30691 50.6356034 3.0617804 7
30692 34.1015855019 -118.3358054004 13
30693 35.5120082667 -97.61924075 7
30694 30.4633649333 -97.6659149667 48
30695 50.63525385 3.0620431667 2
30697 35.6098575909 -97.5576625804 76
30698 30.3799745408 -97.9442739487 14
30699 37.6235029 -77.5869032667 2
30700 42.9894765667 -81.2294007333 9
30701 27.9645936853 -82.5207138062 121
30702 42.2273257 -88.31483945 32
30703 27.964138831 -82.5197696686 145
30704 43.6474728909 -79.3862843513 27
30705 47.59922425 -122.3042689833 11
30706 43.6468433582 -79.3864442236 39
30707 50.63275765 3.0628825667 2
30708 35.6109120167 -97.56641365 91
30709 50.6316610915 3.0607223511 9
30711 35.9519577 -78.9881241333 5
30713 25.7494893237 -80.2588082623 6
30714 43.6507256625 -79.3856835365 14
30715 34.0190717333 -118.4547814 53
30716 35.6131084833 -97.5678432833 28
30717 25.7493127382 -80.2579887171 11
30718 40.3933012167 -74.6687726167 3
30719 29.8888953667 -97.9427180167 5
30720 43.6517036833 -79.3853999667 15
30721 39.9999084021 -105.2610370517 10
30722 45.5183730333 -122.9742889 1
30723 37.7811360667 -122.3944507833 125
30724 29.8882251218 -97.9343390465 20
30725 42.22718595 -88.3126330333 2
30726 47.6402104833 -121.9026046167 3
30727 43.6518144319 -79.3813954897 10
30728 29.8927590667 -97.9303841833 13
30729 40.7235521833 -74.0354831833 2
30731 33.5423721262 -117.6924312958 4
30732 25.7498225333 -80.2565953667 15
30733 21.3870295 -158.0329019333 11
30734 29.892238 -97.9222811333 4
30735 35.6078883309 -97.5529289246 27
30736 25.6918182 -80.3050958 3
30737 33.6733252252 -117.8759032488 34
30738 33.0337977404 -96.7008662224 51
30739 30.2417285333 -81.5296603833 1
30740 33.46122825 -117.70647485 10
30741 35.22096935 -80.7716542667 1
30742 42.2276657833 -88.3123289667 3
30743 55.8587772247 -4.2454404133 1
30744 33.9627541 -80.9408469667 6
30745 42.2277302333 -88.3128182167 2
30746 32.4774016035 -88.7866973877 5
30747 35.7157596959 -78.6382162571 4
30748 30.5254391217 -97.6327300072 90
30750 38.9706173381 -95.3068629136 6
30751 35.9111502333 -79.0607047667 28
30753 45.5354547667 -122.7003853333 19
30754 38.928895962 -95.2574384526 11
30755 37.3251576879 -121.9465255737 170
30756 42.2276622667 -88.3088755833 8
30757 49.2844868167 -123.1436355833 12
30758 30.2762482167 -97.7729394 114
30759 41.8294674 -72.481935 7
30760 30.1412803 -90.9336520167 2
30761 33.8864242833 -118.4108581 20
30763 35.1183772057 -89.9449235201 5
30764 37.8014066167 -122.2635466167 6
30765 35.606998604 -97.5498819351 78
30766 40.7644376008 -73.9755606651 10
30767 37.3324168167 -121.8560288667 8
30768 33.6510344333 -117.74371915 42
30769 25.6906222852 -80.3121829033 62
30770 41.3274241167 -71.9054381833 2
30771 37.3279287167 -121.9311273 40
30772 42.37111055 -71.1207288667 2
30773 27.9643852107 -82.5214219093 7
30774 34.1028323668 -118.3391556144 13
30775 27.8449847 -82.6469773 7
30776 47.6647955569 -122.3411274195 7
30777 40.7291650351 -73.9815220372 15
30778 37.4606202793 -122.1382498741 190
30779 33.3737244968 -86.8422460556 13
30780 38.3010129667 -122.2821683 30
30781 37.8709197667 -122.2696523 6
30782 38.3013339167 -122.2813852667 23
30783 25.69187287 -80.3051216271 10
30784 32.8604324 -97.3168347667 15
30785 38.8968092 -77.0959689667 9
30786 25.0841996637 55.1460027695 13
30787 37.7996045088 -122.4082024998 50
30788 33.4899962167 -82.0806941667 28
30789 39.94771065 -75.1540074833 17
30790 33.1206988175 -96.8046396472 19
30791 33.0123837333 -96.6141423333 12
30792 35.5606918333 -97.6524819167 3
30793 35.5618289833 -97.64946445 5
30795 35.56170175 -97.651744 13
30796 37.78636625 -122.4398894667 10
30797 41.8852861151 -87.6271145718 4
30798 25.7905007167 -80.13865795 4
30799 35.5628560667 -97.6534802667 56
30800 38.9256856428 -95.2628660471 34
30802 47.6403270667 -121.9033585833 3
30803 38.9327683333 -92.3984656833 1
30804 34.016802141 -80.9877884388 14
30805 48.4148596667 -123.3559770217 2
30810 38.9326384333 -92.3983616667 1
30811 37.7859446928 -122.4399018288 12
30812 47.6394282167 -121.9021572 16
30813 35.0891669667 -114.59791995 2
30814 38.9327656949 -92.3983561993 2
30815 37.7754834833 -122.4095811667 1
30816 38.6352389069 -90.2651285265 34
30817 48.6875040995 -123.4108829498 111
30818 42.2589732167 -88.3711594167 5
30819 21.2897890014 -157.8397172293 8
30820 42.3523597743 -71.0656750202 8
30821 27.9647358269 -82.5218617916 4
30822 49.2772897584 -123.1267619133 19
30823 33.8299415667 -118.0869306667 4
30824 47.6399188833 -122.3294316 8
30825 37.2220970833 -121.9830544667 52
30827 40.0337409333 -75.1219056167 1
30828 37.7755939 -122.4975749 3
30829 37.7862851667 -122.4400050167 2
30830 25.7903865833 -80.1362464833 125
30832 41.9432578 -87.6805269833 2
30833 25.7504222833 -80.2317330667 2
30834 40.0749619333 -75.0838054167 2
30835 34.42767755 -119.6872317667 26
30836 33.8297374167 -118.0869221333 68
30837 38.0616228167 -78.9343388667 10
30838 35.9062742667 -78.9362163167 5
30839 43.6536570826 -79.3791678517 18
30840 35.2113283833 -97.4439044167 27
30841 55.856941007 -4.2447834837 6
30842 35.0819726333 -114.5952874167 2
30843 37.3764684667 -86.8264119667 1
30844 49.2807834 -123.1319634 1
30845 43.6541671378 -79.3789519098 27
30846 37.2913306215 -121.9902992249 49
30847 38.8859095667 -94.83714065 10
30848 35.9193446146 -78.7940311432 25
30849 42.3509473482 -71.0742056457 8
30851 38.8820079 -94.83582735 4
30852 47.6698163591 -122.3843586445 12
30853 48.08321455 -122.17384865 1
30854 27.5554951167 -99.4952841833 1
30855 43.6558866 -79.3793750333 17
30856 25.7776953167 -80.1311558 8
30857 35.5386301652 -97.5323349237 90
30858 42.0971960167 -76.0062338167 1
30859 42.22528845 -88.2892007 3
30860 43.6557967 -79.3807220667 18
30862 38.8218909167 -94.7513662 3
30863 38.8608288667 -94.8856967 1
30865 43.6571302833 -79.3831534333 9
30866 47.66816605 -122.3836347 1
30867 53.5223496487 -113.6208629608 42
30868 43.6572907833 -79.3836054 5
30869 38.4024049 -122.36189105 45
30870 32.6932046355 -16.7755329609 19
30872 51.9803603396 -0.2288889885 34
30874 41.6978463446 -86.2209445238 4
30876 32.7278331333 -97.5986802333 12
30877 39.0532865667 -95.7435761167 2
30878 52.0531587 -0.0269903 32
30880 49.2737338942 -123.0977833271 17
30881 29.7358626167 -95.5935625333 4
30882 41.9210454712 -87.6640159101 9
30883 39.768647 -104.9006209 8
30886 25.7143816 -80.2759863333 2
30887 37.86950365 -122.26645555 3
30888 40.1374976602 -74.9572598934 17
30889 37.7734195667 -122.45685095 8
30890 41.8814799033 -87.623745203 86
30891 39.06127745 -77.47040355 4
30892 47.6111081441 -122.3342534709 29
30893 49.3723698853 -123.0990386009 6
30894 27.8920177833 -82.7843338833 5
30895 34.1579163533 -118.4408462048 55
30896 37.3365312167 -121.90955145 8
30897 37.7650202 -122.4317964667 36
30898 37.2935922333 -121.9447235833 18
30899 49.36028025 -123.1106113833 2
30900 39.3314332 -76.6322396 2
30901 40.0304107 -76.3175913 1
30902 41.9174687272 -87.6592060694 2
30903 37.2940522833 -121.9442537333 43
30905 30.41858617 -97.74769485 346
30906 35.7704742148 -78.7827202678 10
30907 35.5386165835 -97.5948694159 27
30908 38.9844944 -74.8237601667 4
30909 37.30655 -122.03252095 11
30910 37.2946148833 -122.0334709667 10
30911 52.3907158167 0.266593 12
30912 37.29225115 -122.0327209 3
30914 35.5235134333 -97.6007745167 4
30915 40.5692374271 -89.6268035209 1
30916 49.35621365 -123.1102070667 1
30919 42.22277935 -88.2855811333 5
30920 37.3908474833 -122.0807946 65
30922 42.4627258833 -83.8474445 2
30923 41.59814455 -93.6680116167 2
30924 37.2586845167 -122.0328303333 6
30925 37.2570229 -122.0344480833 9
30926 38.5503123167 -121.7161238333 5
30927 41.9822636542 -87.8089034557 24
30928 37.2560406333 -122.03581795 12
30929 29.7830442333 -95.7503038167 14
30930 38.550121 -121.7156381167 9
30931 37.7792634167 -122.4931601 1
30932 37.2560530333 -122.0354879167 7
30933 34.1446781598 -118.4123986959 39
30934 38.5492552167 -121.7150999167 7
30935 37.3254051053 -121.9439828396 9
30936 30.2984714399 -97.7470140273 4
30937 37.2587138 -122.0324012 11
30938 29.471274 -95.3650019333 2
30939 45.5482618551 -122.61144642 6
30940 49.3420715 -123.1135209667 8
30941 29.47270265 -95.3705070333 1
30942 38.5528915 -121.73044835 1
30943 33.70848465 -117.9892163667 5
30945 37.27962195 -122.0313700333 14
30946 37.0429064714 -93.2851052284 8
30947 42.27449025 -83.7775850333 1
30948 38.55287635 -121.7311343833 1
30949 37.28182595 -122.03136395 1
30950 40.1364395693 -74.9675917625 4
30951 37.879760301 -122.2693251539 11
30952 38.3003463167 -122.2863964833 17
30953 33.7094757833 -118.0174195333 1
30954 35.9856847667 -78.5352411833 5
30955 29.4533301333 -95.3169645833 2
30956 49.3448571 -123.1740521 3
30957 37.2926788833 -122.0318876 5
30958 21.5891514333 -158.1026972833 13
30959 51.0394918087 -114.0683437678 3
30960 38.5610233 -121.7318757 2
30961 40.6873902744 -73.9746637769 2
30962 37.2988396 -122.0319927 17
30963 42.2765625753 -88.4008669853 1
30964 40.6873902744 -73.9746637769 9
30965 40.74557765 -73.9933709333 2
30966 37.3078574467 -122.0318612256 8
30967 37.3121986333 -122.0319853667 8
30968 37.3135193833 -122.0320171167 17
30969 47.6821356333 -122.2594966167 18
30970 37.7674440833 -122.4294269833 84
30971 29.656443 -82.48068185 7
30972 38.6250316833 -122.87680775 3
30973 -33.88565135 151.2068603667 1
30974 37.85823835 -122.24338355 8
30976 35.1087908833 -89.8023297167 3
30977 35.3115707572 -97.4910020828 74
30978 37.3523123452 -121.9694023717 1
30979 49.2558054 -123.1158406167 2
30980 32.5135345459 -93.7330627441 11
30981 29.6523255358 -82.3445919156 24
30983 41.6969250929 -86.2361204624 11
30984 41.9351281436 -87.6465761662 17
30986 42.36289085 -83.0844898833 3
30987 41.696592638 -86.2399506569 11
30988 33.0551031593 -96.7955374718 10
30989 35.6386363 -97.5480549 12
30990 41.69735795 -86.2397936167 2
30991 37.5435299293 -122.270577997 13
30992 47.7403526667 -117.4884389 2
30993 34.85178525 -117.0824192333 10
30994 41.6981026906 -86.2403905392 6
30995 37.824615858 -122.2547758008 8
30996 32.82364865 -96.77064615 62
30997 34.8510372365 -117.0821034908 10
30998 30.2481266 -97.7616034667 30
30999 47.6505939833 -122.35098055 29
31000 47.6613199667 -122.3340082167 10
31001 47.6069234167 -122.3166477 14
31002 38.8803159 -94.8351252833 2
31003 30.3864583616 -91.0635157076 7
31004 40.80849245 -73.9879794167 7
31005 33.6884196167 -117.9531688667 3
31006 49.3283088167 -123.15758805 4
31008 41.7030772019 -86.2404280901 5
31009 47.6518719167 -122.3526570667 50
31010 41.7026606714 -86.239746809 6
31011 47.6518719167 -122.3526570667 33
31012 51.1404181314 -114.0685665607 2
31013 37.7514650501 -122.4302002788 21
31014 47.6519870833 -122.3530116667 17
31015 41.7030131204 -86.2389743328 4
31016 47.6520563667 -122.3532015333 65
31018 41.7019517624 -86.2376868725 18
31019 47.5608011 -122.3866672 42
31020 40.7759886667 -74.01438205 25
31021 41.7020438809 -86.2369814515 1
31022 47.65136675 -122.3544939667 11
31023 41.7022741768 -86.2366193533 1
31024 47.6285201167 -117.3798388 2
31026 41.7024524052 -86.2347847223 5
31027 35.91081215 -79.0701773 10
31028 34.7091017 -82.7894959 151
31029 41.702356282 -86.2341356277 14
31031 34.4032222333 -119.74363595 17
31032 -37.8215778333 145.0364480667 28
31033 51.0385123246 -114.0719079613 28
31034 47.66145245 -122.3386968333 14
31035 47.6612825667 -122.3369431833 5
31037 35.9779679833 -78.5097555167 1
31038 49.2701031319 -123.1347269043 2
31043 34.1815861667 -118.6088825333 14
31047 39.1247096534 -84.5199341824 10
31048 35.9774111667 -78.5097667833 6
31051 47.6608201 -122.3341272833 3
31052 35.9769862167 -78.5101829833 5
31053 35.9768233167 -78.5102020667 1
31054 42.3676471535 -71.0909653636 11
31055 34.1632230343 -118.4490913153 1
31057 34.4379559243 -119.7134149075 18
31064 34.1049760333 -118.2914539 9
31065 35.9869676 -78.5310014333 3
31066 35.98636225 -78.5320844333 3
31068 35.9862519 -78.5322898667 3
31069 35.9857429667 -78.5329235167 7
31070 35.9855852333 -78.5331585 2
31071 35.9857819833 -78.53365615 9
31072 35.9865064333 -78.53352735 11
31073 35.98653605 -78.5341702333 5
31074 35.9855143333 -78.5333486833 2
31075 35.9855508667 -78.5332955833 2
31076 35.9095807833 -79.06569735 1
31077 30.0491696833 -95.2549337333 8
31078 34.061342 -118.3048034 2
31079 35.9862299167 -78.5320557167 2
31080 37.3154500333 -121.9497705333 13
31081 37.7850822833 -122.4325565833 199
31082 47.4391591 -122.2212055833 6
31083 35.6196893612 139.7285413742 210
31086 39.12422495 -84.520135 8
31089 37.4255686833 -122.1507218167 14
31090 2.9211827379 101.65707618 12
31091 37.7934373323 -122.4212599227 1
31092 33.8114566329 -117.9172763228 211
31093 1.2799516838 103.8498822308 21
31094 37.8403262167 -122.2920822333 60
31095 -34.9239641925 138.6065868954 40
31096 1.3364755333 103.9495958667 4
31097 37.9064910225 23.7395215538 1
31098 37.7358949667 -122.5030553333 16
31099 1.2888177667 103.8429891 83
31100 37.9068048 23.73984615 2
31102 37.7882169333 -122.4115493 22
31103 48.21052215 16.4211032333 47
31104 48.2107184906 16.4201402664 25
31106 47.376739372 8.5437369347 53
31108 50.8165599167 -0.1077262167 1
31109 50.8902738344 0.5561721325 1
31110 37.7719489833 -122.4443599167 22
31112 50.8226654167 -0.1399474167 26
31113 50.8233731 -0.1394907333 9
31114 50.8237468 -0.1391664167 9
31115 50.8238220667 -0.1391993833 21
31116 50.8240393833 -0.1391365 8
31117 50.8244944333 -0.1388844 18
31118 50.8255858333 -0.1383427333 57
31119 50.8259707833 -0.1388298667 21
31120 47.3714403 8.53287505 26
31121 50.8266169167 -0.13861195 57
31122 50.8270457333 -0.1392479667 5
31123 50.8283387 -0.1391286667 4
31124 51.0592303333 0.5042632333 1
31125 50.82854915 -0.1397568833 10
31127 51.1089716919 0.430419445 7
31129 37.7883290333 -122.41213225 21
31130 51.1092512352 0.4297891259 3
31131 37.7825759167 -122.4103954333 6
31132 51.5065852667 -0.2053679 3
31133 37.7832356965 -122.3894332362 1
31134 55.66920435 12.5585432167 41
31137 52.9437763429 -1.4747428894 13
31139 30.2847175346 -97.7460161044 3
31140 52.1665026637 4.4823789597 152
31141 51.5224879013 -0.1098833521 17
31143 35.7316288667 -78.6506884 3
31144 35.7357372 -78.6495842833 1
31145 35.8634678 -78.7151429 133
31146 33.751185554 -84.3223099694 3
31147 51.7671028422 -0.2354127717 3
31148 -33.6762316333 151.3039887 1
31149 33.6419396928 -84.4403554842 19
31150 33.6415905033 -84.4423032327 10
31151 51.4865068333 -0.1798460333 2
31152 33.6421220448 -84.4408695646 11
31153 33.6421618786 -84.4408437309 16
31154 33.6421618786 -84.4408437309 5
31155 51.5806965436 -2.7809143066 60
31156 51.51312925 -0.1102577 9
31157 32.9380344167 -97.0021827 5
31158 55.9591467549 -3.1904312968 3
31160 51.52114965 -0.1823887667 1
31161 51.5055504656 -0.0857555866 22
31162 51.9070738333 4.4317743167 2
31163 51.5199486333 -0.1800082667 2
31164 59.9133730223 10.7426511468 3
31165 40.4287838152 -3.6925222515 3
31166 38.8854473227 -77.175572434 6
31167 41.8813985167 -87.6355000667 15
31168 47.20019535 -122.2453673 8
31169 34.6799313667 -82.8388296333 70
31170 35.6458878833 -97.4818133333 32
31171 47.3582750208 8.5230731964 67
31174 35.7871425497 -78.7814193964 3
31175 28.5642385167 -81.3658677333 4
31177 32.7762699442 -96.796964407 30
31178 42.289302313 -71.5601670742 5
31180 48.8718356247 2.3574364185 8
